64 31 63 -1
65 0 48 -1
66 33 65 -1
67 64 66 0
68 15 47 -1
69 17 68 -1
70 65 69 48
71 16 32 -1
72 49 71 -1
73 68 72 16
74 64 71 -1
75 1 74 32
76 0 18 -1
77 1 72 -1
78 76 77 49
79 48 77 -1
80 34 79 1
81 2 16 -1
82 17 66 -1
83 81 82 33
84 32 82 -1
85 50 84 17
86 7 38 -1
87 21 53 -1
88 22 86 -1
89 87 88 38
90 6 54 -1
91 39 87 -1
92 90 91 6
93 5 37 -1
94 23 93 -1
95 90 94 54
96 22 55 -1
97 38 93 -1
98 96 97 22
99 24 55 -1
100 86 99 -1
101 6 100 55
102 9 40 -1
103 23 99 -1
104 102 103 40
105 7 40 -1
106 96 105 -1
107 54 106 7
108 26 57 -1
109 102 108 -1
110 8 109 57
111 24 57 -1
112 39 111 -1
113 105 112 24
114 9 42 -1
115 56 114 -1
116 111 115 9
117 26 59 -1
118 41 117 -1
119 114 118 26
120 11 42 -1
121 25 108 -1
122 120 121 42
123 28 59 -1
124 10 120 -1
125 123 124 59
126 13 44 -1
127 123 126 -1
128 27 127 44
129 30 61 -1
130 126 129 -1
131 12 130 61
132 15 46 -1
133 29 129 -1
134 132 133 46
135 14 132 -1
136 16 135 -1
137 63 136 63
138 11 44 -1
139 58 117 -1
140 138 139 11
141 28 61 -1
142 43 138 -1
143 141 142 28
144 13 60 -1
145 141 144 -1
146 46 145 13
147 143 145 -1
148 131 133 -1
149 147 148 60
150 125 128 -1
151 147 150 27
152 13 45 -1
153 62 152 -1
154 148 153 29
155 31 153 -1
156 14 155 62
157 30 152 -1
158 63 157 -1
159 46 158 30
160 145 157 -1
161 128 131 -1
162 160 161 12
163 14 133 -1
164 160 163 45
165 47 157 -1
166 153 163 -1
167 165 166 14
168 0 165 -1
169 155 168 47
170 119 140 -1
171 13 150 -1
172 170 171 58
173 110 122 -1
174 44 170 -1
175 173 174 25
176 140 143 -1
177 161 176 -1
178 30 177 43
179 113 116 -1
180 173 179 -1
181 11 180 56
182 122 125 -1
183 61 182 -1
184 176 183 10
185 116 119 -1
186 141 183 -1
187 185 186 41
188 104 110 -1
189 59 185 -1
190 188 189 8
191 156 159 -1
192 74 137 -1
193 191 192 15
194 48 135 -1
195 31 68 -1
196 194 195 31
197 107 188 -1
198 26 197 -1
199 113 198 39
200 104 179 -1
201 42 101 -1
202 200 201 23
203 34 78 -1
204 17 203 -1
205 3 75 -1
206 204 205 34
207 51 82 -1
208 204 207 -1
209 73 208 18
210 50 83 -1
211 72 210 -1
212 35 67 -1
213 211 212 2
214 19 77 -1
215 70 211 -1
216 214 215 50
217 37 52 -1
218 20 217 -1
219 64 218 -1
220 6 219 -1
221 21 220 37
222 53 219 -1
223 97 222 5
224 19 51 -1
225 32 217 -1
226 224 225 -1
227 4 226 4
228 20 36 -1
229 0 228 -1
230 224 229 -1
231 5 230 36
232 3 35 -1
233 228 232 -1
234 53 233 -1
235 48 234 20
236 4 21 -1
237 232 236 -1
238 16 52 -1
239 237 238 52
240 68 236 -1
241 36 240 -1
242 37 54 -1
243 241 242 21
244 86 89 -1
245 241 244 -1
246 5 245 53
247 3 34 -1
248 81 240 -1
249 19 239 -1
250 248 249 -1
251 247 250 19
252 224 232 -1
253 37 252 -1
254 218 251 -1
255 253 254 51
256 50 64 -1
257 18 256 -1
258 3 51 -1
259 257 258 -1
260 36 259 3
261 252 259 -1
262 4 261 35
