64 0 48 -1
65 15 47 -1
66 18 64 -1
67 65 66 47
68 16 32 -1
69 50 68 -1
70 65 69 15
71 31 63 -1
72 2 68 -1
73 71 72 63
74 34 64 -1
75 71 74 31
76 30 62 -1
77 65 76 -1
78 31 77 -1
79 1 78 62
80 33 77 -1
81 63 80 30
82 14 46 -1
83 71 82 -1
84 15 83 -1
85 17 84 46
86 49 84 -1
87 65 86 14
88 29 61 -1
89 82 88 -1
90 32 62 -1
91 89 90 29
92 0 30 -1
93 89 92 61
94 13 45 -1
95 76 94 -1
96 48 95 -1
97 46 96 13
98 14 95 -1
99 16 98 45
100 12 44 -1
101 88 100 -1
102 45 101 -1
103 63 102 12
104 13 101 -1
105 31 104 44
106 27 59 -1
107 100 106 -1
108 14 28 -1
109 107 108 59
110 46 60 -1
111 107 110 27
112 28 60 -1
113 94 112 -1
114 47 61 -1
115 113 114 28
116 29 113 -1
117 15 116 60
118 10 42 -1
119 106 118 -1
120 43 119 -1
121 61 120 10
122 29 119 -1
123 11 122 42
124 11 43 -1
125 112 124 -1
126 12 125 -1
127 30 126 43
128 44 62 -1
129 125 128 11
130 25 57 -1
131 118 130 -1
132 12 131 -1
133 26 132 57
134 44 131 -1
135 58 134 25
136 8 40 -1
137 130 136 -1
138 9 27 -1
139 137 138 40
140 41 59 -1
141 137 140 8
142 26 58 -1
143 124 142 -1
144 45 143 -1
145 59 144 26
146 94 145 -1
147 106 146 58
148 9 41 -1
149 142 148 -1
150 42 149 -1
151 60 150 9
152 10 28 -1
153 149 152 41
154 24 56 -1
155 148 154 -1
156 11 25 -1
157 155 156 56
158 124 157 -1
159 130 158 24
160 23 55 -1
161 136 160 -1
162 10 24 -1
163 161 162 55
164 154 163 -1
165 118 164 23
166 6 38 -1
167 160 166 -1
168 57 167 -1
169 39 168 6
170 7 167 -1
171 25 170 38
172 7 39 -1
173 154 172 -1
174 58 173 -1
175 40 174 7
176 8 142 -1
177 174 176 39
178 22 54 -1
179 172 178 -1
180 9 23 -1
181 179 180 54
182 41 55 -1
183 179 182 22
184 1 68 -1
185 49 184 -1
186 0 19 -1
187 185 186 32
188 35 185 -1
189 48 188 16
190 33 64 -1
191 17 190 -1
192 32 51 -1
193 191 192 0
194 16 191 -1
195 3 194 48
196 5 37 -1
197 178 196 -1
198 6 24 -1
199 197 198 37
200 154 199 -1
201 166 200 5
202 21 53 -1
203 166 202 -1
204 22 203 -1
205 8 204 53
206 136 178 -1
207 205 206 21
208 50 72 -1
209 191 208 -1
210 20 184 -1
211 209 210 33
212 36 68 -1
213 49 212 -1
214 209 213 17
215 34 66 -1
216 185 215 -1
217 52 216 -1
218 190 217 1
219 4 17 -1
220 216 219 -1
221 64 220 49
222 3 35 -1
223 20 52 -1
224 222 223 -1
225 22 224 -1
226 219 225 35
227 54 213 -1
228 68 224 -1
229 227 228 3
230 196 223 -1
231 21 72 -1
232 7 231 -1
233 230 232 52
234 53 74 -1
235 39 230 -1
236 234 235 20
237 186 208 -1
238 35 237 -1
239 234 238 -1
240 51 239 2
241 18 237 -1
242 5 241 -1
243 222 242 50
244 192 215 -1
245 37 50 -1
246 244 245 -1
247 222 246 18
248 3 231 -1
249 244 248 -1
250 19 249 34
251 4 212 -1
252 202 251 -1
253 245 252 -1
254 55 253 4
255 51 251 -1
256 19 255 -1
257 210 256 -1
258 6 257 51
259 166 258 -1
260 33 223 -1
261 1 260 -1
262 259 261 19
263 70 196 -1
264 160 263 -1
265 67 264 -1
266 254 265 36
