64 47 63 -1
65 33 64 -1
66 0 65 -1
67 17 66 17
68 1 49 -1
69 64 68 -1
70 16 69 1
71 15 31 -1
72 68 71 -1
73 32 72 49
74 17 71 -1
75 48 74 -1
76 33 75 33
77 14 30 -1
78 63 77 -1
79 16 78 -1
80 32 79 32
81 74 78 -1
82 66 76 -1
83 81 82 48
84 2 50 -1
85 66 84 -1
86 79 85 50
87 46 62 -1
88 15 87 -1
89 32 88 -1
90 16 89 16
91 75 84 -1
92 89 91 2
93 65 88 -1
94 67 75 -1
95 93 94 0
96 29 62 -1
97 13 96 -1
98 31 47 -1
99 97 98 47
100 88 97 -1
101 63 100 63
102 14 45 -1
103 61 102 -1
104 98 103 31
105 15 103 -1
106 78 105 15
107 12 28 -1
108 102 107 -1
109 62 108 62
110 30 46 -1
111 107 110 -1
112 61 111 46
113 44 60 -1
114 14 96 -1
115 113 114 14
116 13 110 -1
117 113 116 30
118 28 59 -1
119 43 118 -1
120 13 61 -1
121 119 120 13
122 109 114 -1
123 119 122 29
124 10 26 -1
125 44 118 -1
126 124 125 44
127 11 44 -1
128 27 127 -1
129 120 128 61
130 42 58 -1
131 28 130 -1
132 127 131 28
133 107 128 -1
134 60 133 -1
135 132 134 12
136 44 122 -1
137 134 136 45
138 43 124 -1
139 60 138 -1
140 12 139 60
141 26 57 -1
142 41 141 -1
143 11 59 -1
144 142 143 11
145 138 142 -1
146 27 145 27
147 8 24 -1
148 42 141 -1
149 147 148 42
150 10 58 -1
151 41 150 -1
152 147 151 58
153 40 56 -1
154 150 153 -1
155 25 154 10
156 9 57 -1
157 148 153 -1
158 156 157 26
159 7 40 -1
160 23 159 -1
161 156 160 57
162 151 155 -1
163 160 162 41
164 38 54 -1
165 24 159 -1
166 164 165 24
167 39 55 -1
168 24 156 -1
169 167 168 9
170 158 162 -1
171 144 170 -1
172 57 171 59
173 149 169 -1
174 170 173 25
175 8 56 -1
176 23 175 -1
177 164 176 8
178 6 22 -1
179 39 178 -1
180 175 179 56
181 7 55 -1
182 165 178 -1
183 181 182 40
184 22 53 -1
185 37 184 -1
186 181 185 7
187 176 180 -1
188 185 187 23
189 5 21 -1
190 38 189 -1
191 181 190 55
192 23 189 -1
193 54 192 -1
194 39 193 39
195 146 170 -1
196 148 195 -1
197 150 196 43
198 20 71 -1
199 4 198 -1
200 38 199 -1
201 184 200 38
202 6 54 -1
203 199 202 -1
204 37 203 54
205 36 64 -1
206 21 52 -1
207 205 206 -1
208 202 207 6
209 190 207 -1
210 22 209 22
211 18 34 -1
212 79 211 -1
213 0 49 -1
214 212 213 34
215 73 214 -1
216 95 215 -1
217 79 216 18
218 19 35 -1
219 1 81 -1
220 50 219 -1
221 218 220 35
222 49 93 -1
223 218 222 -1
224 2 223 19
225 18 51 -1
226 3 225 -1
227 222 226 -1
228 71 227 3
229 2 225 -1
230 198 229 -1
231 36 230 36
232 219 226 -1
233 64 232 -1
234 211 233 51
235 3 19 -1
236 78 235 -1
237 37 206 -1
238 236 237 37
239 5 53 -1
240 236 239 -1
241 205 240 53
242 35 51 -1
243 88 242 -1
244 198 243 -1
245 239 244 5
246 4 52 -1
247 237 243 -1
248 246 247 21
249 242 246 -1
250 71 249 -1
251 229 250 52
252 221 249 -1
253 234 252 -1
254 3 253 4
255 251 253 -1
256 51 231 -1
257 218 255 -1
258 256 257 20
