64 1 17 -1
65 32 64 -1
66 15 62 -1
67 65 66 62
68 48 64 -1
69 31 68 -1
70 46 69 46
71 17 34 -1
72 50 71 -1
73 69 72 31
74 32 72 -1
75 15 74 15
76 29 31 -1
77 44 66 -1
78 76 77 44
79 13 15 -1
80 67 69 -1
81 79 80 13
82 46 79 -1
83 31 60 -1
84 82 83 60
85 27 77 -1
86 82 85 27
87 62 76 -1
88 46 87 -1
89 80 88 29
90 83 88 -1
91 11 90 11
92 42 44 -1
93 86 92 -1
94 90 93 42
95 11 25 -1
96 60 92 -1
97 95 96 25
98 27 58 -1
99 40 95 -1
100 98 99 40
101 9 42 -1
102 96 98 -1
103 101 102 9
104 94 102 -1
105 11 104 58
106 23 40 -1
107 101 106 -1
108 58 107 23
109 5 54 -1
110 56 109 -1
111 106 110 5
112 27 101 -1
113 11 56 -1
114 112 113 56
115 33 49 -1
116 0 115 -1
117 30 47 -1
118 116 117 30
119 16 115 -1
120 63 119 -1
121 14 120 14
122 2 49 -1
123 18 122 -1
124 120 123 63
125 0 123 -1
126 47 125 47
127 30 45 -1
128 120 127 -1
129 116 128 45
130 121 128 -1
131 12 59 -1
132 130 131 59
133 63 117 -1
134 12 61 -1
135 133 134 12
136 130 133 -1
137 28 136 28
138 26 41 -1
139 28 131 -1
140 138 139 41
141 45 134 -1
142 43 141 -1
143 26 142 26
144 10 139 -1
145 141 144 10
146 43 59 -1
147 57 146 -1
148 144 147 57
149 8 147 -1
150 26 149 8
151 10 146 -1
152 24 41 -1
153 151 152 24
154 130 151 -1
155 145 154 43
156 39 138 -1
157 147 153 -1
158 156 157 39
159 10 55 -1
160 138 159 -1
161 8 160 55
162 157 159 -1
163 6 162 6
164 146 150 -1
165 22 164 -1
166 156 165 22
167 37 39 -1
168 166 167 -1
169 162 168 37
170 30 129 -1
171 136 170 -1
172 61 171 61
173 7 40 -1
174 9 173 -1
175 100 114 -1
176 174 175 7
177 54 174 -1
178 25 177 54
179 38 173 -1
180 21 179 -1
181 56 180 21
182 108 176 -1
183 179 182 38
184 22 53 -1
185 55 184 -1
186 163 185 -1
187 166 186 53
188 4 74 -1
189 39 188 -1
190 185 189 4
191 20 68 -1
192 6 191 -1
193 35 192 -1
194 184 193 35
195 167 192 -1
196 55 195 -1
197 72 196 20
198 51 191 -1
199 2 198 -1
200 116 199 -1
201 4 200 33
202 53 64 -1
203 190 202 -1
204 198 203 -1
205 197 204 51
206 37 72 -1
207 199 206 -1
208 202 207 2
209 196 203 -1
210 18 209 -1
211 194 210 18
212 20 119 -1
213 53 212 -1
214 206 211 -1
215 213 214 49
216 201 215 -1
217 2 216 -1
218 33 217 0
219 123 217 16
220 36 116 -1
221 38 220 -1
222 19 109 -1
223 221 222 19
224 3 50 -1
225 220 224 -1
226 68 225 -1
227 52 226 17
228 5 123 -1
229 21 228 -1
230 225 229 50
231 52 119 -1
232 180 231 -1
233 106 232 -1
234 229 233 52
235 3 9 -1
236 177 235 -1
237 232 236 3
238 19 231 -1
239 36 65 -1
240 238 239 -1
241 34 240 1
242 227 240 -1
243 1 242 32
244 72 242 48
245 115 238 -1
246 34 245 -1
247 229 246 34
248 228 245 -1
249 223 233 -1
250 248 249 36
