64 0 16 -1
65 14 62 -1
66 64 65 -1
67 47 66 62
68 32 48 -1
69 31 65 -1
70 68 69 14
71 30 46 -1
72 63 64 -1
73 71 72 46
74 68 71 -1
75 15 74 30
76 16 33 -1
77 49 76 -1
78 15 63 -1
79 77 78 15
80 67 69 -1
81 77 80 31
82 1 17 -1
83 32 82 -1
84 78 83 63
85 48 82 -1
86 64 85 -1
87 80 86 47
88 2 18 -1
89 76 88 -1
90 48 89 48
91 0 32 -1
92 49 91 -1
93 88 92 32
94 17 34 -1
95 50 94 -1
96 91 95 0
97 86 95 -1
98 0 97 16
99 29 62 -1
100 45 99 -1
101 15 31 -1
102 100 101 45
103 67 100 -1
104 72 103 29
105 12 60 -1
106 99 105 -1
107 46 106 12
108 14 30 -1
109 100 108 -1
110 106 109 60
111 28 61 -1
112 108 111 -1
113 44 112 44
114 13 61 -1
115 46 101 -1
116 114 115 61
117 11 59 -1
118 111 117 -1
119 45 118 11
120 13 29 -1
121 44 117 -1
122 120 121 59
123 27 43 -1
124 120 123 -1
125 60 124 43
126 15 116 -1
127 73 126 -1
128 80 127 13
129 45 61 -1
130 12 123 -1
131 129 130 27
132 65 71 -1
133 113 132 -1
134 114 133 28
135 27 58 -1
136 10 135 -1
137 44 60 -1
138 136 137 10
139 28 130 -1
140 136 139 58
141 25 41 -1
142 11 135 -1
143 141 142 41
144 43 59 -1
145 10 141 -1
146 144 145 25
147 26 57 -1
148 9 144 -1
149 147 148 9
150 26 42 -1
151 137 150 -1
152 11 151 26
153 123 150 -1
154 149 153 -1
155 117 154 57
156 59 139 -1
157 153 156 42
158 24 40 -1
159 147 158 -1
160 10 159 40
161 42 58 -1
162 9 158 -1
163 161 162 24
164 25 56 -1
165 8 164 -1
166 161 165 8
167 26 165 -1
168 145 167 56
169 23 39 -1
170 164 169 -1
171 9 170 39
172 41 57 -1
173 165 170 -1
174 172 173 23
175 24 55 -1
176 7 175 -1
177 172 176 7
178 162 176 -1
179 25 178 55
180 22 38 -1
181 8 180 -1
182 175 181 38
183 40 56 -1
184 180 183 -1
185 7 184 22
186 23 54 -1
187 6 186 -1
188 183 187 6
189 24 187 -1
190 173 189 54
191 21 37 -1
192 186 191 -1
193 7 192 37
194 39 55 -1
195 192 194 -1
196 187 195 21
197 5 53 -1
198 194 197 -1
199 22 198 5
200 171 184 -1
201 179 199 -1
202 200 201 53
203 3 19 -1
204 97 203 -1
205 33 34 -1
206 204 205 33
207 94 203 -1
208 16 207 -1
209 92 208 49
210 2 35 -1
211 51 210 -1
212 17 211 -1
213 83 212 -1
214 90 213 1
215 92 212 -1
216 48 215 17
217 4 20 -1
218 50 210 -1
219 217 218 -1
220 83 219 50
221 18 98 -1
222 16 220 -1
223 213 221 -1
224 222 223 34
225 19 52 -1
226 5 64 -1
227 35 225 -1
228 21 226 -1
229 227 228 35
230 36 77 -1
231 218 227 -1
232 230 231 2
233 3 51 -1
234 36 228 -1
235 233 234 51
236 20 37 -1
237 68 236 -1
238 53 237 -1
239 233 238 3
240 52 217 -1
241 238 240 -1
242 227 241 19
243 20 38 -1
244 54 243 -1
245 230 244 -1
246 226 245 20
247 240 246 -1
248 234 247 4
249 196 234 -1
250 199 249 -1
251 86 250 -1
252 236 251 36
253 37 251 -1
254 36 241 -1
255 253 254 52
256 50 232 -1
257 98 256 -1
258 89 206 -1
259 257 258 18
