64 16 48 -1
65 33 49 -1
66 64 65 -1
67 15 66 15
68 0 32 -1
69 65 68 -1
70 31 69 31
71 1 17 -1
72 68 71 -1
73 63 72 63
74 64 71 -1
75 47 74 47
76 0 16 -1
77 31 46 -1
78 63 76 -1
79 77 78 46
80 15 62 -1
81 47 76 -1
82 80 81 62
83 30 45 -1
84 80 83 -1
85 31 84 45
86 30 81 -1
87 67 86 -1
88 69 87 30
89 14 78 -1
90 66 70 -1
91 89 90 14
92 13 60 -1
93 83 92 -1
94 14 93 60
95 29 46 -1
96 89 95 -1
97 81 96 29
98 12 61 -1
99 62 98 -1
100 95 99 12
101 13 62 -1
102 78 86 -1
103 101 102 13
104 28 45 -1
105 101 104 -1
106 46 105 28
107 11 60 -1
108 61 104 -1
109 107 108 11
110 14 61 -1
111 15 77 -1
112 110 111 61
113 28 43 -1
114 29 92 -1
115 113 114 43
116 29 44 -1
117 30 110 -1
118 116 117 44
119 26 43 -1
120 107 119 -1
121 44 120 26
122 9 58 -1
123 59 122 -1
124 119 123 9
125 24 41 -1
126 42 125 -1
127 122 126 24
128 12 59 -1
129 116 128 -1
130 13 129 59
131 7 56 -1
132 57 131 -1
133 125 132 7
134 22 39 -1
135 40 134 -1
136 131 135 22
137 27 44 -1
138 45 137 -1
139 98 138 27
140 11 58 -1
141 12 113 -1
142 140 141 58
143 26 41 -1
144 27 143 -1
145 140 144 41
146 27 42 -1
147 28 128 -1
148 146 147 42
149 10 57 -1
150 11 149 -1
151 146 150 57
152 9 56 -1
153 143 152 -1
154 10 153 56
155 25 40 -1
156 149 155 -1
157 26 156 40
158 8 55 -1
159 155 158 -1
160 9 159 55
161 10 59 -1
162 60 137 -1
163 161 162 10
164 25 42 -1
165 161 164 -1
166 43 165 25
167 24 39 -1
168 152 167 -1
169 25 168 39
170 8 57 -1
171 58 164 -1
172 170 171 8
173 7 54 -1
174 8 167 -1
175 173 174 54
176 23 38 -1
177 24 158 -1
178 176 177 38
179 23 40 -1
180 41 179 -1
181 170 180 23
182 6 55 -1
183 179 182 -1
184 56 183 6
185 6 53 -1
186 7 185 -1
187 176 186 53
188 5 54 -1
189 55 188 -1
190 134 189 5
191 21 38 -1
192 39 191 -1
193 182 192 21
194 22 37 -1
195 23 194 -1
196 173 195 37
197 5 52 -1
198 194 197 -1
199 6 198 -1
200 72 199 52
201 35 76 -1
202 197 201 -1
203 21 202 -1
204 20 203 35
205 21 36 -1
206 22 74 -1
207 185 206 -1
208 205 207 36
209 4 51 -1
210 5 76 -1
211 205 210 -1
212 209 211 51
213 18 69 -1
214 3 211 -1
215 213 214 -1
216 203 215 18
217 200 208 -1
218 214 217 -1
219 20 218 3
220 17 33 -1
221 2 220 -1
222 16 221 -1
223 213 222 32
224 18 75 -1
225 81 224 -1
226 222 225 48
227 34 48 -1
228 50 227 -1
229 220 228 -1
230 69 229 0
231 73 229 -1
232 78 231 16
233 51 201 -1
234 1 213 -1
235 233 234 -1
236 50 235 1
237 74 232 -1
238 226 236 -1
239 237 238 17
240 19 225 -1
241 3 240 -1
242 33 241 -1
243 50 242 33
244 223 229 -1
245 243 244 49
246 4 35 -1
247 19 217 -1
248 246 247 -1
249 203 248 19
250 19 209 -1
251 20 74 -1
252 34 251 -1
253 250 252 34
254 72 246 -1
255 20 50 -1
256 3 254 -1
257 255 256 50
258 53 191 -1
259 54 66 -1
260 4 258 -1
261 259 260 4
262 212 249 -1
263 250 262 -1
264 20 263 -1
265 261 264 20
266 2 217 -1
267 66 266 -1
268 262 267 2
