64 1 17 -1
65 14 46 -1
66 63 65 -1
67 64 66 63
68 33 49 -1
69 31 65 -1
70 68 69 31
71 30 62 -1
72 15 68 -1
73 71 72 15
74 47 71 -1
75 64 74 47
76 0 16 -1
77 29 61 -1
78 76 77 -1
79 46 78 46
80 32 48 -1
81 77 80 -1
82 14 81 14
83 13 45 -1
84 80 83 -1
85 30 84 30
86 76 83 -1
87 62 86 62
88 22 54 -1
89 41 57 -1
90 7 88 -1
91 89 90 7
92 6 38 -1
93 23 89 -1
94 92 93 23
95 9 25 -1
96 39 95 -1
97 88 96 39
98 92 95 -1
99 55 98 55
100 10 42 -1
101 13 29 -1
102 59 101 -1
103 100 102 59
104 45 61 -1
105 27 100 -1
106 104 105 27
107 26 58 -1
108 43 101 -1
109 107 108 43
110 11 104 -1
111 107 110 11
112 9 41 -1
113 44 60 -1
114 26 113 -1
115 112 114 26
116 12 28 -1
117 58 112 -1
118 116 117 58
119 25 57 -1
120 113 119 -1
121 10 120 10
122 42 119 -1
123 116 122 42
124 79 87 -1
125 109 111 -1
126 28 124 -1
127 125 126 28
128 103 106 -1
129 12 128 -1
130 124 129 12
131 82 85 -1
132 44 128 -1
133 131 132 44
134 60 131 -1
135 125 134 60
136 40 56 -1
137 5 37 -1
138 22 136 -1
139 137 138 22
140 21 53 -1
141 6 140 -1
142 136 141 6
143 8 24 -1
144 92 141 -1
145 143 144 38
146 54 137 -1
147 143 146 54
148 12 44 -1
149 15 31 -1
150 61 149 -1
151 148 150 61
152 47 63 -1
153 29 152 -1
154 148 153 29
155 113 116 -1
156 104 151 -1
157 155 156 45
158 101 155 -1
159 154 158 13
160 23 55 -1
161 10 26 -1
162 40 160 -1
163 161 162 40
164 7 39 -1
165 56 164 -1
166 161 165 56
167 42 58 -1
168 24 167 -1
169 164 168 24
170 160 167 -1
171 8 170 8
172 102 108 -1
173 24 56 -1
174 9 173 -1
175 172 174 9
176 8 40 -1
177 172 176 -1
178 25 177 25
179 125 128 -1
180 175 179 -1
181 112 180 41
182 178 179 -1
183 119 182 57
184 66 69 -1
185 50 80 -1
186 34 185 -1
187 0 186 -1
188 184 187 0
189 15 47 -1
190 76 189 -1
191 187 190 16
192 2 18 -1
193 190 192 -1
194 48 193 48
195 76 184 -1
196 32 192 -1
197 195 196 32
198 3 64 -1
199 19 198 -1
200 0 48 -1
201 199 200 -1
202 33 201 33
203 16 32 -1
204 49 203 -1
205 199 204 49
206 51 68 -1
207 35 206 -1
208 1 203 -1
209 207 208 1
210 17 200 -1
211 207 210 17
212 38 54 -1
213 4 212 -1
214 206 213 -1
215 19 214 4
216 3 51 -1
217 20 212 -1
218 207 217 -1
219 216 218 20
220 6 22 -1
221 36 216 -1
222 199 220 -1
223 221 222 36
224 52 198 -1
225 220 224 -1
226 35 225 52
227 20 184 -1
228 52 227 -1
229 39 55 -1
230 5 229 -1
231 228 230 5
232 7 23 -1
233 37 232 -1
234 228 233 37
235 4 189 -1
236 36 235 -1
237 232 236 -1
238 53 237 53
239 21 229 -1
240 236 239 21
241 1 49 -1
242 4 241 -1
243 34 242 -1
244 227 243 34
245 18 236 -1
246 242 245 -1
247 52 246 18
248 73 75 -1
249 184 247 -1
250 192 249 -1
251 248 250 2
252 20 242 -1
253 50 252 -1
254 248 253 50
255 230 245 -1
256 240 255 -1
257 35 195 -1
258 50 257 -1
259 256 258 35
260 34 51 -1
261 256 260 -1
262 193 261 51
263 137 216 -1
264 140 263 -1
265 184 186 -1
266 261 264 -1
267 265 266 3
268 64 201 -1
269 193 268 -1
270 203 269 -1
271 266 270 19
