64 15 47 -1
65 17 48 -1
66 1 64 -1
67 65 66 48
68 16 49 -1
69 33 64 -1
70 68 69 16
71 2 18 -1
72 32 71 -1
73 68 72 49
74 0 33 -1
75 71 74 -1
76 48 75 33
77 31 63 -1
78 49 77 -1
79 74 78 0
80 1 32 -1
81 17 77 -1
82 80 81 32
83 34 50 -1
84 16 80 -1
85 83 84 1
86 0 65 -1
87 83 86 17
88 32 48 -1
89 30 62 -1
90 15 89 -1
91 88 90 15
92 0 16 -1
93 64 90 -1
94 92 93 47
95 14 46 -1
96 92 95 -1
97 63 96 63
98 31 88 -1
99 95 98 31
100 13 62 -1
101 45 100 -1
102 15 31 -1
103 101 102 62
104 63 93 -1
105 101 104 30
106 28 60 -1
107 100 106 -1
108 46 107 13
109 29 61 -1
110 102 109 -1
111 46 110 46
112 14 30 -1
113 45 106 -1
114 112 113 45
115 12 61 -1
116 44 115 -1
117 112 116 61
118 62 109 -1
119 104 112 -1
120 118 119 14
121 46 118 -1
122 116 121 29
123 27 59 -1
124 45 123 -1
125 115 124 12
126 13 29 -1
127 123 126 -1
128 44 127 44
129 11 60 -1
130 43 129 -1
131 126 130 60
132 61 130 -1
133 113 132 28
134 26 58 -1
135 44 134 -1
136 129 135 11
137 12 28 -1
138 43 137 -1
139 134 138 43
140 10 59 -1
141 42 140 -1
142 137 141 59
143 25 57 -1
144 43 143 -1
145 140 144 10
146 11 27 -1
147 42 146 -1
148 143 147 42
149 9 58 -1
150 41 149 -1
151 146 150 58
152 24 56 -1
153 149 152 -1
154 42 153 9
155 10 26 -1
156 41 155 -1
157 152 156 41
158 8 40 -1
159 155 158 -1
160 57 159 57
161 126 128 -1
162 141 161 -1
163 60 162 27
164 9 143 -1
165 156 164 -1
166 145 165 26
167 150 165 -1
168 42 160 -1
169 167 168 25
170 23 40 -1
171 55 170 -1
172 57 164 -1
173 171 172 40
174 156 171 -1
175 160 174 8
176 7 56 -1
177 39 176 -1
178 172 177 56
179 6 38 -1
180 56 179 -1
181 170 180 23
182 22 54 -1
183 40 176 -1
184 182 183 7
185 8 24 -1
186 55 179 -1
187 185 186 55
188 182 185 -1
189 39 188 39
190 156 178 -1
191 153 190 -1
192 167 191 24
193 21 38 -1
194 53 193 -1
195 7 23 -1
196 194 195 38
197 39 186 -1
198 194 197 6
199 5 37 -1
200 195 199 -1
201 54 200 54
202 188 201 -1
203 175 202 -1
204 192 203 22
205 36 64 -1
206 4 205 -1
207 54 193 -1
208 206 207 21
209 6 22 -1
210 206 209 -1
211 53 210 53
212 20 77 -1
213 52 212 -1
214 209 213 -1
215 37 214 37
216 5 21 -1
217 207 213 -1
218 216 217 5
219 3 92 -1
220 35 52 -1
221 216 219 -1
222 220 221 52
223 18 35 -1
224 50 223 -1
225 212 224 -1
226 4 225 35
227 51 223 -1
228 33 66 -1
229 227 228 -1
230 88 229 18
231 19 219 -1
232 50 228 -1
233 231 232 50
234 65 227 -1
235 78 234 -1
236 72 235 2
237 34 231 -1
238 49 81 -1
239 237 238 34
240 3 36 -1
241 19 51 -1
242 221 240 -1
243 241 242 36
244 77 224 -1
245 220 240 -1
246 244 245 3
247 2 34 -1
248 19 205 -1
249 52 248 -1
250 247 249 19
251 37 53 -1
252 88 251 -1
253 4 241 -1
254 252 253 4
255 3 252 -1
256 20 255 -1
257 35 256 20
258 245 254 -1
259 250 258 -1
260 257 259 51
