64 14 30 -1
65 15 47 -1
66 64 65 -1
67 48 66 48
68 46 62 -1
69 65 68 -1
70 16 69 16
71 31 63 -1
72 68 71 -1
73 0 72 0
74 64 71 -1
75 32 74 32
76 15 31 -1
77 49 76 -1
78 0 32 -1
79 77 78 49
80 47 63 -1
81 17 78 -1
82 80 81 17
83 1 80 -1
84 16 48 -1
85 83 84 1
86 33 84 -1
87 76 86 33
88 11 43 -1
89 42 58 -1
90 28 89 -1
91 88 90 28
92 10 26 -1
93 60 92 -1
94 88 93 60
95 27 59 -1
96 89 95 -1
97 12 96 12
98 92 95 -1
99 44 98 44
100 1 86 -1
101 50 100 -1
102 0 101 -1
103 67 102 50
104 70 100 -1
105 32 104 -1
106 18 105 18
107 13 60 -1
108 43 59 -1
109 28 108 -1
110 107 109 13
111 30 45 -1
112 44 107 -1
113 111 112 30
114 29 44 -1
115 108 114 -1
116 12 115 29
117 14 61 -1
118 60 114 -1
119 117 118 14
120 31 117 -1
121 46 120 -1
122 45 121 31
123 74 122 -1
124 113 123 -1
125 119 124 63
126 72 76 -1
127 123 126 15
128 66 125 -1
129 126 128 47
130 110 116 -1
131 63 130 -1
132 124 131 46
133 47 130 -1
134 129 133 -1
135 113 134 62
136 94 109 -1
137 98 136 -1
138 45 137 45
139 15 138 -1
140 127 134 -1
141 139 140 61
142 10 25 -1
143 9 142 -1
144 42 59 -1
145 143 144 59
146 40 56 -1
147 57 142 -1
148 146 147 10
149 26 41 -1
150 9 149 -1
151 146 150 26
152 57 149 -1
153 58 152 -1
154 11 153 11
155 98 144 -1
156 152 155 27
157 96 108 -1
158 143 157 -1
159 155 158 43
160 6 23 -1
161 37 53 -1
162 38 160 -1
163 161 162 23
164 40 55 -1
165 22 164 -1
166 160 165 40
167 7 22 -1
168 54 167 -1
169 161 168 7
170 8 25 -1
171 39 164 -1
172 170 171 25
173 24 149 -1
174 151 173 -1
175 171 174 9
176 170 173 -1
177 43 159 -1
178 176 177 58
179 152 176 -1
180 42 179 42
181 6 167 -1
182 39 181 -1
183 56 182 56
184 166 183 -1
185 172 184 -1
186 148 185 -1
187 10 186 57
188 176 185 -1
189 26 188 41
190 166 168 -1
191 162 190 -1
192 24 171 -1
193 191 192 24
194 57 191 -1
195 187 194 8
196 49 81 -1
197 16 196 -1
198 75 197 -1
199 34 198 34
200 2 73 -1
201 197 200 -1
202 84 201 2
203 5 21 -1
204 6 203 -1
205 38 204 -1
206 55 205 55
207 22 182 -1
208 168 207 -1
209 204 208 39
210 5 52 -1
211 80 210 -1
212 36 211 -1
213 53 204 -1
214 212 213 6
215 22 212 -1
216 37 215 22
217 51 72 -1
218 20 35 -1
219 210 217 -1
220 218 219 5
221 34 50 -1
222 80 221 -1
223 3 222 -1
224 218 223 20
225 4 51 -1
226 19 222 -1
227 225 226 4
228 35 69 -1
229 225 228 -1
230 21 36 -1
231 229 230 21
232 214 231 -1
233 220 232 -1
234 205 233 38
235 181 233 -1
236 169 235 54
237 81 85 -1
238 199 237 -1
239 202 238 -1
240 217 239 51
241 103 228 -1
242 106 237 -1
243 241 242 35
244 74 238 -1
245 76 223 -1
246 106 244 -1
247 245 246 3
248 2 19 -1
249 18 248 -1
250 246 249 19
251 36 51 -1
252 76 251 -1
253 249 252 36
254 35 52 -1
255 226 254 -1
256 245 255 -1
257 249 256 52
258 37 255 -1
259 74 224 -1
260 258 259 37
261 7 216 -1
262 235 260 -1
263 261 262 53
