64 0 48 -1
65 34 50 -1
66 64 65 -1
67 31 66 31
68 16 32 -1
69 65 68 -1
70 15 69 15
71 2 18 -1
72 64 71 -1
73 47 72 47
74 68 71 -1
75 63 74 63
76 33 49 -1
77 31 63 -1
78 14 76 -1
79 77 78 14
80 1 17 -1
81 46 80 -1
82 77 81 46
83 15 47 -1
84 62 83 -1
85 80 84 62
86 30 76 -1
87 83 86 30
88 32 48 -1
89 30 62 -1
90 13 88 -1
91 89 90 13
92 0 16 -1
93 89 92 -1
94 45 93 45
95 14 46 -1
96 88 95 -1
97 29 96 29
98 92 95 -1
99 61 98 61
100 78 86 -1
101 28 60 -1
102 100 101 -1
103 43 102 43
104 12 44 -1
105 100 104 -1
106 59 105 59
107 93 98 -1
108 11 107 -1
109 102 108 11
110 105 107 -1
111 27 110 27
112 94 99 -1
113 43 108 -1
114 26 113 -1
115 112 114 26
116 91 97 -1
117 113 116 -1
118 58 117 58
119 106 111 -1
120 42 116 -1
121 119 120 42
122 10 119 -1
123 112 122 10
124 29 61 -1
125 15 31 -1
126 44 125 -1
127 124 126 44
128 47 63 -1
129 12 128 -1
130 124 129 12
131 13 45 -1
132 128 131 -1
133 28 132 28
134 60 131 -1
135 125 134 60
136 12 28 -1
137 10 42 -1
138 57 137 -1
139 136 138 57
140 44 60 -1
141 25 137 -1
142 140 141 25
143 26 58 -1
144 136 143 -1
145 41 144 41
146 9 143 -1
147 140 146 9
148 42 58 -1
149 8 40 -1
150 23 148 -1
151 149 150 23
152 10 26 -1
153 55 152 -1
154 149 153 55
155 24 56 -1
156 7 148 -1
157 155 156 7
158 39 155 -1
159 152 158 39
160 9 41 -1
161 11 27 -1
162 56 160 -1
163 161 162 56
164 138 141 -1
165 40 161 -1
166 164 165 40
167 43 59 -1
168 164 167 -1
169 8 168 8
170 162 167 -1
171 155 170 24
172 8 24 -1
173 6 38 -1
174 53 172 -1
175 173 174 53
176 22 54 -1
177 37 176 -1
178 172 177 37
179 40 56 -1
180 21 173 -1
181 179 180 21
182 176 179 -1
183 5 182 5
184 150 153 -1
185 142 147 -1
186 38 184 -1
187 185 186 38
188 157 159 -1
189 54 185 -1
190 188 189 54
191 139 145 -1
192 186 191 -1
193 173 192 6
194 22 191 -1
195 188 194 22
196 51 88 -1
197 35 196 -1
198 1 49 -1
199 16 198 -1
200 197 199 16
201 17 33 -1
202 0 197 -1
203 201 202 0
204 3 92 -1
205 19 204 -1
206 201 205 -1
207 48 206 48
208 32 198 -1
209 205 208 32
210 53 69 -1
211 37 210 -1
212 19 196 -1
213 2 212 -1
214 211 213 2
215 35 204 -1
216 211 215 -1
217 18 216 18
218 5 74 -1
219 21 218 -1
220 50 215 -1
221 219 220 50
222 212 219 -1
223 34 222 34
224 7 23 -1
225 52 224 -1
226 37 225 -1
227 218 226 52
228 39 55 -1
229 4 21 -1
230 228 229 -1
231 210 230 4
232 36 72 -1
233 53 224 -1
234 232 233 -1
235 21 234 36
236 20 66 -1
237 228 236 -1
238 5 37 -1
239 237 238 20
240 4 80 -1
241 2 34 -1
242 240 241 -1
243 33 236 -1
244 242 243 33
245 66 76 -1
246 244 245 -1
247 74 246 49
248 52 245 -1
249 241 248 -1
250 17 36 -1
251 249 250 17
252 1 69 -1
253 249 252 -1
254 232 253 1
255 38 54 -1
256 236 248 -1
257 3 256 -1
258 255 257 3
259 6 22 -1
260 36 240 -1
261 51 259 -1
262 260 261 51
263 76 80 -1
264 19 260 -1
265 263 264 -1
266 255 265 19
267 35 263 -1
268 256 259 -1
269 267 268 35
