64 0 48 -1
65 16 32 -1
66 64 65 -1
67 49 66 -1
68 47 67 0
69 15 17 -1
70 66 69 32
71 63 66 -1
72 1 71 16
73 33 66 -1
74 31 73 48
75 7 39 -1
76 23 75 -1
77 55 76 -1
78 22 77 -1
79 40 78 55
80 38 77 -1
81 56 80 7
82 8 77 -1
83 54 82 23
84 6 24 -1
85 77 84 39
86 12 44 -1
87 28 86 -1
88 60 87 -1
89 27 88 -1
90 45 89 60
91 13 88 -1
92 59 91 28
93 43 61 -1
94 88 93 12
95 11 88 -1
96 29 95 44
97 24 56 -1
98 8 97 -1
99 40 98 -1
100 23 41 -1
101 99 100 56
102 7 25 -1
103 99 102 40
104 55 99 -1
105 9 104 24
106 57 99 -1
107 39 106 8
108 78 80 -1
109 6 108 -1
110 54 109 -1
111 21 39 -1
112 110 111 54
113 37 110 -1
114 55 113 6
115 53 110 -1
116 7 115 22
117 5 23 -1
118 110 117 38
119 41 57 -1
120 9 25 -1
121 119 120 -1
122 8 121 -1
123 26 122 41
124 10 121 -1
125 56 124 25
126 24 121 -1
127 42 126 57
128 40 58 -1
129 121 128 9
130 15 31 -1
131 47 130 -1
132 63 131 -1
133 14 16 -1
134 132 133 47
135 30 132 -1
136 32 135 63
137 46 48 -1
138 132 137 15
139 0 132 -1
140 62 139 31
141 43 95 -1
142 59 89 -1
143 141 142 -1
144 44 143 -1
145 26 144 59
146 10 143 -1
147 28 146 43
148 42 143 -1
149 60 148 11
150 12 143 -1
151 58 150 27
152 14 62 -1
153 30 46 -1
154 152 153 -1
155 29 47 -1
156 154 155 62
157 63 154 -1
158 45 157 14
159 15 61 -1
160 154 159 30
161 13 31 -1
162 154 161 46
163 10 42 -1
164 58 163 -1
165 26 164 -1
166 25 43 -1
167 165 166 58
168 41 165 -1
169 59 168 10
170 11 119 -1
171 168 170 26
172 9 27 -1
173 165 172 42
174 29 61 -1
175 13 174 -1
176 45 175 -1
177 44 62 -1
178 176 177 13
179 14 60 -1
180 176 179 29
181 28 46 -1
182 176 181 61
183 12 30 -1
184 176 183 45
185 1 67 -1
186 17 33 -1
187 185 186 -1
188 34 187 -1
189 64 188 49
190 2 65 -1
191 187 190 17
192 16 50 -1
193 0 187 -1
194 192 193 1
195 18 194 -1
196 50 66 -1
197 195 196 33
198 3 51 -1
199 35 198 -1
200 19 199 -1
201 18 31 -1
202 36 201 -1
203 200 202 51
204 2 15 -1
205 20 200 -1
206 204 205 35
207 34 47 -1
208 52 200 -1
209 207 208 3
210 4 50 -1
211 200 210 -1
212 63 211 19
213 191 192 -1
214 197 213 -1
215 51 207 -1
216 214 215 -1
217 33 216 2
218 63 198 -1
219 65 218 -1
220 68 216 -1
221 219 220 18
222 188 213 -1
223 201 222 -1
224 17 35 -1
225 223 224 50
226 1 19 -1
227 65 130 -1
228 226 227 -1
229 223 228 34
230 113 115 -1
231 21 230 -1
232 5 231 -1
233 47 54 -1
234 36 233 -1
235 232 234 5
236 31 38 -1
237 20 232 -1
238 236 237 53
239 4 15 -1
240 232 239 -1
241 22 240 37
242 6 63 -1
243 52 232 -1
244 242 243 21
245 36 52 -1
246 20 245 -1
247 4 246 -1
248 5 247 -1
249 51 248 -1
250 0 249 20
251 19 32 -1
252 37 251 -1
253 247 252 52
254 53 247 -1
255 48 254 -1
256 35 255 4
257 3 247 -1
258 16 257 -1
259 21 258 36
