64 32 48 -1
65 0 33 -1
66 17 64 -1
67 65 66 48
68 1 16 -1
69 66 68 32
70 15 63 -1
71 31 64 -1
72 70 71 15
73 30 46 -1
74 70 73 -1
75 14 74 30
76 13 61 -1
77 73 76 -1
78 45 77 61
79 46 62 -1
80 29 76 -1
81 79 80 13
82 28 44 -1
83 12 76 -1
84 82 83 28
85 11 59 -1
86 82 85 -1
87 43 86 59
88 10 26 -1
89 85 88 -1
90 42 89 26
91 25 41 -1
92 88 91 -1
93 57 92 41
94 13 29 -1
95 60 82 -1
96 94 95 44
97 8 56 -1
98 40 91 -1
99 97 98 56
100 28 60 -1
101 27 86 -1
102 100 101 11
103 11 43 -1
104 58 103 -1
105 89 104 10
106 10 58 -1
107 9 106 -1
108 91 107 25
109 41 57 -1
110 24 109 -1
111 97 110 8
112 31 47 -1
113 14 79 -1
114 112 113 62
115 23 39 -1
116 7 115 -1
117 97 116 23
118 8 24 -1
119 55 118 -1
120 115 119 39
121 38 54 -1
122 6 115 -1
123 121 122 54
124 39 116 -1
125 121 124 -1
126 22 125 38
127 16 49 -1
128 65 127 -1
129 48 128 0
130 1 32 -1
131 0 130 -1
132 127 131 16
133 5 21 -1
134 53 121 -1
135 133 134 5
136 6 54 -1
137 133 136 -1
138 37 137 21
139 2 18 -1
140 17 128 -1
141 139 140 33
142 0 16 -1
143 112 142 -1
144 63 143 47
145 0 48 -1
146 112 145 -1
147 15 146 31
148 72 146 -1
149 142 148 63
150 34 50 -1
151 69 127 -1
152 150 151 1
153 9 118 -1
154 57 153 -1
155 40 154 24
156 109 154 -1
157 99 156 40
158 40 124 -1
159 55 56 -1
160 158 159 7
161 8 158 -1
162 120 161 55
163 62 94 -1
164 45 163 -1
165 14 164 29
166 77 165 -1
167 79 166 45
168 12 103 -1
169 27 60 -1
170 168 169 27
171 85 170 -1
172 100 171 43
173 27 106 -1
174 43 173 -1
175 42 174 58
176 90 173 -1
177 59 176 42
178 31 74 -1
179 63 178 -1
180 62 179 46
181 114 178 -1
182 15 181 14
183 55 136 -1
184 22 183 -1
185 39 184 6
186 125 185 -1
187 115 186 22
188 45 100 -1
189 61 188 -1
190 12 189 12
191 84 189 -1
192 94 191 60
193 42 109 -1
194 26 193 -1
195 9 194 57
196 88 108 -1
197 194 196 9
198 2 130 -1
199 67 198 -1
200 50 199 17
201 18 128 -1
202 131 201 -1
203 34 202 49
204 35 51 -1
205 20 36 -1
206 3 204 -1
207 205 206 51
208 4 19 -1
209 204 208 -1
210 20 209 35
211 35 206 -1
212 52 211 -1
213 209 212 19
214 36 212 -1
215 19 214 3
216 133 142 -1
217 205 216 -1
218 52 217 36
219 129 211 -1
220 203 219 -1
221 198 220 18
222 64 139 -1
223 204 222 -1
224 50 223 2
225 5 53 -1
226 22 225 -1
227 54 226 -1
228 138 227 37
229 121 228 -1
230 137 229 53
231 4 145 -1
232 225 231 -1
233 205 232 20
234 19 150 -1
235 3 18 -1
236 142 235 -1
237 234 236 34
238 35 234 -1
239 68 198 -1
240 238 239 50
241 53 64 -1
242 20 241 -1
243 37 242 -1
244 218 243 -1
245 232 244 52
246 4 217 -1
247 244 246 4
