64 0 49 -1
65 18 64 -1
66 33 65 33
67 47 63 -1
68 16 67 -1
69 64 68 0
70 14 30 -1
71 68 70 47
72 1 16 -1
73 34 72 -1
74 49 73 49
75 15 63 -1
76 32 75 -1
77 72 76 16
78 30 46 -1
79 76 78 63
80 17 32 -1
81 50 80 -1
82 1 81 1
83 15 31 -1
84 48 83 -1
85 80 84 32
86 46 62 -1
87 84 86 15
88 45 61 -1
89 70 88 -1
90 63 89 14
91 13 29 -1
92 31 86 -1
93 91 92 46
94 33 48 -1
95 2 94 -1
96 17 95 17
97 31 47 -1
98 0 97 -1
99 94 98 48
100 14 62 -1
101 98 100 31
102 13 61 -1
103 15 78 -1
104 102 103 30
105 29 45 -1
106 100 105 -1
107 47 106 62
108 12 14 -1
109 28 108 -1
110 89 109 45
111 60 105 -1
112 108 111 29
113 44 60 -1
114 91 113 -1
115 62 114 13
116 11 27 -1
117 13 116 -1
118 114 117 44
119 28 44 -1
120 46 102 -1
121 119 120 61
122 11 59 -1
123 13 122 -1
124 119 123 28
125 42 58 -1
126 116 125 -1
127 60 126 11
128 26 42 -1
129 44 128 -1
130 122 129 59
131 9 11 -1
132 57 128 -1
133 131 132 26
134 126 131 -1
135 25 134 42
136 8 39 -1
137 24 55 -1
138 136 137 -1
139 57 138 8
140 9 40 -1
141 137 140 -1
142 7 141 24
143 23 54 -1
144 136 143 -1
145 6 144 23
146 7 38 -1
147 143 146 -1
148 56 147 7
149 25 56 -1
150 140 149 -1
151 58 150 9
152 10 41 -1
153 149 152 -1
154 8 153 25
155 22 53 -1
156 146 155 -1
157 5 156 22
158 6 37 -1
159 155 158 -1
160 55 159 6
161 26 59 -1
162 57 161 -1
163 152 162 10
164 24 57 -1
165 42 164 -1
166 140 165 57
167 28 43 -1
168 10 161 -1
169 167 168 43
170 21 158 -1
171 54 170 -1
172 39 171 54
173 43 58 -1
174 153 173 -1
175 56 174 58
176 12 27 -1
177 10 173 -1
178 176 177 27
179 4 52 -1
180 75 179 -1
181 170 180 21
182 5 21 -1
183 147 182 -1
184 7 183 38
185 23 56 -1
186 41 136 -1
187 185 186 56
188 22 137 -1
189 6 39 -1
190 188 189 39
191 41 165 -1
192 128 191 -1
193 8 192 41
194 29 111 -1
195 43 194 -1
196 176 195 60
197 7 150 -1
198 23 197 -1
199 9 198 40
200 53 156 -1
201 40 200 -1
202 55 201 55
203 12 61 -1
204 59 167 -1
205 203 204 12
206 18 51 -1
207 67 95 -1
208 206 207 -1
209 49 208 2
210 3 34 -1
211 36 97 -1
212 206 211 -1
213 210 212 51
214 75 210 -1
215 1 214 -1
216 65 215 18
217 2 35 -1
218 20 83 -1
219 206 218 -1
220 217 219 35
221 4 218 -1
222 37 221 -1
223 155 222 37
224 33 97 -1
225 81 224 -1
226 217 225 50
227 19 50 -1
228 52 227 -1
229 217 228 -1
230 180 229 19
231 67 228 -1
232 210 231 3
233 83 227 -1
234 73 233 -1
235 17 234 34
236 36 231 -1
237 54 236 -1
238 182 227 -1
239 237 238 5
240 20 211 -1
241 5 240 -1
242 53 241 -1
243 38 242 53
244 3 241 -1
245 51 98 -1
246 244 245 20
247 35 51 -1
248 53 84 -1
249 221 248 -1
250 247 249 4
251 19 35 -1
252 37 180 -1
253 76 251 -1
254 252 253 52
255 21 68 -1
256 50 236 -1
257 3 255 -1
258 256 257 36
