64 31 47 -1
65 14 62 -1
66 15 64 -1
67 65 66 31
68 29 45 -1
69 65 68 -1
70 46 69 62
71 12 28 -1
72 61 68 -1
73 71 72 45
74 14 30 -1
75 64 74 -1
76 63 75 47
77 32 48 -1
78 0 77 -1
79 64 78 48
80 47 66 -1
81 16 80 -1
82 77 81 32
83 43 59 -1
84 71 83 -1
85 60 84 12
86 26 42 -1
87 11 86 -1
88 83 87 59
89 9 25 -1
90 86 89 -1
91 58 90 42
92 13 45 -1
93 70 74 -1
94 92 93 46
95 40 56 -1
96 89 95 -1
97 57 96 9
98 7 23 -1
99 24 95 -1
100 98 99 40
101 10 26 -1
102 83 101 -1
103 27 102 43
104 8 56 -1
105 89 104 -1
106 41 105 25
107 28 44 -1
108 61 107 -1
109 92 108 61
110 11 59 -1
111 71 110 -1
112 44 111 28
113 39 55 -1
114 24 113 -1
115 104 114 8
116 38 54 -1
117 55 116 -1
118 98 117 7
119 6 22 -1
120 113 119 -1
121 23 120 39
122 9 57 -1
123 10 122 -1
124 86 123 26
125 1 17 -1
126 49 77 -1
127 125 126 1
128 32 78 -1
129 125 128 -1
130 33 129 17
131 47 63 -1
132 128 131 -1
133 16 132 0
134 82 132 -1
135 64 134 16
136 37 53 -1
137 119 136 -1
138 54 137 6
139 5 21 -1
140 116 139 -1
141 22 140 38
142 29 65 -1
143 94 142 -1
144 61 143 30
145 72 142 -1
146 30 145 14
147 38 113 -1
148 7 22 -1
149 147 148 55
150 118 147 -1
151 6 150 23
152 14 46 -1
153 80 152 -1
154 76 153 63
155 67 152 -1
156 131 155 15
157 27 107 -1
158 11 157 -1
159 60 158 44
160 84 159 -1
161 110 160 60
162 60 92 -1
163 72 162 -1
164 44 163 13
165 12 29 -1
166 162 165 29
167 5 137 -1
168 141 167 -1
169 53 168 54
170 38 167 -1
171 37 170 22
172 40 122 -1
173 24 41 -1
174 172 173 57
175 105 174 -1
176 95 175 41
177 23 104 -1
178 100 177 -1
179 55 178 24
180 39 177 -1
181 40 180 56
182 41 101 -1
183 57 58 -1
184 182 183 10
185 9 91 -1
186 182 185 58
187 58 110 -1
188 42 187 -1
189 27 188 11
190 86 189 -1
191 102 190 27
192 36 52 -1
193 19 35 -1
194 192 193 -1
195 4 194 52
196 20 35 -1
197 3 194 -1
198 196 197 36
199 4 52 -1
200 51 199 -1
201 196 200 4
202 19 198 -1
203 200 202 20
204 139 192 -1
205 131 204 -1
206 53 205 5
207 17 33 -1
208 16 207 -1
209 126 208 -1
210 78 209 33
211 77 210 -1
212 129 211 49
213 34 50 -1
214 18 80 -1
215 213 214 -1
216 125 215 34
217 2 193 -1
218 51 214 -1
219 217 218 35
220 2 207 -1
221 64 220 -1
222 213 221 50
223 15 63 -1
224 50 223 -1
225 3 224 -1
226 217 225 19
227 37 199 -1
228 139 223 -1
229 227 228 21
230 51 131 -1
231 35 230 -1
232 225 231 -1
233 215 232 51
234 214 224 -1
235 233 234 -1
236 193 235 3
237 49 234 -1
238 17 237 -1
239 221 238 2
240 216 238 -1
241 2 240 -1
242 18 241 18
243 20 136 -1
244 36 64 -1
245 5 243 -1
246 244 245 53
247 199 246 -1
248 205 223 -1
249 247 248 37
