64 16 32 -1
65 14 62 -1
66 46 65 -1
67 64 66 62
68 32 48 -1
69 65 68 -1
70 30 69 14
71 28 44 -1
72 12 71 -1
73 65 72 28
74 42 58 -1
75 10 74 -1
76 71 75 58
77 8 24 -1
78 56 74 -1
79 77 78 8
80 14 30 -1
81 60 71 -1
82 80 81 44
83 0 48 -1
84 80 83 -1
85 46 84 30
86 69 85 -1
87 64 86 46
88 12 28 -1
89 74 88 -1
90 26 89 42
91 42 75 -1
92 40 77 -1
93 91 92 24
94 22 38 -1
95 54 94 -1
96 77 95 38
97 8 56 -1
98 6 94 -1
99 97 98 22
100 34 50 -1
101 0 64 -1
102 100 101 0
103 2 18 -1
104 68 103 -1
105 0 104 32
106 2 50 -1
107 102 106 -1
108 104 107 48
109 68 106 -1
110 16 109 16
111 14 88 -1
112 66 111 -1
113 60 112 12
114 46 111 -1
115 82 114 60
116 28 91 -1
117 81 116 -1
118 26 117 10
119 90 117 -1
120 71 119 26
121 26 97 -1
122 93 121 -1
123 58 122 40
124 75 122 -1
125 77 124 56
126 17 33 -1
127 15 63 -1
128 47 127 -1
129 126 128 63
130 33 49 -1
131 31 127 -1
132 130 131 15
133 29 45 -1
134 13 127 -1
135 133 134 29
136 63 131 -1
137 61 136 -1
138 133 137 45
139 1 17 -1
140 128 139 -1
141 136 140 47
142 11 59 -1
143 133 142 -1
144 43 143 59
145 29 61 -1
146 143 145 -1
147 27 146 11
148 9 25 -1
149 41 142 -1
150 148 149 25
151 43 59 -1
152 148 151 -1
153 57 152 9
154 23 39 -1
155 148 154 -1
156 55 155 39
157 9 57 -1
158 7 157 -1
159 154 158 23
160 37 53 -1
161 5 160 -1
162 154 161 53
163 7 23 -1
164 160 163 -1
165 21 164 37
166 1 49 -1
167 47 166 -1
168 136 167 31
169 47 145 -1
170 15 169 -1
171 134 170 13
172 135 169 -1
173 131 172 61
174 27 157 -1
175 41 174 -1
176 43 175 57
177 142 176 -1
178 152 177 41
179 13 151 -1
180 29 179 -1
181 27 180 43
182 142 145 -1
183 181 182 27
184 41 163 -1
185 9 184 -1
186 156 185 55
187 55 157 -1
188 185 187 7
189 4 52 -1
190 36 126 -1
191 94 189 -1
192 190 191 52
193 20 100 -1
194 2 190 -1
195 193 194 50
196 166 189 -1
197 34 196 -1
198 103 197 18
199 4 139 -1
200 18 199 -1
201 193 200 34
202 190 199 -1
203 198 202 -1
204 100 203 2
205 22 54 -1
206 56 205 -1
207 92 99 -1
208 206 207 54
209 6 206 -1
210 40 209 6
211 20 130 -1
212 191 205 -1
213 211 212 4
214 95 202 -1
215 98 214 -1
216 211 215 20
217 139 216 -1
218 205 217 -1
219 196 218 36
220 21 37 -1
221 55 220 -1
222 23 221 -1
223 162 222 5
224 154 164 -1
225 223 224 21
226 3 51 -1
227 35 64 -1
228 220 226 -1
229 227 228 51
230 19 166 -1
231 17 227 -1
232 230 231 49
233 19 68 -1
234 160 226 -1
235 233 234 3
236 49 226 -1
237 126 236 -1
238 83 237 17
239 51 233 -1
240 64 239 -1
241 130 240 -1
242 232 241 1
243 139 238 -1
244 240 243 33
245 35 83 -1
246 5 245 -1
247 240 246 -1
248 21 247 35
249 3 246 -1
250 53 249 -1
251 19 250 19
