40 18 26 -1
41 19 27 -1
42 8 16 -1
43 7 39 -1
44 9 17 -1
45 28 36 -1
46 6 38 -1
47 29 37 -1
48 9 24 -1
49 32 44 -1
50 22 49 22
51 31 46 -1
52 0 25 -1
53 19 34 -1
54 2 41 -1
55 32 54 32
56 1 42 -1
57 21 45 -1
58 14 39 -1
59 22 43 -1
60 12 59 12
61 10 35 -1
62 5 20 -1
63 12 41 -1
64 15 30 -1
65 11 40 -1
66 4 29 -1
67 47 63 -1
68 54 67 2
69 66 67 27
70 18 33 -1
71 15 23 -1
72 8 71 -1
73 38 72 38
74 5 13 -1
75 35 62 -1
76 63 75 35
77 38 74 -1
78 28 77 28
79 3 28 -1
80 9 26 -1
81 53 80 9
82 11 46 -1
83 21 82 11
84 53 54 -1
85 44 84 17
86 35 79 -1
87 18 86 18
88 25 70 -1
89 8 88 8
90 48 49 -1
91 43 90 7
92 4 58 -1
93 57 92 4
94 1 45 -1
95 11 94 1
96 13 57 -1
97 6 96 36
98 14 51 -1
99 48 98 14
100 6 92 -1
101 66 100 29
102 24 56 -1
103 53 102 24
104 16 51 -1
105 23 104 6
106 0 61 -1
107 27 106 0
108 10 62 -1
109 37 108 10
110 1 31 -1
111 40 110 31
112 19 36 -1
113 66 112 19
114 21 110 -1
115 56 114 21
116 45 65 -1
117 79 116 26
118 40 70 -1
119 56 118 16
120 58 59 -1
121 47 120 37
122 7 20 -1
123 64 122 20
124 17 52 -1
125 30 124 30
126 106 124 -1
127 34 66 -1
128 65 127 34
129 16 48 -1
130 39 129 39
131 33 86 -1
132 126 131 33
133 2 9 -1
134 126 133 25
135 27 79 -1
136 75 135 -1
137 78 136 3
138 73 77 -1
139 37 138 -1
140 64 139 13
141 7 52 -1
142 89 141 -1
143 72 142 23
144 15 52 -1
145 43 144 -1
146 32 145 15
147 5 22 -1
148 47 64 -1
149 147 148 5
