40 11 21 -1
41 8 38 -1
42 24 34 -1
43 5 15 -1
44 22 32 -1
45 17 27 -1
46 0 10 -1
47 9 39 -1
48 6 16 -1
49 13 23 -1
50 2 12 -1
51 19 29 -1
52 26 36 -1
53 3 33 -1
54 20 30 -1
55 7 37 -1
56 4 14 -1
57 25 35 -1
58 18 28 -1
59 1 31 -1
60 42 45 -1
61 4 60 34
62 27 56 -1
63 37 45 -1
64 46 63 27
65 10 55 -1
66 61 62 -1
67 7 66 24
68 41 43 -1
69 25 68 15
70 8 57 -1
71 10 53 -1
72 54 71 10
73 33 46 -1
74 8 59 -1
75 58 74 18
76 31 41 -1
77 21 76 -1
78 18 77 8
79 21 56 -1
80 59 79 21
81 4 40 -1
82 30 64 -1
83 65 82 17
84 47 48 -1
85 26 84 16
86 9 52 -1
87 11 76 -1
88 75 87 28
89 34 62 -1
90 37 89 4
91 72 73 -1
92 13 91 20
93 16 86 -1
94 19 93 26
95 63 82 -1
96 49 95 30
97 17 55 -1
98 54 97 7
99 15 18 -1
100 70 99 25
101 44 47 -1
102 19 101 9
103 32 51 -1
104 57 58 -1
105 5 104 35
106 85 86 -1
107 29 106 6
108 24 55 -1
109 56 108 14
110 2 103 -1
111 9 110 19
112 27 65 -1
113 20 112 37
114 51 52 -1
115 6 114 36
116 40 42 -1
117 1 116 1
118 12 103 -1
119 102 118 39
120 48 49 -1
121 33 120 23
122 16 53 -1
123 13 52 -1
124 53 123 3
125 36 122 -1
126 121 125 13
127 52 125 -1
128 23 127 33
129 22 57 -1
130 50 129 2
131 35 44 -1
132 15 131 -1
133 130 132 32
134 2 44 -1
135 43 134 22
136 28 40 -1
137 41 136 38
138 20 73 -1
139 23 138 0
140 80 81 -1
141 24 140 31
142 69 70 -1
143 28 142 5
144 39 51 -1
145 50 144 29
146 12 131 -1
147 5 146 12
148 34 81 -1
149 31 148 11
