40 19 28 -1
41 8 39 -1
42 29 38 -1
43 9 18 -1
44 27 36 -1
45 17 26 -1
46 6 37 -1
47 7 16 -1
48 13 22 -1
49 25 34 -1
50 14 23 -1
51 2 33 -1
52 3 12 -1
53 15 24 -1
54 4 35 -1
55 21 40 -1
56 11 43 -1
57 31 42 -1
58 1 41 -1
59 32 58 -1
60 40 47 -1
61 18 44 -1
62 15 46 -1
63 3 49 -1
64 62 63 15
65 48 57 -1
66 63 65 3
67 35 45 -1
68 5 50 -1
69 67 68 35
70 51 56 -1
71 68 70 23
72 20 56 -1
73 5 44 -1
74 33 53 -1
75 73 74 5
76 52 55 -1
77 74 76 33
78 23 59 -1
79 13 54 -1
80 78 79 13
81 0 57 -1
82 32 50 -1
83 2 82 32
84 26 54 -1
85 6 53 -1
86 61 85 36
87 34 52 -1
88 22 87 12
89 28 46 -1
90 16 49 -1
91 89 90 6
92 4 48 -1
93 32 92 22
94 30 55 -1
95 24 51 -1
96 12 95 2
97 8 45 -1
98 23 68 -1
99 36 98 -1
100 97 99 26
101 20 41 -1
102 61 101 8
103 28 31 -1
104 76 103 21
105 10 22 -1
106 81 105 0
107 7 81 -1
108 19 107 19
109 39 84 -1
110 82 109 4
111 47 84 -1
112 38 111 16
113 85 87 -1
114 19 113 24
115 18 21 -1
116 70 115 11
117 27 43 -1
118 62 117 27
119 1 38 -1
120 65 119 31
121 37 60 -1
122 25 121 37
123 25 79 -1
124 47 123 25
125 9 95 -1
126 99 125 14
127 9 37 -1
128 94 127 9
129 30 43 -1
130 89 129 18
131 10 42 -1
132 97 131 38
133 17 41 -1
134 73 133 17
135 7 42 -1
136 67 135 7
137 2 30 -1
138 72 137 20
139 8 11 -1
140 78 139 1
141 10 20 -1
142 59 141 10
143 0 94 -1
144 12 143 30
145 131 133 -1
146 119 145 29
147 38 60 -1
148 0 147 28
149 101 117 -1
150 139 149 39
151 29 92 -1
152 90 151 34
