40 28 39 -1
41 6 21 -1
42 10 35 -1
43 18 33 -1
44 15 30 -1
45 9 38 -1
46 19 34 -1
47 14 39 -1
48 3 40 -1
49 18 48 18
50 25 47 -1
51 4 15 -1
52 29 51 -1
53 1 26 -1
54 2 27 -1
55 8 19 -1
56 23 55 -1
57 38 56 38
58 5 46 -1
59 12 37 -1
60 11 36 -1
61 7 18 -1
62 16 31 -1
63 9 24 -1
64 13 45 -1
65 28 64 28
66 35 63 -1
67 17 32 -1
68 5 20 -1
69 0 25 -1
70 22 61 -1
71 30 69 -1
72 11 71 30
73 29 37 -1
74 70 73 37
75 36 50 -1
76 4 75 4
77 7 67 -1
78 40 77 7
79 24 58 -1
80 16 79 24
81 64 66 -1
82 3 81 3
83 1 20 -1
84 44 83 20
85 37 53 -1
86 8 29 -1
87 43 86 8
88 39 66 -1
89 42 88 39
90 17 45 -1
91 54 90 17
92 23 51 -1
93 43 92 23
94 63 79 -1
95 68 94 9
96 68 85 -1
97 84 96 5
98 27 59 -1
99 55 98 27
100 11 32 -1
101 41 100 11
102 12 53 -1
103 31 102 31
104 0 47 -1
105 29 104 29
106 21 42 -1
107 0 106 0
108 17 41 -1
109 25 108 -1
110 106 109 25
111 49 50 -1
112 43 111 33
113 8 85 -1
114 16 113 16
115 56 58 -1
116 13 115 13
117 10 31 -1
118 68 117 10
119 27 62 -1
120 118 119 -1
121 42 120 35
122 36 108 -1
123 28 122 36
124 21 62 -1
125 2 124 21
126 19 44 -1
127 52 126 19
128 26 60 -1
129 61 128 26
130 6 14 -1
131 66 130 14
132 6 38 -1
133 119 132 6
134 53 128 -1
135 22 134 1
136 26 34 -1
137 52 136 34
138 12 43 -1
139 30 70 -1
140 138 139 12
141 75 104 -1
142 15 141 -1
143 7 142 15
144 13 32 -1
145 54 144 -1
146 10 145 32
147 22 67 -1
148 0 147 -1
149 3 148 22
150 56 99 -1
151 20 150 -1
152 54 151 2
