40 11 36 -1
41 6 21 -1
42 1 26 -1
43 16 31 -1
44 12 37 -1
45 7 22 -1
46 17 32 -1
47 2 27 -1
48 15 30 -1
49 5 20 -1
50 0 25 -1
51 10 35 -1
52 14 39 -1
53 4 29 -1
54 19 34 -1
55 9 24 -1
56 13 38 -1
57 8 23 -1
58 3 28 -1
59 18 33 -1
60 44 47 -1
61 34 60 2
62 40 42 -1
63 33 62 1
64 44 45 -1
65 4 64 12
66 45 46 -1
67 14 66 22
68 41 43 -1
69 13 68 21
70 40 41 -1
71 3 70 11
72 42 43 -1
73 23 72 31
74 46 47 -1
75 24 74 32
76 52 55 -1
77 54 55 -1
78 48 49 -1
79 49 51 -1
80 2 9 -1
81 79 80 10
82 50 51 -1
83 48 50 -1
84 22 29 -1
85 83 84 30
86 52 53 -1
87 12 19 -1
88 78 87 20
89 53 54 -1
90 58 59 -1
91 57 59 -1
92 56 57 -1
93 32 39 -1
94 82 93 0
95 56 58 -1
96 27 92 -1
97 20 96 38
98 18 25 -1
99 70 98 36
100 35 92 -1
101 80 100 13
102 34 78 -1
103 27 102 5
104 17 95 -1
105 10 104 28
106 18 86 -1
107 11 106 29
108 3 76 -1
109 36 108 14
110 5 72 -1
111 38 110 16
112 93 95 -1
113 25 112 3
114 8 15 -1
115 62 114 26
116 19 26 -1
117 64 116 37
118 37 91 -1
119 30 118 8
120 16 89 -1
121 23 120 34
122 9 60 -1
123 16 122 27
124 24 79 -1
125 17 124 35
126 7 14 -1
127 82 126 25
128 4 37 -1
129 83 128 15
130 1 89 -1
131 8 130 19
132 31 77 -1
133 38 132 9
134 0 7 -1
135 90 134 18
136 15 90 -1
137 84 136 33
138 33 86 -1
139 26 138 4
140 28 68 -1
141 35 140 6
142 87 91 -1
143 5 142 23
144 21 58 -1
145 108 144 39
146 39 74 -1
147 6 146 17
148 6 77 -1
149 13 148 24
150 29 66 -1
151 36 150 7
