22 9 14 -1
23 17 19 -1
24 6 12 -1
25 21 24 -1
26 13 22 -1
27 16 26 -1
28 23 25 -1
29 27 28 7
30 5 15 -1
31 11 30 -1
32 28 31 -1
33 22 32 17
34 2 7 -1
35 18 34 -1
36 31 35 -1
37 26 36 6
38 3 20 -1
39 1 38 -1
40 30 39 -1
41 27 40 5
42 20 24 -1
43 10 42 -1
44 27 43 -1
45 37 44 2
46 4 9 -1
47 2 46 -1
48 0 42 -1
49 47 48 -1
50 32 49 1
51 11 38 -1
52 47 51 -1
53 10 25 -1
54 52 53 19
55 8 52 -1
56 6 55 -1
57 17 56 -1
58 31 57 16
59 24 57 -1
60 26 59 -1
61 48 60 18
62 4 44 -1
63 47 56 -1
64 62 63 14
65 34 61 -1
66 6 65 -1
67 40 66 -1
68 50 67 8
69 13 54 -1
70 2 69 -1
71 55 70 -1
72 39 71 20
73 4 38 -1
74 68 69 -1
75 61 73 -1
76 74 75 3
77 5 74 -1
78 1 77 -1
79 44 78 21
80 37 75 -1
81 19 80 -1
82 40 81 -1
83 59 82 0
84 11 77 -1
85 22 83 -1
86 50 84 -1
87 85 86 12
88 46 84 -1
89 80 88 -1
90 10 89 9
91 24 72 -1
92 87 91 -1
93 2 29 -1
94 92 93 13
95 54 92 -1
96 79 86 -1
97 95 96 4
98 14 27 -1
99 6 98 -1
100 92 99 11
101 11 99 -1
102 74 87 -1
103 96 102 -1
104 101 103 10
105 1 86 -1
106 6 33 -1
107 105 106 -1
108 16 107 15
