58 17 36 -1
59 2 37 -1
60 10 51 -1
61 20 53 -1
62 9 24 -1
63 9 16 -1
64 38 54 -1
65 5 50 -1
66 33 55 -1
67 2 28 -1
68 13 47 -1
69 0 19 -1
70 3 67 -1
71 11 45 -1
72 26 43 -1
73 40 53 -1
74 17 52 -1
75 4 18 -1
76 47 58 -1
77 14 36 -1
78 7 76 -1
79 37 52 -1
80 26 29 -1
81 34 80 -1
82 7 11 -1
83 12 51 -1
84 4 32 -1
85 7 39 -1
86 6 21 -1
87 27 38 -1
88 23 31 -1
89 46 77 -1
90 23 26 -1
91 4 22 -1
92 30 66 -1
93 58 62 -1
94 22 81 -1
95 49 60 -1
96 35 46 -1
97 22 68 -1
98 43 48 -1
99 35 53 -1
100 34 38 -1
101 1 12 -1
102 32 73 -1
103 26 56 -1
104 29 48 -1
105 44 51 -1
106 25 61 -1
107 8 43 -1
108 15 80 -1
109 30 36 -1
110 14 28 -1
111 20 69 -1
112 40 64 -1
113 1 57 -1
114 0 30 -1
115 3 55 -1
116 18 42 -1
117 29 39 -1
118 5 24 -1
119 20 65 -1
120 37 84 -1
121 10 55 -1
122 41 82 -1
123 2 12 -1
124 18 46 -1
125 31 115 -1
126 15 43 -1
127 24 88 -1
128 87 109 -1
129 42 44 -1
130 0 50 -1
131 61 89 -1
132 90 131 19
133 63 89 -1
134 78 133 22
135 13 108 -1
136 92 135 21
137 94 96 -1
138 82 137 55
139 72 91 -1
140 93 139 51
141 114 117 -1
142 112 141 20
143 2 27 -1
144 98 143 -1
145 95 144 15
146 38 86 -1
147 12 59 -1
148 36 116 -1
149 109 146 -1
150 97 149 29
151 94 147 -1
152 6 151 47
153 83 90 -1
154 69 153 -1
155 74 154 35
156 19 74 -1
157 91 156 -1
158 64 157 25
159 36 105 -1
160 48 159 -1
161 102 160 17
162 60 73 -1
163 59 71 -1
164 162 163 34
165 84 95 -1
166 67 165 -1
167 56 166 40
168 31 93 -1
169 110 168 -1
170 32 169 56
171 55 99 -1
172 90 98 -1
173 171 172 14
174 104 110 -1
175 148 174 -1
176 143 175 9
177 103 118 -1
178 53 74 -1
179 177 178 16
180 61 107 -1
181 75 180 -1
182 101 181 45
183 54 92 -1
184 65 75 -1
185 183 184 43
186 76 79 -1
187 54 186 -1
188 104 187 54
189 17 21 -1
190 40 63 -1
191 162 190 -1
192 97 191 44
193 15 100 -1
194 71 193 -1
195 99 194 24
196 71 111 -1
197 55 63 -1
198 196 197 36
199 186 189 -1
200 119 199 -1
201 59 200 39
202 16 65 -1
203 85 121 -1
204 14 203 -1
205 120 204 52
206 79 101 -1
207 100 206 -1
208 18 207 18
209 37 50 -1
210 70 106 -1
211 209 210 38
212 6 72 -1
213 78 212 -1
214 45 213 46
215 58 125 -1
216 43 215 -1
217 114 216 48
218 113 126 -1
219 85 218 -1
220 5 219 26
221 41 202 -1
222 19 221 -1
223 124 222 23
224 59 82 -1
225 38 202 -1
226 224 225 -1
227 184 226 53
228 72 148 -1
229 3 81 -1
230 76 228 -1
231 229 230 50
232 19 63 -1
233 66 232 -1
234 70 233 -1
235 5 234 10
236 13 189 -1
237 10 236 -1
238 6 237 -1
239 112 238 30
240 200 202 -1
241 187 240 -1
242 108 241 -1
243 90 242 31
244 68 102 -1
245 52 244 -1
246 49 87 -1
247 245 246 13
248 20 120 -1
249 27 36 -1
250 122 248 -1
251 249 250 8
252 109 111 -1
253 80 252 -1
254 117 253 -1
255 10 254 42
256 29 115 -1
257 47 118 -1
258 256 257 -1
259 119 258 27
260 88 113 -1
261 16 22 -1
262 105 260 -1
263 261 262 49
264 62 123 -1
265 25 85 -1
266 122 264 -1
267 265 266 33
268 9 130 -1
269 143 146 -1
270 41 268 -1
271 269 270 11
272 34 127 -1
273 126 272 -1
274 2 273 -1
275 129 274 7
276 80 203 -1
277 174 276 -1
278 265 277 -1
279 177 278 5
280 14 41 -1
281 66 127 -1
282 96 281 -1
283 280 282 1
284 78 128 -1
285 110 284 -1
286 13 100 -1
287 285 286 2
288 45 57 -1
289 41 288 -1
290 70 103 -1
291 289 290 37
292 59 76 -1
293 18 114 -1
294 292 293 -1
295 53 284 -1
296 294 295 12
297 24 99 -1
298 42 297 -1
299 106 298 -1
300 49 83 -1
301 299 300 41
302 124 186 -1
303 264 292 -1
304 302 303 -1
305 15 304 -1
306 22 305 57
307 56 143 -1
308 21 61 -1
309 307 308 -1
310 147 309 -1
311 19 310 28
312 9 107 -1
313 38 79 -1
314 28 69 -1
315 312 314 -1
316 313 315 6
317 47 123 -1
318 15 105 -1
319 14 317 -1
320 318 319 -1
321 20 320 32
322 129 130 -1
323 45 322 -1
324 117 323 -1
325 4 28 -1
326 324 325 0
327 53 125 -1
328 6 327 -1
329 2 66 -1
330 56 329 -1
331 328 330 -1
332 85 331 3
333 7 26 -1
334 1 333 -1
335 64 65 -1
336 44 334 -1
337 335 336 -1
338 49 337 4
