46 4 26 -1
47 22 30 -1
48 7 31 -1
49 15 24 -1
50 25 34 -1
51 8 9 -1
52 6 10 -1
53 28 37 -1
54 19 35 -1
55 25 45 -1
56 16 31 -1
57 5 40 -1
58 17 20 -1
59 5 6 -1
60 4 8 -1
61 32 46 -1
62 34 37 -1
63 36 43 -1
64 39 41 -1
65 35 42 -1
66 1 44 -1
67 18 23 -1
68 12 61 -1
69 22 53 -1
70 47 48 -1
71 24 38 -1
72 52 71 -1
73 27 56 -1
74 2 15 -1
75 9 70 -1
76 3 51 -1
77 7 14 -1
78 11 65 -1
79 12 67 -1
80 10 17 -1
81 10 21 -1
82 16 43 -1
83 13 37 -1
84 29 44 -1
85 2 27 -1
86 18 70 -1
87 28 86 -1
88 72 87 30
89 56 60 -1
90 46 77 -1
91 16 83 -1
92 62 64 -1
93 32 66 -1
94 51 93 -1
95 50 90 -1
96 20 75 -1
97 12 57 -1
98 55 59 -1
99 55 63 -1
100 35 99 -1
101 4 47 -1
102 49 89 -1
103 22 75 -1
104 14 82 -1
105 28 81 -1
106 54 69 -1
107 31 40 -1
108 39 45 -1
109 75 108 -1
110 52 63 -1
111 0 73 -1
112 56 78 -1
113 12 53 -1
114 33 74 -1
115 34 82 -1
116 54 115 -1
117 38 39 -1
118 25 80 -1
119 10 49 -1
120 6 18 -1
121 47 68 -1
122 79 117 -1
123 0 39 -1
124 36 84 -1
125 20 21 -1
126 17 34 -1
127 35 76 -1
128 96 97 -1
129 41 128 24
130 100 101 -1
131 96 130 43
132 67 92 -1
133 94 132 1
134 84 113 -1
135 89 134 13
136 62 121 -1
137 54 136 38
138 7 98 -1
139 73 138 -1
140 58 139 42
141 22 95 -1
142 33 141 -1
143 86 142 16
144 44 51 -1
145 98 104 -1
146 42 145 -1
147 125 146 37
148 1 110 -1
149 109 148 -1
150 31 149 0
151 24 57 -1
152 111 124 -1
153 151 152 36
154 49 120 -1
155 121 122 -1
156 154 155 4
157 80 91 -1
158 77 157 -1
159 92 158 15
160 48 106 -1
161 59 160 -1
162 78 161 40
163 89 91 -1
164 114 163 -1
165 68 164 26
166 61 101 -1
167 141 166 -1
168 144 167 29
169 76 109 -1
170 26 28 -1
171 169 170 41
172 40 118 -1
173 116 172 -1
174 2 173 34
175 41 107 -1
176 65 175 -1
177 108 176 -1
178 46 177 12
179 72 103 -1
180 36 179 -1
181 102 180 8
182 11 119 -1
183 90 182 -1
184 66 183 45
185 71 76 -1
186 74 185 -1
187 50 186 18
188 37 160 -1
189 6 163 -1
190 188 189 -1
191 17 190 3
192 11 68 -1
193 55 69 -1
194 18 193 -1
195 192 194 9
196 41 91 -1
197 112 120 -1
198 196 197 -1
199 29 198 25
200 37 74 -1
201 4 200 -1
202 110 123 -1
203 201 202 23
204 79 85 -1
205 29 107 -1
206 77 204 -1
207 205 206 32
208 78 182 -1
209 120 208 -1
210 62 209 -1
211 33 210 22
212 111 170 -1
213 23 105 -1
214 115 212 -1
215 213 214 11
216 20 26 -1
217 13 79 -1
218 216 217 -1
219 112 218 7
220 28 43 -1
221 118 220 -1
222 104 157 -1
223 119 221 -1
224 97 223 19
225 100 222 -1
226 17 225 -1
227 85 226 33
228 62 71 -1
229 29 99 -1
230 60 229 -1
231 228 230 5
232 58 202 -1
233 221 222 -1
234 148 233 -1
235 232 234 31
236 3 57 -1
237 29 105 -1
238 236 237 -1
239 101 238 27
240 122 126 -1
241 42 240 -1
242 103 109 -1
243 241 242 14
244 20 117 -1
245 31 116 -1
246 44 244 -1
247 245 246 35
248 24 46 -1
249 27 248 -1
250 50 249 -1
251 105 250 17
252 37 102 -1
253 3 93 -1
254 31 253 -1
255 252 254 39
256 9 73 -1
257 72 256 -1
258 54 257 -1
259 14 258 6
260 24 144 -1
261 11 125 -1
262 126 261 -1
263 260 262 21
264 6 170 -1
265 64 103 -1
266 86 265 -1
267 264 266 -1
268 58 267 44
269 5 38 -1
270 16 30 -1
271 23 269 -1
272 127 271 -1
273 270 272 20
274 15 172 -1
275 66 175 -1
276 19 274 -1
277 53 276 -1
278 275 277 2
279 6 9 -1
280 125 279 -1
281 124 127 -1
282 85 281 -1
283 280 282 10
284 211 279 -1
285 198 284 -1
286 115 256 -1
287 224 285 -1
288 274 287 -1
289 286 288 28
