46 4 26 -1
47 25 34 -1
48 10 24 -1
49 21 27 -1
50 46 47 -1
51 28 48 -1
52 49 51 -1
53 50 52 17
54 18 31 -1
55 30 50 -1
56 14 55 -1
57 33 54 -1
58 56 57 16
59 8 9 -1
60 44 59 -1
61 32 60 -1
62 7 26 -1
63 61 62 -1
64 56 63 29
65 22 30 -1
66 6 7 -1
67 38 66 -1
68 51 65 -1
69 67 68 -1
70 54 69 30
71 15 24 -1
72 38 59 -1
73 3 72 -1
74 2 47 -1
75 73 74 -1
76 71 75 18
77 16 35 -1
78 23 77 -1
79 30 73 -1
80 5 78 -1
81 79 80 20
82 10 43 -1
83 19 77 -1
84 17 82 -1
85 40 84 -1
86 74 83 -1
87 85 86 34
88 12 25 -1
89 5 15 -1
90 51 88 -1
91 85 89 -1
92 90 91 19
93 35 37 -1
94 19 22 -1
95 93 94 -1
96 32 88 -1
97 55 95 -1
98 96 97 38
99 31 34 -1
100 23 99 -1
101 0 82 -1
102 26 49 -1
103 100 102 -1
104 101 103 11
105 39 41 -1
106 1 37 -1
107 61 106 -1
108 54 100 -1
109 107 108 -1
110 105 109 1
111 4 71 -1
112 3 111 -1
113 16 112 -1
114 107 113 -1
115 9 114 39
116 36 66 -1
117 48 116 -1
118 113 117 -1
119 79 118 8
120 29 40 -1
121 21 120 -1
122 89 121 -1
123 112 122 -1
124 68 123 27
125 17 20 -1
126 24 34 -1
127 60 125 -1
128 11 21 -1
129 126 127 -1
130 128 129 21
131 39 65 -1
132 62 131 -1
133 23 111 -1
134 32 67 -1
135 133 134 -1
136 132 135 4
137 31 45 -1
138 8 28 -1
139 3 138 -1
140 132 139 -1
141 137 140 41
142 46 137 -1
143 35 42 -1
144 40 105 -1
145 142 143 -1
146 144 145 12
147 66 95 -1
148 13 17 -1
149 4 138 -1
150 148 149 -1
151 147 150 3
152 11 28 -1
153 5 31 -1
154 147 153 -1
155 143 152 -1
156 154 155 40
157 9 131 -1
158 45 116 -1
159 82 158 -1
160 1 157 -1
161 159 160 0
162 37 155 -1
163 54 162 -1
164 96 163 -1
165 22 145 -1
166 164 165 9
167 13 28 -1
168 6 163 -1
169 41 167 -1
170 168 169 -1
171 29 170 25
172 10 99 -1
173 33 172 -1
174 168 173 -1
175 71 152 -1
176 174 175 22
177 12 20 -1
178 157 177 -1
179 144 178 -1
180 153 179 -1
181 7 180 24
182 72 172 -1
183 83 182 -1
184 127 183 -1
185 39 84 -1
186 184 185 35
187 6 27 -1
188 14 126 -1
189 187 188 -1
190 8 189 -1
191 183 190 6
192 153 187 -1
193 90 170 -1
194 192 193 -1
195 176 194 -1
196 47 195 28
197 7 16 -1
198 25 125 -1
199 192 197 -1
200 45 199 -1
201 198 200 42
202 48 188 -1
203 148 202 -1
204 197 203 -1
205 105 204 15
206 93 167 -1
207 26 177 -1
208 78 163 -1
209 206 208 -1
210 207 209 7
211 10 44 -1
212 117 120 -1
213 211 212 -1
214 0 199 -1
215 213 214 36
216 74 189 -1
217 7 206 -1
218 158 216 -1
219 217 218 -1
220 51 219 33
221 36 88 -1
222 212 216 -1
223 221 222 -1
224 172 223 -1
225 108 224 32
226 42 43 -1
227 146 221 -1
228 132 179 -1
229 226 228 -1
230 227 229 43
231 106 169 -1
232 14 198 -1
233 0 105 -1
234 232 233 -1
235 231 234 31
236 177 200 -1
237 121 236 -1
238 226 237 -1
239 74 238 -1
240 224 239 37
241 14 111 -1
242 1 241 -1
243 62 242 -1
244 211 243 -1
245 11 244 45
246 18 41 -1
247 67 125 -1
248 79 247 -1
249 140 246 -1
250 248 249 44
251 37 149 -1
252 29 251 -1
253 12 16 -1
254 31 44 -1
255 252 254 -1
256 253 255 13
257 51 67 -1
258 252 257 -1
259 47 159 -1
260 258 259 5
261 19 48 -1
262 148 261 -1
263 231 262 -1
264 254 263 -1
265 25 264 -1
266 71 265 2
267 2 237 -1
268 28 230 -1
269 92 113 -1
270 127 269 -1
271 268 270 -1
272 267 271 10
273 10 140 -1
274 118 273 -1
275 86 274 -1
276 97 101 -1
277 275 276 -1
278 149 277 23
279 208 211 -1
280 45 184 -1
281 177 280 -1
282 152 279 -1
283 95 282 -1
284 281 283 14
285 76 136 -1
286 90 209 -1
287 174 285 -1
288 113 157 -1
289 286 287 -1
290 288 289 26
