44 25 41 -1
45 0 8 -1
46 5 20 -1
47 24 27 -1
48 4 35 -1
49 29 38 -1
50 7 15 -1
51 31 39 -1
52 21 28 -1
53 3 43 -1
54 11 12 -1
55 18 22 -1
56 10 16 -1
57 2 40 -1
58 17 19 -1
59 9 44 -1
60 6 26 -1
61 13 26 -1
62 23 33 -1
63 50 51 -1
64 14 40 -1
65 17 30 -1
66 37 54 -1
67 20 36 -1
68 0 22 -1
69 48 60 -1
70 25 45 -1
71 12 52 -1
72 1 57 -1
73 16 46 -1
74 10 41 -1
75 8 72 -1
76 9 24 -1
77 46 49 -1
78 21 32 -1
79 3 73 -1
80 24 43 -1
81 64 77 -1
82 42 74 -1
83 47 70 -1
84 55 66 -1
85 29 53 -1
86 32 34 -1
87 18 25 -1
88 19 82 -1
89 81 87 -1
90 38 74 -1
91 7 57 -1
92 0 21 -1
93 65 70 -1
94 10 39 -1
95 59 92 -1
96 14 67 -1
97 40 52 -1
98 31 35 -1
99 3 61 -1
100 13 16 -1
101 56 76 -1
102 97 98 -1
103 33 73 -1
104 79 89 -1
105 23 79 -1
106 33 96 -1
107 62 68 -1
108 30 95 -1
109 12 33 -1
110 42 71 -1
111 85 106 -1
112 2 60 -1
113 11 91 -1
114 22 48 -1
115 58 101 -1
116 50 77 -1
117 28 54 -1
118 44 78 -1
119 5 37 -1
120 84 117 -1
121 61 97 -1
122 0 67 -1
123 6 58 -1
124 83 100 -1
125 69 80 -1
126 12 63 -1
127 29 75 -1
128 35 100 -1
129 53 78 -1
130 36 70 -1
131 15 30 -1
132 54 62 -1
133 27 105 -1
134 15 114 -1
135 27 28 -1
136 2 88 -1
137 6 38 -1
138 93 132 -1
139 82 92 -1
140 4 43 -1
141 121 139 -1
142 7 99 -1
143 59 142 -1
144 95 137 -1
145 84 86 -1
146 115 117 -1
147 116 146 3
148 93 110 -1
149 63 148 11
150 94 118 -1
151 111 150 20
152 108 112 -1
153 105 152 31
154 88 103 -1
155 102 154 14
156 63 83 -1
157 104 156 2
158 82 123 -1
159 122 158 -1
160 124 159 22
161 66 106 -1
162 107 161 -1
163 121 162 32
164 47 107 -1
165 56 126 -1
166 164 165 18
167 68 74 -1
168 106 167 -1
169 52 168 -1
170 133 169 23
171 5 83 -1
172 69 113 -1
173 171 172 39
174 108 119 -1
175 94 128 -1
176 174 175 19
177 17 31 -1
178 84 125 -1
179 49 177 -1
180 178 179 1
181 63 74 -1
182 130 181 -1
183 75 182 -1
184 26 183 16
185 31 99 -1
186 76 134 -1
187 185 186 -1
188 113 187 40
189 109 114 -1
190 3 94 -1
191 81 190 -1
192 189 191 28
193 105 122 -1
194 37 75 -1
195 80 193 -1
196 194 195 13
197 5 141 -1
198 55 197 -1
199 85 135 -1
200 198 199 37
201 46 167 -1
202 71 129 -1
203 64 90 -1
204 202 203 -1
205 83 204 0
206 11 127 -1
207 164 206 -1
208 7 207 -1
209 201 208 8
210 17 143 -1
211 140 210 -1
212 126 211 -1
213 14 212 29
214 73 131 -1
215 18 132 -1
216 129 214 -1
217 215 216 41
218 51 109 -1
219 89 218 -1
220 4 219 -1
221 19 220 43
222 70 72 -1
223 69 222 -1
224 141 143 -1
225 223 224 15
226 35 104 -1
227 118 120 -1
228 113 226 -1
229 227 228 5
230 10 92 -1
231 48 230 -1
232 115 127 -1
233 231 232 26
234 119 140 -1
235 31 234 -1
236 32 138 -1
237 235 236 7
238 55 94 -1
239 80 238 -1
240 98 239 -1
241 144 240 -1
242 70 241 30
243 49 139 -1
244 238 243 -1
245 145 236 -1
246 244 245 34
247 30 201 -1
248 67 139 -1
249 189 248 -1
250 199 249 -1
251 247 250 36
252 29 94 -1
253 87 252 -1
254 135 253 -1
255 101 254 -1
256 136 255 33
257 3 87 -1
258 133 257 -1
259 65 258 -1
260 63 259 -1
261 137 260 4
262 46 86 -1
263 19 262 -1
264 9 263 -1
265 102 264 -1
266 99 265 42
267 23 119 -1
268 71 99 -1
269 47 267 -1
270 58 268 -1
271 269 270 21
272 116 123 -1
273 40 272 -1
274 78 80 -1
275 36 273 -1
276 274 275 10
277 26 120 -1
278 106 277 -1
279 1 278 -1
280 19 279 -1
281 80 280 17
282 0 136 -1
283 44 282 -1
284 54 283 -1
285 134 284 -1
286 49 285 27
287 86 127 -1
288 67 112 -1
289 131 288 -1
290 55 287 -1
291 289 290 24
292 42 135 -1
293 20 125 -1
294 59 293 -1
295 23 294 -1
296 292 295 25
297 41 103 -1
298 5 43 -1
299 145 297 -1
300 65 298 -1
301 299 300 38
302 4 101 -1
303 34 302 -1
304 36 124 -1
305 91 303 -1
306 18 305 -1
307 304 306 35
308 130 143 -1
309 154 278 -1
310 50 117 -1
311 79 309 -1
312 308 311 -1
313 310 312 9
314 111 215 -1
315 147 170 -1
316 15 314 -1
317 315 316 -1
318 68 317 -1
319 83 318 12
320 95 305 -1
321 66 217 -1
322 124 134 -1
323 209 322 -1
324 321 323 -1
325 320 324 6
