36 12 23 -1
37 3 22 -1
38 6 7 -1
39 8 29 -1
40 20 31 -1
41 18 34 -1
42 2 17 -1
43 11 33 -1
44 2 10 -1
45 28 39 -1
46 32 36 -1
47 0 19 -1
48 1 38 -1
49 14 37 -1
50 9 16 -1
51 13 21 -1
52 4 12 -1
53 5 35 -1
54 8 26 -1
55 15 27 -1
56 17 50 -1
57 25 31 -1
58 41 49 -1
59 9 44 -1
60 19 36 -1
61 0 30 -1
62 22 24 -1
63 45 46 -1
64 16 32 -1
65 4 15 -1
66 43 60 -1
67 3 55 -1
68 27 35 -1
69 40 53 -1
70 7 54 -1
71 43 55 -1
72 5 62 -1
73 24 63 -1
74 39 51 -1
75 58 69 -1
76 29 40 -1
77 56 68 -1
78 49 50 -1
79 10 28 -1
80 8 30 -1
81 18 69 -1
82 7 20 -1
83 5 6 -1
84 61 72 -1
85 0 57 -1
86 48 67 -1
87 51 71 -1
88 23 87 -1
89 34 88 -1
90 46 80 -1
91 64 79 -1
92 1 78 -1
93 23 48 -1
94 37 82 -1
95 21 59 -1
96 34 42 -1
97 33 93 -1
98 5 47 -1
99 68 70 -1
100 22 42 -1
101 21 64 -1
102 59 92 -1
103 11 41 -1
104 38 65 -1
105 28 81 -1
106 25 67 -1
107 33 52 -1
108 84 107 -1
109 4 72 -1
110 60 100 -1
111 98 100 -1
112 97 111 14
113 47 73 -1
114 65 113 10
115 101 103 -1
116 86 115 32
117 66 75 -1
118 76 117 1
119 90 94 -1
120 91 119 16
121 10 85 -1
122 89 121 27
123 105 106 -1
124 70 123 6
125 48 77 -1
126 76 125 9
127 75 83 -1
128 45 127 28
129 69 108 -1
130 64 129 -1
131 127 130 0
132 93 102 -1
133 30 82 -1
134 81 95 -1
135 3 36 -1
136 134 135 26
137 43 96 -1
138 90 137 -1
139 57 138 29
140 83 133 -1
141 18 63 -1
142 140 141 19
143 21 75 -1
144 77 143 -1
145 14 144 31
146 73 74 -1
147 56 146 -1
148 57 147 35
149 52 74 -1
150 48 149 -1
151 37 150 11
152 77 92 -1
153 47 87 -1
154 152 153 4
155 76 79 -1
156 132 155 -1
157 13 156 2
158 97 99 -1
159 45 158 -1
160 59 159 18
161 54 85 -1
162 39 161 -1
163 86 162 17
164 52 54 -1
165 78 164 -1
166 53 165 -1
167 46 166 23
168 52 95 -1
169 26 168 -1
170 32 98 -1
171 169 170 15
172 12 25 -1
173 84 172 -1
174 6 102 -1
175 173 174 3
176 13 56 -1
177 44 80 -1
178 176 177 -1
179 104 178 33
180 19 79 -1
181 65 180 -1
182 3 89 -1
183 181 182 34
184 20 66 -1
185 26 184 -1
186 109 185 -1
187 13 186 25
188 114 133 -1
189 43 132 -1
190 131 189 -1
191 188 190 24
192 27 109 -1
193 129 192 -1
194 44 193 -1
195 94 194 8
196 21 105 -1
197 82 196 -1
198 108 197 -1
199 85 198 22
200 8 101 -1
201 12 58 -1
202 110 200 -1
203 201 202 30
204 108 149 -1
205 38 204 -1
206 86 205 -1
207 87 206 -1
208 96 207 7
209 56 71 -1
210 6 209 -1
211 91 210 -1
212 30 211 13
213 24 31 -1
214 14 34 -1
215 213 214 -1
216 113 215 -1
217 2 216 20
218 9 11 -1
219 12 218 -1
220 31 42 -1
221 99 219 -1
222 220 221 12
223 9 104 -1
224 36 54 -1
225 34 40 -1
226 224 225 -1
227 223 226 21
228 106 203 -1
229 204 228 -1
230 22 192 -1
231 229 230 -1
232 131 231 5
