32 1 3 -1
33 9 17 -1
34 23 30 -1
35 25 32 -1
36 7 13 -1
37 33 34 -1
38 15 28 -1
39 35 36 -1
40 37 38 -1
41 39 40 11
42 0 29 -1
43 9 24 -1
44 30 43 -1
45 28 42 -1
46 41 44 -1
47 45 46 13
48 16 18 -1
49 4 15 -1
50 25 49 -1
51 37 50 -1
52 47 51 -1
53 48 52 19
54 19 21 -1
55 27 51 -1
56 22 55 -1
57 16 56 -1
58 54 57 -1
59 35 58 4
60 1 14 -1
61 29 40 -1
62 9 20 -1
63 60 61 -1
64 62 63 -1
65 57 64 9
66 4 10 -1
67 2 5 -1
68 34 66 -1
69 22 68 -1
70 63 69 -1
71 67 70 18
72 6 31 -1
73 12 68 -1
74 42 72 -1
75 21 74 -1
76 32 75 -1
77 73 76 31
78 8 12 -1
79 26 48 -1
80 50 70 -1
81 78 79 -1
82 28 81 -1
83 80 82 1
84 10 18 -1
85 35 81 -1
86 20 37 -1
87 85 86 -1
88 84 87 2
89 66 85 -1
90 24 26 -1
91 6 90 -1
92 89 91 8
93 7 31 -1
94 44 93 -1
95 14 94 -1
96 20 95 -1
97 80 96 27
98 11 78 -1
99 31 98 -1
100 89 99 -1
101 14 100 -1
102 62 101 3
103 2 19 -1
104 10 103 -1
105 79 104 -1
106 93 105 -1
107 73 106 12
108 0 8 -1
109 5 108 -1
110 49 109 -1
111 56 110 -1
112 104 111 6
113 77 102 -1
114 7 27 -1
115 107 113 -1
116 9 115 -1
117 114 116 7
118 36 50 -1
119 30 118 -1
120 115 119 -1
121 42 120 29
122 60 98 -1
123 5 119 -1
124 66 123 -1
125 122 124 25
126 5 9 -1
127 88 113 -1
128 74 127 -1
129 126 128 -1
130 3 129 10
131 11 59 -1
132 43 57 -1
133 131 132 -1
134 12 128 -1
135 133 134 15
136 117 131 -1
137 86 136 -1
138 13 137 -1
139 32 124 -1
140 138 139 17
141 67 102 -1
142 112 136 -1
143 91 142 -1
144 141 143 16
145 28 137 -1
146 18 35 -1
147 121 146 -1
148 44 145 -1
149 147 148 28
150 111 123 -1
151 145 150 -1
152 39 151 -1
153 14 152 21
154 44 139 -1
155 150 154 -1
156 131 155 -1
157 19 156 26
158 110 146 -1
159 74 158 -1
160 63 96 -1
161 159 160 5
162 19 114 -1
163 8 104 -1
164 38 162 -1
165 75 163 -1
166 164 165 24
167 126 164 -1
168 37 48 -1
169 11 167 -1
170 168 169 22
171 159 163 -1
172 29 118 -1
173 9 171 -1
174 172 173 20
175 12 56 -1
176 2 47 -1
177 24 176 -1
178 94 175 -1
179 177 178 30
180 34 170 -1
181 3 180 -1
182 92 181 -1
183 19 154 -1
184 182 183 14
185 101 120 -1
186 40 87 -1
187 16 186 -1
188 73 185 -1
189 187 188 23
190 23 103 -1
191 76 82 -1
192 72 109 -1
193 190 191 -1
194 192 193 0
