60 15 42 -1
61 1 4 -1
62 33 41 -1
63 6 57 -1
64 7 21 -1
65 34 35 -1
66 28 59 -1
67 35 43 -1
68 8 54 -1
69 17 44 -1
70 25 36 -1
71 9 47 -1
72 19 39 -1
73 6 61 -1
74 32 49 -1
75 22 52 -1
76 51 53 -1
77 41 51 -1
78 7 18 -1
79 34 59 -1
80 26 27 -1
81 13 48 -1
82 0 51 -1
83 42 46 -1
84 60 79 -1
85 44 45 -1
86 12 55 -1
87 17 58 -1
88 11 53 -1
89 20 39 -1
90 69 83 -1
91 30 42 -1
92 10 81 -1
93 2 73 -1
94 2 64 -1
95 9 88 -1
96 18 50 -1
97 31 83 -1
98 16 55 -1
99 14 30 -1
100 3 21 -1
101 5 49 -1
102 0 10 -1
103 37 102 -1
104 18 63 -1
105 2 68 -1
106 13 23 -1
107 29 34 -1
108 1 32 -1
109 26 56 -1
110 44 60 -1
111 38 49 -1
112 17 52 -1
113 25 46 -1
114 24 29 -1
115 20 23 -1
116 8 14 -1
117 57 82 -1
118 51 107 -1
119 39 67 -1
120 38 52 -1
121 16 76 -1
122 27 50 -1
123 53 84 -1
124 31 72 -1
125 22 121 -1
126 7 65 -1
127 11 49 -1
128 42 74 -1
129 3 127 -1
130 24 128 -1
131 82 93 -1
132 96 131 52
133 92 95 -1
134 85 133 50
135 62 128 -1
136 73 135 33
137 94 97 -1
138 99 137 41
139 91 103 -1
140 13 47 -1
141 139 140 17
142 20 101 -1
143 76 142 -1
144 70 143 15
145 117 125 -1
146 45 124 -1
147 145 146 11
148 59 87 -1
149 67 104 -1
150 148 149 39
151 33 43 -1
152 5 84 -1
153 151 152 27
154 5 94 -1
155 17 154 -1
156 80 155 23
157 137 154 -1
158 98 157 -1
159 96 158 51
160 77 78 -1
161 75 160 -1
162 54 161 18
163 3 27 -1
164 66 163 -1
165 103 164 25
166 37 86 -1
167 28 166 -1
168 90 167 46
169 17 124 -1
170 55 129 -1
171 169 170 43
172 71 106 -1
173 100 172 -1
174 32 173 21
175 39 98 -1
176 25 175 -1
177 123 176 8
178 60 65 -1
179 48 112 -1
180 178 179 16
181 1 117 -1
182 114 181 -1
183 111 182 59
184 15 54 -1
185 63 118 -1
186 184 185 29
187 85 108 -1
188 101 187 -1
189 109 188 31
190 28 33 -1
191 93 190 -1
192 100 191 37
193 54 66 -1
194 71 90 -1
195 52 194 -1
196 84 195 9
197 2 25 -1
198 57 197 -1
199 110 198 -1
200 43 199 20
201 19 36 -1
202 69 77 -1
203 201 202 -1
204 105 203 4
205 16 17 -1
206 115 205 -1
207 54 206 -1
208 61 207 22
209 117 120 -1
210 118 209 -1
211 79 210 -1
212 122 211 44
213 48 56 -1
214 62 213 -1
215 121 214 -1
216 47 215 54
217 23 40 -1
218 47 57 -1
219 126 218 -1
220 217 219 24
221 116 218 -1
222 34 117 -1
223 113 221 -1
224 222 223 36
225 12 221 -1
226 77 225 -1
227 39 71 -1
228 226 227 42
229 65 227 -1
230 201 229 -1
231 25 50 -1
232 230 231 10
233 80 89 -1
234 52 113 -1
235 78 234 -1
236 233 235 7
237 13 69 -1
238 40 66 -1
239 237 238 -1
240 111 239 38
241 8 36 -1
242 37 241 -1
243 119 242 -1
244 108 243 30
245 32 68 -1
246 64 120 -1
247 95 246 -1
248 55 247 -1
249 14 248 13
250 25 101 -1
251 37 193 -1
252 22 250 -1
253 251 252 45
254 6 89 -1
255 130 254 -1
256 241 245 -1
257 255 256 49
258 70 81 -1
259 22 60 -1
260 258 259 -1
261 80 260 12
262 119 245 -1
263 0 55 -1
264 262 263 -1
265 21 264 0
266 14 125 -1
267 123 266 -1
268 110 126 -1
269 267 268 53
270 85 229 -1
271 42 270 -1
272 27 271 -1
273 172 272 2
274 19 130 -1
275 129 274 -1
276 43 97 -1
277 275 276 58
278 55 62 -1
279 75 278 -1
280 63 279 -1
281 23 280 47
282 50 105 -1
283 35 62 -1
284 282 283 -1
285 94 284 40
286 109 110 -1
287 21 286 -1
288 8 287 -1
289 10 288 32
290 1 91 -1
291 87 290 -1
292 105 291 -1
293 53 292 5
294 87 92 -1
295 3 30 -1
296 294 295 -1
297 112 296 28
298 7 74 -1
299 75 76 -1
300 298 299 -1
301 10 300 56
302 86 87 -1
303 20 107 -1
304 56 303 -1
305 302 304 55
306 56 57 -1
307 46 49 -1
308 19 306 -1
309 122 308 -1
310 307 309 26
311 27 283 -1
312 4 311 -1
313 11 99 -1
314 151 312 -1
315 313 314 48
316 70 198 -1
317 115 316 -1
318 66 218 -1
319 18 317 -1
320 318 319 34
321 5 47 -1
322 10 31 -1
323 24 78 -1
324 322 323 -1
325 321 324 19
326 115 303 -1
327 127 326 -1
328 72 327 -1
329 79 328 -1
330 48 329 57
331 46 104 -1
332 38 44 -1
333 41 331 -1
334 86 333 -1
335 332 334 3
336 50 114 -1
337 85 90 -1
338 43 337 -1
339 91 336 -1
340 338 339 35
341 40 55 -1
342 24 341 -1
343 53 70 -1
344 342 343 -1
345 112 344 -1
346 166 345 6
347 26 38 -1
348 19 347 -1
349 45 348 -1
350 88 190 -1
351 349 350 -1
352 193 351 14
353 15 48 -1
354 63 71 -1
355 14 58 -1
356 353 354 -1
357 254 355 -1
358 356 357 1
