50 21 39 -1
51 7 19 -1
52 32 41 -1
53 8 51 -1
54 34 35 -1
55 33 54 -1
56 50 52 -1
57 13 56 -1
58 53 57 -1
59 55 58 14
60 4 12 -1
61 9 45 -1
62 17 60 -1
63 10 55 -1
64 41 61 -1
65 18 63 -1
66 62 65 -1
67 64 66 12
68 11 34 -1
69 16 28 -1
70 3 39 -1
71 62 68 -1
72 53 70 -1
73 69 71 -1
74 72 73 45
75 40 44 -1
76 5 75 -1
77 34 42 -1
78 60 61 -1
79 70 77 -1
80 76 78 -1
81 79 80 18
82 43 46 -1
83 76 82 -1
84 15 83 -1
85 24 52 -1
86 62 84 -1
87 85 86 30
88 30 38 -1
89 28 77 -1
90 12 35 -1
91 64 90 -1
92 46 88 -1
93 91 92 -1
94 89 93 19
95 0 36 -1
96 8 95 -1
97 6 96 -1
98 18 31 -1
99 82 98 -1
100 89 99 -1
101 97 100 22
102 1 48 -1
103 39 45 -1
104 102 103 -1
105 46 57 -1
106 97 105 -1
107 104 106 42
108 2 47 -1
109 36 108 -1
110 44 68 -1
111 13 61 -1
112 102 111 -1
113 110 112 -1
114 109 113 13
115 1 49 -1
116 16 47 -1
117 10 30 -1
118 115 116 -1
119 113 117 -1
120 118 119 26
121 26 109 -1
122 75 121 -1
123 56 80 -1
124 91 123 -1
125 72 124 -1
126 122 125 5
127 3 49 -1
128 27 122 -1
129 9 127 -1
130 41 117 -1
131 128 129 -1
132 130 131 1
133 15 44 -1
134 128 133 -1
135 39 46 -1
136 115 134 -1
137 54 136 -1
138 135 137 11
139 16 37 -1
140 60 139 -1
141 21 32 -1
142 140 141 -1
143 63 142 -1
144 133 143 25
145 6 25 -1
146 24 90 -1
147 140 146 -1
148 112 147 -1
149 3 148 -1
150 145 149 10
151 20 49 -1
152 29 43 -1
153 31 151 -1
154 71 153 -1
155 21 33 -1
156 152 155 -1
157 154 156 32
158 40 48 -1
159 97 158 -1
160 153 159 -1
161 11 160 -1
162 108 161 46
163 42 129 -1
164 154 163 -1
165 25 158 -1
166 164 165 -1
167 88 166 -1
168 81 167 41
169 12 26 -1
170 95 151 -1
171 44 169 -1
172 62 171 -1
173 9 172 -1
174 53 170 -1
175 173 174 29
176 32 47 -1
177 92 176 -1
178 105 177 -1
179 129 151 -1
180 169 179 -1
181 178 180 49
182 45 116 -1
183 92 182 -1
184 147 152 -1
185 183 184 -1
186 75 172 -1
187 185 186 8
188 108 128 -1
189 34 40 -1
190 6 182 -1
191 188 189 -1
192 53 190 -1
193 191 192 34
194 25 121 -1
195 3 50 -1
196 102 188 -1
197 43 196 -1
198 194 197 -1
199 195 198 31
200 15 38 -1
201 22 200 -1
202 155 201 -1
203 7 24 -1
204 115 170 -1
205 203 204 -1
206 202 205 21
207 49 176 -1
208 163 207 -1
209 39 145 -1
210 202 208 -1
211 209 210 0
212 8 29 -1
213 157 205 -1
214 108 199 -1
215 212 213 -1
216 166 214 -1
217 215 216 9
218 37 49 -1
219 42 218 -1
220 200 219 -1
221 56 220 -1
222 2 212 -1
223 221 222 38
224 23 47 -1
225 153 224 -1
226 1 225 -1
227 181 226 -1
228 12 221 -1
229 227 228 33
230 95 141 -1
231 106 190 -1
232 82 231 -1
233 230 232 -1
234 226 233 28
235 41 121 -1
236 224 235 -1
237 13 37 -1
238 133 237 -1
239 236 238 -1
240 204 239 23
241 134 223 -1
242 152 241 -1
243 236 242 -1
244 77 243 -1
245 137 244 2
246 5 22 -1
247 36 246 -1
248 28 145 -1
249 52 219 -1
250 248 249 -1
251 247 250 20
252 10 14 -1
253 43 252 -1
254 112 246 -1
255 127 254 -1
256 91 253 -1
257 255 256 6
258 11 103 -1
259 190 237 -1
260 1 259 -1
261 28 253 -1
262 260 261 -1
263 258 262 37
264 31 92 -1
265 4 30 -1
266 160 265 -1
267 162 266 -1
268 264 267 -1
269 259 268 16
270 17 19 -1
271 29 270 -1
272 13 271 -1
273 178 258 -1
274 272 273 -1
275 15 274 15
276 35 270 -1
277 27 139 -1
278 207 277 -1
279 276 278 -1
280 75 279 -1
281 38 280 44
282 158 184 -1
283 54 282 -1
284 0 283 -1
285 16 265 -1
286 258 285 -1
287 284 286 39
288 108 224 -1
289 63 277 -1
290 89 289 -1
291 184 288 -1
292 19 290 -1
293 291 292 24
294 7 36 -1
295 29 294 -1
296 44 295 -1
297 37 264 -1
298 235 297 -1
299 296 298 40
300 47 115 -1
301 31 295 -1
302 68 300 -1
303 100 253 -1
304 301 303 -1
305 302 304 3
306 32 90 -1
307 218 282 -1
308 300 306 -1
309 73 308 -1
310 198 307 -1
311 309 310 17
312 14 88 -1
313 201 288 -1
314 83 313 -1
315 312 314 -1
316 50 315 -1
317 189 316 4
318 112 241 -1
319 107 318 -1
320 101 300 -1
321 319 320 -1
322 122 321 -1
323 244 322 43
324 110 294 -1
325 139 197 -1
326 127 325 -1
327 281 326 -1
328 309 327 -1
329 324 328 27
330 14 208 -1
331 24 330 -1
332 66 331 -1
333 141 276 -1
334 180 332 -1
335 333 334 7
336 8 22 -1
337 10 336 -1
338 67 337 -1
339 306 338 -1
340 164 339 -1
341 11 340 47
342 103 220 -1
343 159 342 -1
344 169 343 -1
345 211 344 -1
346 78 230 -1
347 345 346 35
348 222 253 -1
349 243 348 -1
350 9 330 -1
351 282 329 -1
352 349 350 -1
353 351 352 36
354 56 308 -1
355 117 354 -1
356 51 272 -1
357 94 355 -1
358 255 356 -1
359 304 358 -1
360 357 359 48
