32 17 31 -1
33 12 23 -1
34 21 27 -1
35 24 26 -1
36 3 9 -1
37 10 16 -1
38 7 29 -1
39 8 15 -1
40 25 30 -1
41 20 28 -1
42 18 32 -1
43 6 42 -1
44 35 36 -1
45 22 44 -1
46 2 11 -1
47 0 34 -1
48 14 21 -1
49 4 19 -1
50 22 43 -1
51 15 37 -1
52 1 51 -1
53 6 47 -1
54 13 33 -1
55 31 54 -1
56 1 45 -1
57 40 55 -1
58 39 50 -1
59 10 12 -1
60 30 38 -1
61 49 60 -1
62 20 57 -1
63 23 52 -1
64 8 48 -1
65 41 64 -1
66 28 59 -1
67 13 46 -1
68 5 29 -1
69 33 61 -1
70 5 17 -1
71 3 68 -1
72 47 62 -1
73 27 38 -1
74 26 63 -1
75 7 53 -1
76 9 19 -1
77 38 51 -1
78 18 67 -1
79 35 41 -1
80 21 58 -1
81 11 75 -1
82 26 32 -1
83 32 65 -1
84 56 83 15
85 48 60 -1
86 36 85 -1
87 3 37 -1
88 17 87 -1
89 81 82 -1
90 69 89 31
91 24 70 -1
92 2 44 -1
93 16 42 -1
94 21 83 -1
95 19 40 -1
96 12 39 -1
97 34 91 -1
98 78 79 -1
99 77 98 10
100 27 88 -1
101 21 69 -1
102 100 101 9
103 85 92 -1
104 62 100 -1
105 39 104 20
106 72 82 -1
107 86 106 19
108 57 80 -1
109 46 108 25
110 75 77 -1
111 45 110 12
112 25 91 -1
113 80 112 -1
114 61 113 4
115 28 97 -1
116 13 62 -1
117 92 116 -1
118 68 117 14
119 0 28 -1
120 82 94 -1
121 71 120 -1
122 50 121 8
123 41 96 -1
124 86 123 -1
125 55 124 23
126 72 74 -1
127 66 78 -1
128 126 127 1
129 11 54 -1
130 97 129 -1
131 74 130 13
132 17 46 -1
133 115 132 -1
134 56 96 -1
135 133 134 26
136 61 93 -1
137 13 136 -1
138 48 137 -1
139 9 138 11
140 25 39 -1
141 29 140 -1
142 101 103 -1
143 141 142 28
144 30 59 -1
145 56 67 -1
146 34 144 -1
147 145 146 18
148 11 140 -1
149 58 144 -1
150 79 149 -1
151 148 150 22
152 64 73 -1
153 2 93 -1
154 152 153 -1
155 74 154 2
156 31 85 -1
157 63 156 -1
158 58 157 -1
159 71 158 7
160 2 43 -1
161 63 95 -1
162 160 161 -1
163 41 162 5
164 26 38 -1
165 45 115 -1
166 113 164 -1
167 165 166 16
168 19 119 -1
169 42 168 -1
170 52 146 -1
171 169 170 -1
172 94 162 -1
173 171 172 27
174 56 87 -1
175 81 174 -1
176 78 103 -1
177 175 176 -1
178 102 177 21
179 54 111 -1
180 109 117 -1
181 179 180 -1
182 168 181 17
183 23 165 -1
184 168 183 -1
185 46 184 -1
186 24 185 30
187 30 74 -1
188 69 169 -1
189 9 188 -1
190 187 189 3
191 144 174 -1
192 138 171 -1
193 157 191 -1
194 192 193 24
195 122 131 -1
196 49 189 -1
197 170 196 -1
198 104 195 -1
199 197 198 0
200 54 145 -1
201 123 199 -1
202 8 201 -1
203 117 200 -1
204 202 203 29
205 1 42 -1
206 106 205 -1
207 35 71 -1
208 73 206 -1
209 207 208 6
