64 24 48 -1
65 21 56 -1
66 38 61 -1
67 11 39 -1
68 7 27 -1
69 45 56 -1
70 16 18 -1
71 10 41 -1
72 10 63 -1
73 38 43 -1
74 22 30 -1
75 39 46 -1
76 23 54 -1
77 8 18 -1
78 8 33 -1
79 5 49 -1
80 25 30 -1
81 16 27 -1
82 2 6 -1
83 3 19 -1
84 29 58 -1
85 45 52 -1
86 46 53 -1
87 37 86 -1
88 14 73 -1
89 1 47 -1
90 44 61 -1
91 43 55 -1
92 13 15 -1
93 9 46 -1
94 36 76 -1
95 33 74 -1
96 66 69 -1
97 40 61 -1
98 64 65 -1
99 62 80 -1
100 47 88 -1
101 4 42 -1
102 57 75 -1
103 58 73 -1
104 26 91 -1
105 18 84 -1
106 2 65 -1
107 23 78 -1
108 43 67 -1
109 32 72 -1
110 51 64 -1
111 12 15 -1
112 63 64 -1
113 10 31 -1
114 34 48 -1
115 11 92 -1
116 91 97 -1
117 11 113 -1
118 20 117 -1
119 23 44 -1
120 1 41 -1
121 63 119 -1
122 7 121 -1
123 118 122 55
124 13 49 -1
125 36 59 -1
126 17 27 -1
127 5 7 -1
128 9 18 -1
129 4 22 -1
130 126 129 -1
131 16 48 -1
132 56 59 -1
133 27 29 -1
134 31 56 -1
135 3 29 -1
136 32 135 -1
137 34 83 -1
138 8 39 -1
139 30 45 -1
140 44 74 -1
141 32 42 -1
142 40 74 -1
143 28 48 -1
144 0 58 -1
145 22 37 -1
146 12 57 -1
147 24 59 -1
148 25 52 -1
149 70 94 -1
150 104 149 38
151 5 98 -1
152 99 151 45
153 85 100 -1
154 101 153 62
155 52 105 -1
156 106 155 21
157 13 107 -1
158 120 157 -1
159 57 158 23
160 49 88 -1
161 116 160 -1
162 50 161 27
163 101 113 -1
164 25 163 -1
165 114 164 30
166 68 70 -1
167 63 136 -1
168 166 167 54
169 107 131 -1
170 80 169 -1
171 79 170 12
172 6 88 -1
173 96 115 -1
174 172 173 4
175 97 129 -1
176 96 175 -1
177 71 176 57
178 49 111 -1
179 139 141 -1
180 178 179 16
181 21 146 -1
182 144 181 -1
183 81 182 19
184 17 25 -1
185 67 96 -1
186 184 185 61
187 108 172 -1
188 47 48 -1
189 187 188 22
190 16 132 -1
191 7 98 -1
192 102 191 -1
193 17 192 11
194 68 125 -1
195 66 194 -1
196 26 195 28
197 130 140 -1
198 26 82 -1
199 81 110 -1
200 198 199 59
201 9 21 -1
202 83 201 -1
203 94 202 31
204 65 197 -1
205 81 204 -1
206 1 205 34
207 11 132 -1
208 40 112 -1
209 207 208 24
210 50 95 -1
211 86 210 -1
212 70 211 52
213 89 111 -1
214 34 87 -1
215 213 214 58
216 24 103 -1
217 5 78 -1
218 216 217 25
219 0 36 -1
220 99 219 -1
221 137 220 51
222 77 117 -1
223 54 222 -1
224 52 223 18
225 4 124 -1
226 20 225 -1
227 39 76 -1
228 226 227 29
229 28 57 -1
230 17 194 -1
231 197 230 -1
232 229 231 50
233 71 128 -1
234 127 233 -1
235 20 234 -1
236 55 235 53
237 93 126 -1
238 111 237 -1
239 28 238 -1
240 115 239 39
241 31 108 -1
242 53 128 -1
243 1 241 -1
244 242 243 37
245 36 142 -1
246 105 245 -1
247 47 53 -1
248 246 247 13
249 188 190 -1
250 13 249 -1
251 58 250 -1
252 93 251 15
253 2 109 -1
254 89 253 -1
255 19 33 -1
256 254 255 42
257 41 138 -1
258 137 257 -1
259 49 136 -1
260 258 259 40
261 72 145 -1
262 1 114 -1
263 49 262 -1
264 261 263 41
265 10 190 -1
266 106 116 -1
267 125 265 -1
268 266 267 8
269 0 35 -1
270 71 133 -1
271 90 270 -1
272 269 271 44
273 69 115 -1
274 118 273 -1
275 72 106 -1
276 274 275 56
277 4 38 -1
278 82 95 -1
279 277 278 -1
280 63 279 49
281 85 198 -1
282 75 281 -1
283 6 34 -1
284 282 283 20
285 58 102 -1
286 1 51 -1
287 25 285 -1
288 286 287 17
289 1 143 -1
290 104 289 -1
291 21 54 -1
292 290 291 32
293 75 87 -1
294 25 81 -1
295 103 293 -1
296 294 295 7
297 101 130 -1
298 79 297 -1
299 35 51 -1
300 298 299 35
301 15 67 -1
302 79 301 -1
303 68 302 -1
304 37 303 43
305 70 127 -1
306 69 305 -1
307 42 306 -1
308 12 307 60
309 135 138 -1
310 59 88 -1
311 309 310 -1
312 9 311 9
313 62 118 -1
314 120 134 -1
315 68 314 -1
316 313 315 2
317 30 47 -1
318 46 317 -1
319 112 318 -1
320 77 319 63
321 61 124 -1
322 51 60 -1
323 122 322 -1
324 321 323 3
325 36 60 -1
326 37 325 -1
327 77 109 -1
328 326 327 36
329 46 134 -1
330 130 329 -1
331 133 330 -1
332 15 331 48
333 37 66 -1
334 9 333 -1
335 110 119 -1
336 334 335 14
337 2 133 -1
338 83 337 -1
339 103 172 -1
340 60 339 -1
341 338 340 6
342 31 144 -1
343 50 62 -1
344 13 342 -1
345 343 344 -1
346 145 345 47
347 245 325 -1
348 7 143 -1
349 9 347 -1
350 348 349 -1
351 41 350 5
352 20 147 -1
353 18 22 -1
354 62 141 -1
355 353 354 -1
356 352 355 46
357 10 34 -1
358 93 139 -1
359 43 358 -1
360 357 359 -1
361 23 360 33
362 28 49 -1
363 3 6 -1
364 90 363 -1
365 362 364 -1
366 16 365 26
367 8 148 -1
368 10 92 -1
369 89 368 -1
370 27 367 -1
371 369 370 1
372 4 147 -1
373 146 148 -1
374 11 372 -1
375 373 374 -1
376 55 375 0
377 62 94 -1
378 23 377 -1
379 5 87 -1
380 85 378 -1
381 379 380 10
