34 16 25 -1
35 11 24 -1
36 19 33 -1
37 18 32 -1
38 21 22 -1
39 2 3 -1
40 0 36 -1
41 11 39 -1
42 8 13 -1
43 12 15 -1
44 5 31 -1
45 5 34 -1
46 16 23 -1
47 17 34 -1
48 35 47 -1
49 14 38 -1
50 7 11 -1
51 1 17 -1
52 25 29 -1
53 0 6 -1
54 1 4 -1
55 21 28 -1
56 20 30 -1
57 4 43 -1
58 3 12 -1
59 10 37 -1
60 17 26 -1
61 9 60 -1
62 10 54 -1
63 44 50 -1
64 40 63 -1
65 27 64 23
66 23 41 -1
67 22 32 -1
68 18 46 -1
69 18 42 -1
70 55 68 -1
71 2 69 -1
72 0 57 -1
73 58 72 -1
74 33 56 -1
75 26 27 -1
76 37 71 -1
77 13 44 -1
78 1 33 -1
79 6 57 -1
80 47 79 8
81 41 60 -1
82 40 81 16
83 14 69 -1
84 45 83 11
85 56 66 -1
86 67 85 27
87 38 62 -1
88 41 87 31
89 33 49 -1
90 48 89 1
91 42 50 -1
92 61 91 15
93 8 48 -1
94 0 93 -1
95 28 94 29
96 40 59 -1
97 45 96 3
98 40 71 -1
99 67 98 7
100 34 73 -1
101 6 100 -1
102 21 101 30
103 76 78 -1
104 77 103 -1
105 23 104 32
106 30 70 -1
107 67 106 -1
108 45 107 0
109 30 62 -1
110 52 109 -1
111 72 110 21
112 0 70 -1
113 37 112 -1
114 12 113 13
115 16 53 -1
116 48 61 -1
117 4 116 -1
118 5 117 26
119 14 115 -1
120 74 119 -1
121 7 120 17
122 51 68 -1
123 8 53 -1
124 122 123 33
125 49 112 -1
126 41 115 -1
127 125 126 5
128 19 25 -1
129 64 128 -1
130 10 129 25
131 54 75 -1
132 55 74 -1
133 131 132 2
134 52 76 -1
135 17 31 -1
136 134 135 19
137 36 57 -1
138 35 137 -1
139 23 138 18
140 30 59 -1
141 27 140 -1
142 35 141 9
143 9 15 -1
144 49 52 -1
145 143 144 12
146 16 135 -1
147 54 146 -1
148 137 147 28
149 91 93 -1
150 41 45 -1
151 149 150 24
152 14 73 -1
153 77 152 -1
154 24 153 4
155 51 114 -1
156 58 125 -1
157 13 156 -1
158 155 157 6
159 54 67 -1
160 11 159 -1
161 31 49 -1
162 160 161 14
163 5 37 -1
164 14 75 -1
165 163 164 -1
166 28 165 10
167 26 106 -1
168 2 55 -1
169 31 168 -1
170 19 167 -1
171 169 170 22
172 29 102 -1
173 45 72 -1
174 172 173 -1
175 38 78 -1
176 174 175 20
