52 8 12 -1
53 7 15 -1
54 24 43 -1
55 6 31 -1
56 16 21 -1
57 26 48 -1
58 9 50 -1
59 33 37 -1
60 5 10 -1
61 45 49 -1
62 47 52 -1
63 20 24 -1
64 19 54 -1
65 0 14 -1
66 17 60 -1
67 35 47 -1
68 12 29 -1
69 35 42 -1
70 22 32 -1
71 33 46 -1
72 38 63 -1
73 5 68 -1
74 23 48 -1
75 26 27 -1
76 19 21 -1
77 4 41 -1
78 3 23 -1
79 40 50 -1
80 2 3 -1
81 11 51 -1
82 14 17 -1
83 18 31 -1
84 30 44 -1
85 4 75 -1
86 34 42 -1
87 39 67 -1
88 61 72 -1
89 2 44 -1
90 31 70 -1
91 27 55 -1
92 16 28 -1
93 54 63 -1
94 34 56 -1
95 1 94 -1
96 13 15 -1
97 22 59 -1
98 26 53 -1
99 15 51 -1
100 0 36 -1
101 65 78 -1
102 1 25 -1
103 9 56 -1
104 16 29 -1
105 53 84 -1
106 10 101 -1
107 25 80 -1
108 64 86 -1
109 66 79 -1
110 74 76 -1
111 77 110 -1
112 46 92 -1
113 62 99 -1
114 10 47 -1
115 19 40 -1
116 44 115 -1
117 33 80 -1
118 17 29 -1
119 39 103 -1
120 62 89 -1
121 7 48 -1
122 83 121 -1
123 4 30 -1
124 49 69 -1
125 42 59 -1
126 58 91 -1
127 22 85 -1
128 13 90 -1
129 35 92 -1
130 2 73 -1
131 8 36 -1
132 50 96 -1
133 43 132 -1
134 9 31 -1
135 11 71 -1
136 49 100 -1
137 70 101 -1
138 96 114 -1
139 15 73 -1
140 33 135 -1
141 18 19 -1
142 81 97 -1
143 40 122 -1
144 130 143 -1
145 72 139 -1
146 1 79 -1
147 32 79 -1
148 87 109 -1
149 16 147 -1
150 18 41 -1
151 114 143 -1
152 102 150 -1
153 98 152 -1
154 24 52 -1
155 107 148 -1
156 45 155 39
157 112 145 -1
158 17 157 25
159 14 144 -1
160 23 159 17
161 62 105 -1
162 106 161 26
163 116 142 -1
164 17 163 -1
165 71 87 -1
166 0 140 -1
167 38 164 -1
168 124 167 1
169 27 113 -1
170 118 169 -1
171 95 170 35
172 121 126 -1
173 97 172 -1
174 1 173 14
175 37 107 -1
176 57 175 -1
177 108 176 23
178 38 106 -1
179 111 178 -1
180 26 179 18
181 88 129 -1
182 134 181 -1
183 52 182 50
184 100 153 -1
185 151 184 -1
186 121 185 36
187 58 136 -1
188 93 109 -1
189 69 188 -1
190 29 189 -1
191 55 190 41
192 120 125 -1
193 21 192 -1
194 14 91 -1
195 193 194 4
196 93 117 -1
197 82 98 -1
198 113 197 -1
199 196 198 0
200 75 140 -1
201 118 119 -1
202 38 200 -1
203 201 202 22
204 11 187 -1
205 184 204 -1
206 28 205 -1
207 12 206 10
208 38 68 -1
209 134 208 -1
210 137 209 -1
211 51 210 40
212 40 187 -1
213 25 109 -1
214 127 212 -1
215 213 214 29
216 59 64 -1
217 82 216 -1
218 105 217 -1
219 12 218 45
220 10 27 -1
221 141 220 -1
222 63 165 -1
223 221 222 21
224 64 78 -1
225 29 131 -1
226 85 224 -1
227 225 226 19
228 32 71 -1
229 73 76 -1
230 98 229 -1
231 228 230 24
232 51 122 -1
233 103 124 -1
234 33 232 -1
235 233 234 42
236 65 108 -1
237 58 236 -1
238 20 30 -1
239 237 238 15
240 45 66 -1
241 24 88 -1
242 76 128 -1
243 241 242 -1
244 117 243 9
245 61 125 -1
246 128 245 -1
247 133 246 -1
248 75 247 8
249 105 123 -1
250 104 146 -1
251 249 250 -1
252 151 251 49
253 77 133 -1
254 134 253 -1
255 57 82 -1
256 254 255 47
257 74 240 -1
258 33 154 -1
259 123 257 -1
260 258 259 38
261 78 194 -1
262 169 249 -1
263 162 262 -1
264 261 263 -1
265 149 264 32
266 25 128 -1
267 38 129 -1
268 39 267 -1
269 126 266 -1
270 268 269 11
271 57 93 -1
272 44 119 -1
273 104 271 -1
274 95 273 -1
275 272 274 20
276 144 232 -1
277 45 212 -1
278 4 276 -1
279 104 277 -1
280 278 279 31
281 58 112 -1
282 53 111 -1
283 103 281 -1
284 59 282 -1
285 283 284 37
286 60 131 -1
287 135 286 -1
288 56 287 -1
289 30 57 -1
290 288 289 46
291 67 188 -1
292 145 213 -1
293 144 150 -1
294 291 293 -1
295 292 294 7
296 148 149 -1
297 26 61 -1
298 6 297 -1
299 36 298 -1
300 296 299 12
301 46 271 -1
302 36 301 -1
303 54 302 -1
304 120 303 -1
305 41 304 33
306 81 132 -1
307 12 35 -1
308 94 306 -1
309 14 308 -1
310 307 309 13
311 35 127 -1
312 5 91 -1
313 77 95 -1
314 311 312 -1
315 313 314 16
316 60 117 -1
317 3 85 -1
318 110 317 -1
319 316 318 -1
320 81 319 3
321 113 138 -1
322 54 321 -1
323 55 84 -1
324 39 323 -1
325 322 324 34
326 141 240 -1
327 236 326 -1
328 166 327 -1
329 10 328 -1
330 7 329 43
331 136 137 -1
332 20 116 -1
333 42 146 -1
334 331 333 -1
335 332 334 6
336 0 64 -1
337 88 336 -1
338 69 89 -1
339 337 338 -1
340 7 339 48
341 15 91 -1
342 133 341 -1
343 16 342 -1
344 135 343 -1
345 69 344 51
346 35 90 -1
347 166 346 -1
348 164 347 -1
349 105 348 -1
350 165 349 2
351 8 24 -1
352 13 351 -1
353 26 166 -1
354 83 353 -1
355 142 352 -1
356 354 355 30
357 21 77 -1
358 68 149 -1
359 24 357 -1
360 49 358 -1
361 27 360 -1
362 359 361 27
363 81 337 -1
364 54 277 -1
365 37 364 -1
366 74 365 -1
367 116 363 -1
368 366 367 44
369 8 67 -1
370 220 369 -1
371 96 115 -1
372 37 102 -1
373 370 372 -1
374 371 373 28
375 103 154 -1
376 40 375 -1
377 65 92 -1
378 376 377 -1
379 22 378 -1
380 139 379 -1
381 6 380 5
