34 9 17 -1
35 23 32 -1
36 16 25 -1
37 10 12 -1
38 8 30 -1
39 13 34 -1
40 0 21 -1
41 26 36 -1
42 35 37 -1
43 38 42 -1
44 39 41 -1
45 4 40 -1
46 43 44 -1
47 45 46 12
48 6 29 -1
49 3 15 -1
50 11 24 -1
51 5 49 -1
52 44 50 -1
53 27 52 -1
54 48 53 -1
55 21 51 -1
56 54 55 14
57 2 9 -1
58 7 48 -1
59 49 57 -1
60 26 58 -1
61 59 60 -1
62 21 61 -1
63 43 62 9
64 11 20 -1
65 12 64 -1
66 16 35 -1
67 0 65 -1
68 66 67 -1
69 63 68 26
70 14 18 -1
71 10 70 -1
72 60 68 -1
73 5 50 -1
74 47 73 -1
75 71 72 -1
76 74 75 21
77 1 33 -1
78 22 28 -1
79 25 78 -1
80 72 77 -1
81 48 79 -1
82 80 81 -1
83 11 82 -1
84 51 83 16
85 17 31 -1
86 73 79 -1
87 37 41 -1
88 59 85 -1
89 87 88 -1
90 86 89 8
91 19 28 -1
92 29 91 -1
93 88 92 -1
94 40 93 -1
95 77 94 -1
96 38 95 10
97 0 32 -1
98 15 97 -1
99 82 98 -1
100 56 76 -1
101 85 100 -1
102 99 101 18
103 44 91 -1
104 35 70 -1
105 99 104 -1
106 103 105 -1
107 40 106 4
108 2 8 -1
109 33 108 -1
110 44 105 -1
111 31 109 -1
112 110 111 3
113 96 98 -1
114 10 113 -1
115 54 114 -1
116 109 115 -1
117 19 116 25
118 0 2 -1
119 103 118 -1
120 75 119 -1
121 31 120 -1
122 81 121 28
123 17 117 -1
124 36 123 -1
125 1 119 -1
126 23 124 -1
127 96 126 -1
128 125 127 29
129 84 121 -1
130 30 126 -1
131 129 130 -1
132 40 131 17
133 38 108 -1
134 116 133 -1
135 50 124 -1
136 106 135 -1
137 134 136 1
138 114 133 -1
139 45 84 -1
140 71 85 -1
141 138 140 -1
142 139 141 2
143 47 90 -1
144 102 134 -1
145 34 143 -1
146 28 145 -1
147 144 146 30
148 85 145 -1
149 33 148 -1
150 30 149 -1
151 16 150 -1
152 119 151 11
153 18 149 -1
154 75 153 -1
155 21 154 -1
156 46 155 0
157 38 156 -1
158 125 157 -1
159 100 158 -1
160 24 159 19
161 22 86 -1
162 14 161 -1
163 138 162 -1
164 150 163 -1
165 49 164 15
166 118 123 -1
167 162 166 -1
168 94 167 -1
169 18 168 5
170 143 155 -1
171 3 104 -1
172 27 171 -1
173 124 172 -1
174 170 173 31
175 110 170 -1
176 71 73 -1
177 2 175 -1
178 169 177 -1
179 176 178 24
180 54 132 -1
181 16 180 -1
182 175 181 -1
183 68 182 13
184 45 120 -1
185 155 184 -1
186 126 185 -1
187 52 186 -1
188 162 187 27
189 141 166 -1
190 60 79 -1
191 170 189 -1
192 134 190 -1
193 191 192 22
194 136 160 -1
195 11 181 -1
196 194 195 -1
197 58 196 -1
198 13 197 6
199 7 184 -1
200 104 199 -1
201 61 194 -1
202 143 201 -1
203 200 202 23
204 103 169 -1
205 167 204 -1
206 202 205 -1
207 197 206 32
208 70 200 -1
209 171 208 -1
210 13 64 -1
211 209 210 33
212 87 142 -1
213 63 212 -1
214 124 144 -1
215 213 214 -1
216 15 215 20
217 61 67 -1
218 168 217 -1
219 108 160 -1
220 218 219 -1
221 3 220 7
