48 36 43 -1
49 16 32 -1
50 40 47 -1
51 14 25 -1
52 29 38 -1
53 31 37 -1
54 2 17 -1
55 28 34 -1
56 0 21 -1
57 6 22 -1
58 7 19 -1
59 12 48 -1
60 8 43 -1
61 18 47 -1
62 9 10 -1
63 39 40 -1
64 31 46 -1
65 20 60 -1
66 5 23 -1
67 41 44 -1
68 4 8 -1
69 24 50 -1
70 36 49 -1
71 27 46 -1
72 1 30 -1
73 13 35 -1
74 15 25 -1
75 14 33 -1
76 55 74 -1
77 61 71 -1
78 16 18 -1
79 51 68 -1
80 28 62 -1
81 35 54 -1
82 11 36 -1
83 22 26 -1
84 43 66 -1
85 42 56 -1
86 7 49 -1
87 58 83 -1
88 0 30 -1
89 5 42 -1
90 1 59 -1
91 12 53 -1
92 10 38 -1
93 6 90 -1
94 3 89 -1
95 13 66 -1
96 9 45 -1
97 21 43 -1
98 32 39 -1
99 2 30 -1
100 11 41 -1
101 23 45 -1
102 79 81 -1
103 70 75 -1
104 20 64 -1
105 69 104 -1
106 29 59 -1
107 91 92 -1
108 50 79 -1
109 14 63 -1
110 74 82 -1
111 35 85 -1
112 59 88 -1
113 94 109 -1
114 31 72 -1
115 14 65 -1
116 7 115 -1
117 17 58 -1
118 67 88 -1
119 73 112 -1
120 19 78 -1
121 75 109 -1
122 52 86 -1
123 17 62 -1
124 26 52 -1
125 3 123 -1
126 56 80 -1
127 4 122 -1
128 23 91 -1
129 27 85 -1
130 38 57 -1
131 43 54 -1
132 44 121 -1
133 24 55 -1
134 47 92 -1
135 42 75 -1
136 76 103 -1
137 46 57 -1
138 37 47 -1
139 20 28 -1
140 40 96 -1
141 10 100 -1
142 13 101 -1
143 3 136 -1
144 45 143 20
145 87 105 -1
146 86 145 14
147 106 108 -1
148 11 147 21
149 76 116 -1
150 114 149 42
151 20 122 -1
152 132 151 -1
153 99 152 24
154 6 53 -1
155 113 154 -1
156 81 155 30
157 91 140 -1
158 45 127 -1
159 129 158 -1
160 63 159 2
161 102 110 -1
162 19 67 -1
163 161 162 38
164 31 80 -1
165 102 164 -1
166 26 165 46
167 124 125 -1
168 90 167 -1
169 119 168 26
170 60 87 -1
171 111 170 -1
172 98 171 33
173 90 95 -1
174 45 107 -1
175 48 105 -1
176 174 175 31
177 65 119 -1
178 71 120 -1
179 177 178 4
180 61 112 -1
181 39 103 -1
182 180 181 -1
183 23 182 34
184 32 130 -1
185 181 184 -1
186 113 185 -1
187 131 186 0
188 54 84 -1
189 11 34 -1
190 77 188 -1
191 189 190 12
192 21 134 -1
193 173 192 -1
194 100 107 -1
195 193 194 40
196 80 106 -1
197 61 196 -1
198 117 197 -1
199 44 198 5
200 60 121 -1
201 22 37 -1
202 126 200 -1
203 201 202 25
204 3 77 -1
205 114 118 -1
206 204 205 -1
207 36 206 15
208 69 94 -1
209 138 139 -1
210 79 97 -1
211 83 210 -1
212 209 211 35
213 173 184 -1
214 26 94 -1
215 170 213 -1
216 214 215 8
217 107 109 -1
218 16 93 -1
219 4 218 -1
220 217 219 7
221 2 57 -1
222 157 221 -1
223 5 70 -1
224 222 223 9
225 104 115 -1
226 92 123 -1
227 151 226 -1
228 225 227 47
229 67 126 -1
230 50 123 -1
231 128 230 -1
232 229 231 41
233 28 115 -1
234 180 233 -1
235 179 234 -1
236 130 235 44
237 117 134 -1
238 27 237 -1
239 66 76 -1
240 238 239 6
241 51 204 -1
242 17 241 -1
243 32 208 -1
244 242 243 22
245 6 85 -1
246 133 245 -1
247 37 218 -1
248 246 247 39
249 15 93 -1
250 135 249 -1
251 41 250 -1
252 54 251 28
253 125 137 -1
254 12 253 -1
255 98 254 -1
256 25 30 -1
257 255 256 32
258 0 111 -1
259 22 258 -1
260 208 259 -1
261 82 260 -1
262 7 261 17
263 76 110 -1
264 61 263 -1
265 33 124 -1
266 32 265 -1
267 264 266 23
268 7 225 -1
269 30 141 -1
270 131 269 -1
271 108 270 -1
272 268 271 3
273 3 99 -1
274 58 273 -1
275 128 274 -1
276 8 275 -1
277 78 276 36
278 49 96 -1
279 24 95 -1
280 117 127 -1
281 278 280 -1
282 279 281 19
283 18 97 -1
284 44 283 -1
285 17 110 -1
286 142 284 -1
287 285 286 45
288 27 154 -1
289 73 157 -1
290 74 289 -1
291 29 290 -1
292 288 291 16
293 134 221 -1
294 29 67 -1
295 46 135 -1
296 293 295 -1
297 294 296 11
298 88 162 -1
299 84 266 -1
300 122 299 -1
301 6 298 -1
302 300 301 1
303 283 288 -1
304 76 201 -1
305 248 304 -1
306 249 303 -1
307 305 306 13
308 57 209 -1
309 8 73 -1
310 48 309 -1
311 55 142 -1
312 308 310 -1
313 311 312 37
314 77 289 -1
315 142 314 -1
316 49 202 -1
317 195 316 -1
318 179 315 -1
319 317 318 29
320 9 34 -1
321 14 320 -1
322 72 321 -1
323 16 108 -1
324 52 323 -1
325 322 324 27
326 156 258 -1
327 83 95 -1
328 157 326 -1
329 257 328 -1
330 16 329 -1
331 327 330 10
332 31 76 -1
333 295 332 -1
334 28 181 -1
335 333 334 -1
336 44 335 -1
337 0 336 43
338 24 181 -1
339 70 338 -1
340 7 339 -1
341 269 340 -1
342 322 341 -1
343 229 342 18
