38 3 22 -1
39 1 23 -1
40 20 38 -1
41 9 11 -1
42 25 31 -1
43 6 13 -1
44 36 42 -1
45 12 24 -1
46 14 40 -1
47 41 43 -1
48 44 45 -1
49 47 48 -1
50 39 46 -1
51 49 50 13
52 4 28 -1
53 34 52 -1
54 0 35 -1
55 21 53 -1
56 49 55 -1
57 23 54 -1
58 56 57 33
59 5 7 -1
60 10 18 -1
61 20 34 -1
62 0 59 -1
63 43 62 -1
64 60 61 -1
65 63 64 -1
66 56 65 23
67 17 32 -1
68 37 67 -1
69 62 68 -1
70 1 69 -1
71 3 44 -1
72 10 55 -1
73 70 72 -1
74 71 73 29
75 26 27 -1
76 5 29 -1
77 13 75 -1
78 72 77 -1
79 46 76 -1
80 78 79 -1
81 68 80 8
82 50 67 -1
83 26 82 -1
84 4 83 -1
85 54 84 -1
86 20 71 -1
87 63 86 -1
88 85 87 30
89 16 19 -1
90 24 25 -1
91 11 90 -1
92 38 89 -1
93 52 92 -1
94 91 93 -1
95 50 80 -1
96 94 95 6
97 27 41 -1
98 29 82 -1
99 61 98 -1
100 93 99 -1
101 97 100 -1
102 45 101 37
103 31 70 -1
104 56 76 -1
105 17 104 -1
106 103 105 -1
107 91 106 -1
108 89 107 2
109 19 74 -1
110 14 59 -1
111 109 110 -1
112 96 111 -1
113 104 112 -1
114 34 113 16
115 15 24 -1
116 85 115 -1
117 71 116 -1
118 6 108 -1
119 117 118 -1
120 22 119 -1
121 56 120 35
122 2 32 -1
123 117 122 -1
124 97 123 -1
125 96 124 -1
126 72 125 -1
127 35 126 31
128 66 103 -1
129 123 128 -1
130 40 129 -1
131 114 130 21
132 42 69 -1
133 41 109 -1
134 118 133 -1
135 132 134 -1
136 102 135 -1
137 83 136 18
138 2 87 -1
139 119 132 -1
140 138 139 -1
141 113 140 -1
142 26 141 -1
143 91 142 3
144 30 94 -1
145 138 144 -1
146 38 49 -1
147 133 146 -1
148 29 147 -1
149 145 148 32
150 131 145 -1
151 136 150 -1
152 65 88 -1
153 20 152 -1
154 151 153 -1
155 19 154 15
156 126 153 -1
157 95 156 -1
158 57 59 -1
159 132 157 -1
160 158 159 19
161 24 68 -1
162 89 151 -1
163 84 162 -1
164 9 163 -1
165 161 164 4
166 8 140 -1
167 104 166 -1
168 12 150 -1
169 51 114 -1
170 168 169 -1
171 167 170 7
172 71 149 -1
173 122 162 -1
174 170 173 -1
175 42 174 -1
176 53 175 -1
177 172 176 14
178 34 89 -1
179 105 141 -1
180 156 178 -1
181 179 180 -1
182 172 181 5
183 72 114 -1
184 29 33 -1
185 144 184 -1
186 163 183 -1
187 185 186 -1
188 121 187 20
189 38 183 -1
190 182 189 -1
191 155 190 -1
192 82 132 -1
193 191 192 34
194 158 184 -1
195 104 118 -1
196 80 142 -1
197 195 196 -1
198 194 197 -1
199 74 198 36
200 4 106 -1
201 0 198 -1
202 135 201 -1
203 47 200 -1
204 202 203 0
205 110 199 -1
206 157 203 -1
207 35 206 -1
208 205 207 -1
209 48 208 17
210 92 129 -1
211 28 36 -1
212 125 211 -1
213 210 212 -1
214 205 213 1
215 83 171 -1
216 58 143 -1
217 213 216 -1
218 188 217 -1
219 24 218 -1
220 215 219 22
221 10 215 -1
222 52 221 -1
223 193 222 -1
224 166 223 -1
225 207 224 26
226 102 109 -1
227 164 226 -1
228 22 175 -1
229 215 228 -1
230 227 229 9
231 162 181 -1
232 229 231 -1
233 44 232 -1
234 106 233 -1
235 59 234 10
236 2 178 -1
237 1 236 -1
238 9 67 -1
239 194 238 -1
240 237 239 -1
241 36 240 27
242 5 237 -1
243 209 212 -1
244 123 243 -1
245 206 244 -1
246 242 245 11
247 88 236 -1
248 195 247 -1
249 68 248 -1
250 172 249 -1
251 225 250 25
252 84 214 -1
253 43 64 -1
254 252 253 -1
255 190 254 -1
256 3 167 -1
257 255 256 28
258 138 219 -1
259 21 206 -1
260 182 258 -1
261 259 260 -1
262 252 261 24
263 76 262 -1
264 232 240 -1
265 201 263 -1
266 264 265 -1
267 95 266 -1
268 19 267 12
