50 28 39 -1
51 3 40 -1
52 12 19 -1
53 27 44 -1
54 13 26 -1
55 20 34 -1
56 5 41 -1
57 14 37 -1
58 5 26 -1
59 11 16 -1
60 38 42 -1
61 7 8 -1
62 31 56 -1
63 1 51 -1
64 10 21 -1
65 32 35 -1
66 15 18 -1
67 1 27 -1
68 4 6 -1
69 22 29 -1
70 28 53 -1
71 17 34 -1
72 23 24 -1
73 2 45 -1
74 6 49 -1
75 0 8 -1
76 34 61 -1
77 11 43 -1
78 47 77 -1
79 69 70 -1
80 68 79 20
81 36 63 -1
82 26 37 -1
83 9 82 -1
84 79 83 29
85 25 44 -1
86 13 62 -1
87 19 57 -1
88 14 48 -1
89 43 67 -1
90 22 33 -1
91 10 75 -1
92 6 12 -1
93 12 30 -1
94 23 93 -1
95 42 78 -1
96 14 20 -1
97 3 33 -1
98 38 73 -1
99 18 59 -1
100 60 66 -1
101 4 19 -1
102 24 55 -1
103 10 52 -1
104 71 72 -1
105 3 13 -1
106 32 39 -1
107 4 46 -1
108 11 17 -1
109 45 96 -1
110 72 109 -1
111 44 46 -1
112 9 43 -1
113 2 78 -1
114 28 75 -1
115 21 58 -1
116 42 64 -1
117 38 65 -1
118 3 92 -1
119 66 76 -1
120 85 119 19
121 21 81 -1
122 62 121 37
123 92 98 -1
124 91 123 41
125 8 94 -1
126 95 125 40
127 76 104 -1
128 105 127 -1
129 112 128 0
130 54 97 -1
131 54 110 -1
132 68 131 11
133 83 100 -1
134 87 133 32
135 107 130 -1
136 25 135 15
137 116 117 -1
138 50 137 44
139 86 106 -1
140 52 139 36
141 97 114 -1
142 113 141 4
143 65 88 -1
144 47 143 -1
145 76 144 25
146 54 90 -1
147 49 85 -1
148 146 147 18
149 13 90 -1
150 51 91 -1
151 149 150 33
152 34 57 -1
153 18 86 -1
154 152 153 28
155 51 111 -1
156 92 155 -1
157 20 156 14
158 107 108 -1
159 22 115 -1
160 158 159 31
161 74 116 -1
162 82 161 -1
163 31 162 24
164 12 101 -1
165 53 164 -1
166 71 165 22
167 50 55 -1
168 35 167 -1
169 89 168 48
170 56 81 -1
171 59 170 -1
172 44 171 2
173 77 87 -1
174 64 173 -1
175 25 174 34
176 30 112 -1
177 15 104 -1
178 58 177 -1
179 28 178 30
180 21 99 -1
181 89 100 -1
182 180 181 8
183 102 103 -1
184 14 183 -1
185 5 184 27
186 68 170 -1
187 122 186 -1
188 94 187 16
189 40 101 -1
190 99 189 -1
191 50 190 35
192 26 103 -1
193 1 23 -1
194 50 193 -1
195 192 194 26
196 49 58 -1
197 45 50 -1
198 9 196 -1
199 197 198 23
200 24 128 -1
201 36 60 -1
202 17 201 -1
203 200 202 42
204 7 14 -1
205 46 99 -1
206 12 205 -1
207 204 206 12
208 16 19 -1
209 39 208 -1
210 63 73 -1
211 209 210 49
212 5 47 -1
213 26 66 -1
214 101 213 -1
215 55 214 -1
216 67 215 1
217 59 96 -1
218 74 217 -1
219 35 95 -1
220 218 219 6
221 93 118 -1
222 35 69 -1
223 221 222 -1
224 212 223 43
225 3 53 -1
226 74 88 -1
227 15 225 -1
228 226 227 47
229 21 57 -1
230 35 54 -1
231 229 230 -1
232 8 231 17
233 29 128 -1
234 125 130 -1
235 233 234 -1
236 12 235 13
237 46 102 -1
238 48 237 -1
239 8 238 -1
240 3 239 21
241 71 111 -1
242 39 241 -1
243 48 242 -1
244 176 243 7
245 1 11 -1
246 97 117 -1
247 245 246 -1
248 9 247 -1
249 81 248 45
250 15 108 -1
251 1 39 -1
252 25 98 -1
253 250 251 -1
254 252 253 10
255 20 69 -1
256 27 255 -1
257 116 159 -1
258 19 256 -1
259 257 258 46
260 2 62 -1
261 67 208 -1
262 212 260 -1
263 261 262 -1
264 70 263 3
265 9 68 -1
266 42 114 -1
267 118 265 -1
268 266 267 -1
269 76 268 9
270 32 43 -1
271 102 110 -1
272 15 271 -1
273 10 270 -1
274 272 273 39
275 101 176 -1
276 57 270 -1
277 275 276 -1
278 209 277 -1
279 22 278 5
280 16 25 -1
281 115 280 -1
282 24 281 -1
283 6 282 -1
284 56 283 -1
285 8 284 38
