58 10 47 -1
59 4 32 -1
60 9 13 -1
61 16 54 -1
62 50 58 -1
63 59 60 -1
64 61 63 -1
65 62 64 20
66 29 45 -1
67 9 36 -1
68 5 26 -1
69 62 66 -1
70 51 69 -1
71 67 68 -1
72 70 71 32
73 12 34 -1
74 16 73 -1
75 19 27 -1
76 47 67 -1
77 57 74 -1
78 75 77 -1
79 76 78 27
80 28 30 -1
81 22 44 -1
82 32 81 -1
83 76 80 -1
84 82 83 -1
85 26 84 14
86 15 48 -1
87 25 58 -1
88 18 87 -1
89 82 86 -1
90 31 89 -1
91 88 90 31
92 43 57 -1
93 5 33 -1
94 69 88 -1
95 93 94 -1
96 92 95 17
97 10 36 -1
98 23 74 -1
99 25 68 -1
100 4 97 -1
101 98 100 -1
102 99 101 29
103 86 98 -1
104 7 30 -1
105 27 104 -1
106 22 105 -1
107 103 106 55
108 37 40 -1
109 43 108 -1
110 34 52 -1
111 51 110 -1
112 109 111 -1
113 103 112 45
114 31 49 -1
115 8 60 -1
116 1 115 -1
117 20 105 -1
118 114 117 -1
119 116 118 46
120 6 9 -1
121 18 49 -1
122 75 120 -1
123 45 121 -1
124 110 122 -1
125 123 124 22
126 7 59 -1
127 11 55 -1
128 44 73 -1
129 120 128 -1
130 126 129 -1
131 127 130 33
132 35 97 -1
133 3 132 -1
134 93 133 -1
135 110 134 -1
136 74 135 -1
137 28 136 44
138 18 24 -1
139 17 56 -1
140 53 138 -1
141 80 139 -1
142 116 141 -1
143 140 142 11
144 12 77 -1
145 5 140 -1
146 144 145 -1
147 2 20 -1
148 146 147 26
149 7 66 -1
150 19 149 -1
151 123 150 -1
152 32 109 -1
153 151 152 -1
154 88 153 8
155 0 1 -1
156 44 54 -1
157 155 156 -1
158 150 157 -1
159 40 158 23
160 6 14 -1
161 13 46 -1
162 156 160 -1
163 20 152 -1
164 161 162 -1
165 163 164 5
166 53 126 -1
167 21 25 -1
168 33 167 -1
169 161 166 -1
170 168 169 21
171 23 39 -1
172 4 46 -1
173 166 171 -1
174 92 172 -1
175 173 174 -1
176 160 175 41
177 40 97 -1
178 67 177 -1
179 12 56 -1
180 173 178 -1
181 179 180 7
182 3 177 -1
183 87 128 -1
184 55 182 -1
185 46 183 -1
186 184 185 38
187 2 38 -1
188 80 129 -1
189 39 187 -1
190 44 188 -1
191 189 190 -1
192 178 191 37
193 22 166 -1
194 77 193 -1
195 188 194 -1
196 85 132 -1
197 195 196 42
198 33 42 -1
199 187 198 -1
200 11 18 -1
201 172 200 -1
202 1 199 -1
203 201 202 15
204 6 41 -1
205 46 81 -1
206 47 205 -1
207 199 204 -1
208 206 207 52
209 15 55 -1
210 103 204 -1
211 18 209 -1
212 146 211 -1
213 210 212 40
214 49 51 -1
215 132 214 -1
216 16 211 -1
217 215 216 -1
218 19 217 39
219 10 215 -1
220 52 219 -1
221 171 220 -1
222 56 198 -1
223 221 222 51
224 38 43 -1
225 17 35 -1
226 22 167 -1
227 224 225 -1
228 226 227 -1
229 89 228 49
230 189 224 -1
231 61 149 -1
232 1 160 -1
233 231 232 -1
234 230 233 6
235 12 23 -1
236 28 29 -1
237 68 235 -1
238 155 236 -1
239 187 237 -1
240 238 239 30
241 24 235 -1
242 31 120 -1
243 66 241 -1
244 115 243 -1
245 242 244 -1
246 57 245 28
247 35 151 -1
248 55 243 -1
249 247 248 -1
250 43 249 10
251 34 36 -1
252 39 251 -1
253 24 252 -1
254 231 236 -1
255 25 254 -1
256 253 255 53
257 0 8 -1
258 139 160 -1
259 4 258 -1
260 257 259 -1
261 252 260 43
262 55 126 -1
263 34 174 -1
264 104 262 -1
265 56 263 -1
266 26 264 -1
267 265 266 24
268 16 45 -1
269 155 262 -1
270 198 268 -1
271 37 269 -1
272 270 271 13
273 10 225 -1
274 23 114 -1
275 53 274 -1
276 2 275 -1
277 273 276 -1
278 44 277 16
279 0 30 -1
280 58 230 -1
281 279 280 -1
282 275 281 1
283 32 65 -1
284 235 268 -1
285 244 283 -1
286 273 284 -1
287 285 286 19
288 42 49 -1
289 147 199 -1
290 253 289 -1
291 67 288 -1
292 75 290 -1
293 291 292 57
294 50 241 -1
295 22 30 -1
296 109 294 -1
297 288 296 -1
298 295 297 9
299 7 268 -1
300 15 226 -1
301 232 255 -1
302 31 301 -1
303 300 302 -1
304 299 303 18
305 74 299 -1
306 219 305 -1
307 41 250 -1
308 112 306 -1
309 307 308 35
310 34 204 -1
311 28 111 -1
312 258 310 -1
313 147 311 -1
314 13 313 -1
315 312 314 50
316 184 242 -1
317 21 316 -1
318 127 171 -1
319 100 317 -1
320 310 318 -1
321 319 320 2
322 3 108 -1
323 18 26 -1
324 322 323 -1
325 291 317 -1
326 324 325 34
327 35 228 -1
328 322 327 -1
329 54 328 -1
330 300 329 -1
331 19 330 -1
332 23 331 54
333 38 190 -1
334 237 333 -1
335 14 334 -1
336 99 310 -1
337 161 335 -1
338 336 337 47
339 132 200 -1
340 334 339 -1
341 199 340 -1
342 98 341 -1
343 137 342 48
344 16 95 -1
345 53 205 -1
346 279 345 -1
347 99 346 -1
348 66 347 -1
349 344 348 12
350 25 112 -1
351 279 329 -1
352 18 187 -1
353 295 351 -1
354 350 353 -1
355 352 354 36
356 0 38 -1
357 174 327 -1
358 356 357 -1
359 45 358 -1
360 47 359 -1
361 27 360 4
362 80 257 -1
363 117 255 -1
364 123 362 -1
365 214 363 -1
366 225 364 -1
367 365 366 3
368 108 288 -1
369 216 368 -1
370 339 369 -1
371 20 370 -1
372 219 371 -1
373 29 372 0
374 3 80 -1
375 42 374 -1
376 34 375 -1
377 4 224 -1
378 202 376 -1
379 377 378 25
380 5 127 -1
381 29 380 -1
382 2 280 -1
383 27 382 -1
384 49 383 -1
385 381 384 56
