40 30 38 -1
41 19 36 -1
42 1 3 -1
43 0 5 -1
44 7 31 -1
45 39 40 -1
46 43 44 -1
47 42 46 -1
48 41 45 -1
49 47 48 14
50 16 18 -1
51 15 32 -1
52 35 50 -1
53 20 52 -1
54 33 51 -1
55 40 54 -1
56 46 55 -1
57 53 56 9
58 6 23 -1
59 16 28 -1
60 31 59 -1
61 8 60 -1
62 55 61 -1
63 58 62 17
64 24 37 -1
65 38 50 -1
66 5 10 -1
67 64 65 -1
68 66 67 -1
69 58 68 -1
70 47 69 8
71 9 11 -1
72 8 13 -1
73 22 42 -1
74 67 73 -1
75 71 74 -1
76 72 75 39
77 12 38 -1
78 17 77 -1
79 19 25 -1
80 0 78 -1
81 59 79 -1
82 68 80 -1
83 81 82 19
84 35 80 -1
85 9 30 -1
86 41 72 -1
87 84 85 -1
88 86 87 11
89 1 21 -1
90 13 27 -1
91 5 24 -1
92 89 91 -1
93 90 92 -1
94 84 93 10
95 14 34 -1
96 18 33 -1
97 45 92 -1
98 96 97 -1
99 95 98 -1
100 10 99 27
101 17 29 -1
102 20 101 -1
103 55 98 -1
104 102 103 -1
105 24 104 -1
106 72 105 38
107 23 101 -1
108 21 107 -1
109 26 108 -1
110 73 97 -1
111 35 110 -1
112 109 111 33
113 14 90 -1
114 4 17 -1
115 24 99 -1
116 114 115 -1
117 110 116 -1
118 113 117 15
119 108 116 -1
120 48 101 -1
121 13 120 -1
122 119 121 -1
123 50 122 21
124 22 65 -1
125 32 124 -1
126 23 125 -1
127 95 126 -1
128 52 127 -1
129 86 128 12
130 11 39 -1
131 114 130 -1
132 126 131 -1
133 109 132 -1
134 25 133 31
135 2 34 -1
136 81 131 -1
137 121 136 -1
138 135 137 29
139 31 37 -1
140 107 139 -1
141 30 78 -1
142 73 135 -1
143 140 142 -1
144 141 143 26
145 32 93 -1
146 140 145 -1
147 1 41 -1
148 146 147 1
149 29 71 -1
150 107 149 -1
151 54 91 -1
152 146 151 -1
153 150 152 16
154 52 60 -1
155 110 154 -1
156 91 141 -1
157 136 155 -1
158 156 157 20
159 7 78 -1
160 53 159 -1
161 89 160 -1
162 39 161 -1
163 29 162 -1
164 10 163 5
165 36 150 -1
166 58 165 -1
167 154 160 -1
168 166 167 -1
169 4 168 30
170 2 8 -1
171 53 170 -1
172 166 171 -1
173 0 172 37
174 104 113 -1
175 59 162 -1
176 21 175 -1
177 174 176 -1
178 97 177 2
179 58 95 -1
180 84 179 -1
181 117 176 -1
182 180 181 -1
183 43 182 0
184 11 18 -1
185 82 174 -1
186 184 185 -1
187 56 186 -1
188 100 187 32
189 37 149 -1
190 15 189 -1
191 179 190 -1
192 27 40 -1
193 191 192 28
194 14 110 -1
195 120 194 -1
196 87 156 -1
197 190 196 -1
198 195 197 36
199 98 152 -1
200 48 199 -1
201 112 129 -1
202 170 201 -1
203 200 202 -1
204 143 203 25
205 26 128 -1
206 200 205 -1
207 167 206 -1
208 188 207 4
209 19 77 -1
210 130 179 -1
211 21 33 -1
212 209 210 -1
213 211 212 -1
214 194 213 23
215 84 209 -1
216 107 215 -1
217 8 216 -1
218 192 217 -1
219 127 218 3
220 43 197 -1
221 30 96 -1
222 220 221 -1
223 209 222 -1
224 218 223 18
225 143 214 -1
226 79 225 -1
227 222 226 -1
228 42 227 -1
229 215 228 13
230 63 208 -1
231 167 225 -1
232 36 231 -1
233 74 230 -1
234 232 233 7
235 178 207 -1
236 58 235 -1
237 148 204 -1
238 4 236 -1
239 43 238 -1
240 237 239 35
241 74 172 -1
242 2 119 -1
243 241 242 -1
244 236 243 -1
245 102 244 6
246 130 169 -1
247 206 246 -1
248 243 247 -1
249 54 248 -1
250 137 141 -1
251 249 250 24
252 26 246 -1
253 60 69 -1
254 235 253 -1
255 252 254 -1
256 27 255 22
257 132 217 -1
258 10 105 -1
259 160 257 -1
260 35 258 -1
261 198 259 -1
262 260 261 34
