40 9 25 -1
41 34 35 -1
42 29 37 -1
43 13 21 -1
44 40 42 -1
45 1 43 -1
46 44 45 -1
47 41 46 18
48 10 15 -1
49 4 8 -1
50 44 49 -1
51 7 30 -1
52 50 51 -1
53 48 52 25
54 20 38 -1
55 5 13 -1
56 12 54 -1
57 50 56 -1
58 55 57 9
59 2 19 -1
60 17 40 -1
61 16 60 -1
62 41 61 -1
63 10 59 -1
64 62 63 12
65 3 11 -1
66 21 60 -1
67 65 66 -1
68 56 67 -1
69 33 68 -1
70 34 69 8
71 24 28 -1
72 2 4 -1
73 71 72 -1
74 67 73 26
75 0 14 -1
76 38 75 -1
77 63 72 -1
78 65 77 -1
79 30 78 -1
80 76 79 11
81 22 27 -1
82 6 81 -1
83 32 71 -1
84 76 82 -1
85 56 83 -1
86 84 85 21
87 17 18 -1
88 43 87 -1
89 0 88 -1
90 29 89 -1
91 83 90 14
92 66 87 -1
93 19 92 -1
94 33 51 -1
95 75 93 -1
96 94 95 30
97 5 30 -1
98 41 75 -1
99 97 98 -1
100 81 99 -1
101 26 100 13
102 3 6 -1
103 55 102 -1
104 10 103 -1
105 49 104 -1
106 23 105 -1
107 88 106 38
108 31 48 -1
109 24 108 -1
110 36 81 -1
111 38 110 -1
112 45 111 -1
113 109 112 0
114 14 29 -1
115 5 110 -1
116 104 114 -1
117 63 115 -1
118 116 117 32
119 4 79 -1
120 116 119 -1
121 45 120 -1
122 39 121 27
123 3 25 -1
124 34 123 -1
125 39 82 -1
126 108 125 -1
127 124 126 33
128 62 92 -1
129 124 128 -1
130 4 20 -1
131 129 130 15
132 0 28 -1
133 54 119 -1
134 37 132 -1
135 133 134 -1
136 51 135 23
137 3 109 -1
138 7 137 -1
139 10 76 -1
140 138 139 -1
141 18 140 19
142 22 126 -1
143 59 142 -1
144 37 138 -1
145 83 144 -1
146 143 145 28
147 15 132 -1
148 38 108 -1
149 43 147 -1
150 143 148 -1
151 149 150 7
152 26 148 -1
153 2 33 -1
154 0 42 -1
155 152 154 -1
156 153 155 22
157 36 134 -1
158 11 155 -1
159 157 158 -1
160 130 159 4
161 20 55 -1
162 147 161 -1
163 24 120 -1
164 99 162 -1
165 163 164 1
166 93 157 -1
167 25 166 -1
168 89 162 -1
169 167 168 10
170 9 21 -1
171 49 69 -1
172 24 170 -1
173 133 171 -1
174 172 173 37
175 23 25 -1
176 115 175 -1
177 39 132 -1
178 22 176 -1
179 66 177 -1
180 178 179 31
181 35 81 -1
182 12 181 -1
183 1 114 -1
184 178 182 -1
185 183 184 34
186 32 153 -1
187 175 186 -1
188 39 183 -1
189 20 188 -1
190 187 189 20
191 7 11 -1
192 18 187 -1
193 191 192 -1
194 14 193 17
195 17 130 -1
196 168 195 -1
197 153 177 -1
198 196 197 -1
199 109 198 3
200 143 182 -1
201 48 200 -1
202 30 41 -1
203 71 202 -1
204 201 203 2
205 21 73 -1
206 105 125 -1
207 205 206 -1
208 181 207 -1
209 5 208 39
210 97 178 -1
211 57 202 -1
212 29 211 -1
213 130 212 -1
214 210 213 36
215 84 88 -1
216 198 215 -1
217 55 200 -1
218 152 216 -1
219 217 218 29
220 96 145 -1
221 64 111 -1
222 167 216 -1
223 220 221 -1
224 202 222 -1
225 223 224 5
226 61 91 -1
227 163 226 -1
228 15 220 -1
229 227 228 -1
230 25 229 35
231 7 27 -1
232 1 61 -1
233 195 232 -1
234 50 233 -1
235 231 234 -1
236 26 235 16
237 45 72 -1
238 170 237 -1
239 231 238 -1
240 29 239 -1
241 53 240 24
242 94 215 -1
243 0 23 -1
244 191 242 -1
245 181 244 -1
246 243 245 -1
247 45 246 6
