56 18 55 -1
57 3 51 -1
58 14 21 -1
59 24 53 -1
60 32 54 -1
61 8 42 -1
62 1 4 -1
63 19 47 -1
64 18 52 -1
65 8 56 -1
66 13 50 -1
67 36 39 -1
68 6 29 -1
69 23 48 -1
70 27 29 -1
71 28 37 -1
72 46 54 -1
73 31 34 -1
74 26 42 -1
75 21 30 -1
76 6 13 -1
77 2 51 -1
78 33 49 -1
79 22 61 -1
80 7 68 -1
81 0 25 -1
82 35 64 -1
83 17 57 -1
84 0 19 -1
85 14 38 -1
86 45 47 -1
87 19 66 -1
88 23 67 -1
89 3 41 -1
90 2 63 -1
91 1 11 -1
92 27 52 -1
93 35 40 -1
94 50 62 -1
95 30 43 -1
96 44 75 -1
97 2 38 -1
98 7 42 -1
99 32 80 -1
100 88 95 -1
101 57 65 -1
102 10 101 -1
103 7 59 -1
104 1 24 -1
105 58 70 -1
106 9 58 -1
107 55 71 -1
108 8 78 -1
109 98 99 -1
110 53 69 -1
111 91 92 -1
112 86 89 -1
113 31 72 -1
114 50 79 -1
115 96 103 -1
116 26 28 -1
117 2 104 -1
118 44 67 -1
119 51 84 -1
120 54 64 -1
121 66 82 -1
122 60 98 -1
123 22 92 -1
124 17 52 -1
125 21 89 -1
126 35 117 -1
127 37 94 -1
128 44 127 -1
129 25 71 -1
130 33 65 -1
131 33 74 -1
132 41 47 -1
133 12 34 -1
134 56 73 -1
135 76 97 -1
136 41 72 -1
137 26 39 -1
138 59 63 -1
139 46 95 -1
140 48 108 -1
141 28 113 -1
142 36 48 -1
143 15 51 -1
144 34 45 -1
145 20 143 -1
146 35 129 -1
147 0 9 -1
148 81 122 -1
149 37 54 -1
150 28 135 -1
151 78 149 -1
152 111 142 -1
153 141 152 44
154 97 133 -1
155 115 154 52
156 107 110 -1
157 111 156 40
158 85 102 -1
159 93 158 49
160 79 100 -1
161 31 160 23
162 105 107 -1
163 140 162 5
164 86 109 -1
165 96 164 17
166 10 77 -1
167 134 166 -1
168 150 167 46
169 32 110 -1
170 58 169 -1
171 126 170 43
172 40 118 -1
173 136 172 -1
174 85 173 21
175 30 148 -1
176 34 175 -1
177 76 176 33
178 15 103 -1
179 23 101 -1
180 178 179 47
181 114 124 -1
182 147 181 -1
183 148 182 32
184 14 79 -1
185 132 184 -1
186 87 184 -1
187 86 186 26
188 29 74 -1
189 106 188 -1
190 90 189 22
191 85 185 -1
192 108 117 -1
193 191 192 45
194 80 114 -1
195 18 194 -1
196 45 195 25
197 32 82 -1
198 84 197 -1
199 105 198 51
200 81 99 -1
201 69 200 -1
202 65 201 7
203 49 112 -1
204 91 203 -1
205 58 204 18
206 1 119 -1
207 113 206 -1
208 102 207 2
209 91 128 -1
210 139 209 -1
211 70 210 38
212 23 62 -1
213 83 120 -1
214 212 213 24
215 60 143 -1
216 94 215 -1
217 61 216 19
218 18 59 -1
219 181 218 -1
220 185 219 -1
221 32 220 37
222 87 123 -1
223 57 116 -1
224 9 222 -1
225 223 224 12
226 11 12 -1
227 75 131 -1
228 83 226 -1
229 227 228 39
230 13 75 -1
231 116 230 -1
232 54 231 -1
233 100 232 16
234 88 123 -1
235 19 105 -1
236 125 234 -1
237 235 236 34
238 29 30 -1
239 51 121 -1
240 130 238 -1
241 239 240 31
242 12 119 -1
243 138 242 -1
244 76 137 -1
245 243 244 41
246 66 70 -1
247 72 246 -1
248 56 247 -1
249 129 248 4
250 84 133 -1
251 125 250 -1
252 60 251 -1
253 134 252 8
254 29 151 -1
255 62 254 -1
256 85 147 -1
257 255 256 9
258 42 48 -1
259 1 43 -1
260 258 259 -1
261 209 260 20
262 4 131 -1
263 81 121 -1
264 20 63 -1
265 263 264 -1
266 4 265 6
267 87 150 -1
268 149 267 -1
269 48 268 -1
270 44 269 29
271 13 189 -1
272 7 271 -1
273 259 272 -1
274 262 273 35
275 74 144 -1
276 3 109 -1
277 118 276 -1
278 275 277 50
279 82 115 -1
280 48 279 -1
281 0 92 -1
282 280 281 -1
283 126 282 10
284 104 109 -1
285 68 284 -1
286 36 83 -1
287 285 286 -1
288 147 287 30
289 50 67 -1
290 15 90 -1
291 142 290 -1
292 73 291 -1
293 289 292 27
294 83 90 -1
295 37 294 -1
296 4 295 -1
297 93 296 -1
298 112 297 54
299 69 254 -1
300 68 74 -1
301 299 300 -1
302 21 301 -1
303 5 302 11
304 18 40 -1
305 77 137 -1
306 60 86 -1
307 305 306 -1
308 304 307 42
309 13 45 -1
310 2 213 -1
311 309 310 -1
312 145 286 -1
313 311 312 36
314 98 124 -1
315 40 43 -1
316 12 73 -1
317 314 316 -1
318 315 317 15
319 27 262 -1
320 16 53 -1
321 41 320 -1
322 25 321 -1
323 319 322 14
324 24 132 -1
325 92 265 -1
326 250 324 -1
327 248 326 -1
328 325 327 1
329 64 145 -1
330 16 329 -1
331 142 144 -1
332 330 331 -1
333 304 332 48
334 1 14 -1
335 73 334 -1
336 16 146 -1
337 36 336 -1
338 335 337 28
339 49 90 -1
340 139 141 -1
341 339 340 -1
342 97 341 -1
343 86 140 -1
344 342 343 0
345 1 15 -1
346 76 130 -1
347 345 346 -1
348 5 93 -1
349 55 348 -1
350 347 349 53
351 68 91 -1
352 59 125 -1
353 37 351 -1
354 352 353 -1
355 126 354 -1
356 57 355 55
357 70 306 -1
358 22 69 -1
359 44 309 -1
360 358 359 -1
361 357 360 -1
362 10 361 3
363 6 46 -1
364 226 363 -1
365 61 138 -1
366 133 364 -1
367 10 365 -1
368 366 367 13
