32 6 14 -1
33 11 15 -1
34 7 21 -1
35 12 24 -1
36 8 25 -1
37 0 16 -1
38 3 32 -1
39 9 23 -1
40 2 29 -1
41 20 27 -1
42 18 30 -1
43 13 38 -1
44 8 21 -1
45 10 34 -1
46 1 5 -1
47 7 28 -1
48 19 40 -1
49 22 27 -1
50 18 44 -1
51 35 41 -1
52 17 24 -1
53 9 16 -1
54 10 23 -1
55 36 39 -1
56 11 45 -1
57 6 50 -1
58 19 35 -1
59 1 36 -1
60 46 52 -1
61 0 26 -1
62 22 30 -1
63 18 53 -1
64 4 5 -1
65 43 49 -1
66 48 65 12
67 32 33 -1
68 50 63 -1
69 47 57 -1
70 51 69 31
71 25 60 -1
72 12 68 -1
73 3 61 -1
74 7 19 -1
75 60 74 -1
76 10 59 -1
77 47 62 -1
78 15 38 -1
79 2 78 -1
80 56 64 -1
81 27 79 -1
82 31 40 -1
83 23 33 -1
84 49 83 -1
85 72 84 17
86 9 82 -1
87 33 34 -1
88 13 37 -1
89 17 29 -1
90 15 52 -1
91 73 76 -1
92 33 91 15
93 38 55 -1
94 48 93 18
95 52 67 -1
96 68 95 25
97 60 88 -1
98 95 97 8
99 47 81 -1
100 58 99 7
101 16 56 -1
102 48 61 -1
103 101 102 16
104 11 59 -1
105 37 58 -1
106 104 105 9
107 0 75 -1
108 57 107 -1
109 59 108 19
110 76 99 -1
111 30 43 -1
112 110 111 2
113 23 82 -1
114 61 113 -1
115 63 114 13
116 22 51 -1
117 17 87 -1
118 116 117 22
119 4 89 -1
120 63 64 -1
121 43 119 -1
122 120 121 30
123 69 80 -1
124 44 70 -1
125 86 117 -1
126 12 119 -1
127 125 126 11
128 123 124 -1
129 2 46 -1
130 128 129 4
131 41 43 -1
132 40 50 -1
133 131 132 3
134 55 62 -1
135 20 120 -1
136 134 135 24
137 35 36 -1
138 123 137 -1
139 3 138 0
140 75 134 -1
141 137 140 -1
142 13 141 6
143 54 71 -1
144 53 143 -1
145 6 144 23
146 9 17 -1
147 77 146 -1
148 71 147 10
149 5 65 -1
150 26 54 -1
151 149 150 27
152 42 72 -1
153 10 74 -1
154 152 153 21
155 67 81 -1
156 80 155 -1
157 86 156 20
158 54 88 -1
159 119 158 -1
160 14 159 -1
161 30 160 29
162 24 55 -1
163 11 73 -1
164 162 163 -1
165 27 164 28
166 15 165 -1
167 132 134 -1
168 166 167 -1
169 155 168 26
170 36 51 -1
171 54 90 -1
172 42 170 -1
173 171 172 1
174 0 77 -1
175 29 174 -1
176 84 124 -1
177 175 176 5
178 82 98 -1
179 34 178 -1
180 123 179 -1
181 110 121 -1
182 180 181 14
