50 28 39 -1
51 5 26 -1
52 50 51 -1
53 9 52 -1
54 49 53 -1
55 45 54 23
56 3 40 -1
57 6 12 -1
58 20 46 -1
59 44 56 -1
60 58 59 -1
61 57 60 14
62 3 8 -1
63 24 34 -1
64 48 62 -1
65 58 63 -1
66 64 65 21
67 21 31 -1
68 23 30 -1
69 4 57 -1
70 68 69 -1
71 67 70 16
72 5 41 -1
73 1 72 -1
74 36 73 -1
75 67 74 -1
76 56 75 37
77 11 16 -1
78 59 77 -1
79 74 78 2
80 14 18 -1
81 12 46 -1
82 7 81 -1
83 77 82 -1
84 80 83 12
85 10 19 -1
86 5 85 -1
87 65 81 -1
88 14 87 -1
89 86 88 27
90 23 52 -1
91 1 90 -1
92 12 86 -1
93 91 92 26
94 17 39 -1
95 15 94 -1
96 63 95 -1
97 90 96 30
98 26 42 -1
99 27 29 -1
100 20 98 -1
101 86 99 -1
102 100 101 46
103 22 44 -1
104 99 103 -1
105 28 104 -1
106 69 105 -1
107 12 106 20
108 26 37 -1
109 9 105 -1
110 108 109 29
111 26 33 -1
112 25 111 -1
113 13 112 -1
114 49 103 -1
115 113 114 18
116 4 46 -1
117 3 116 -1
118 113 117 15
119 4 19 -1
120 18 119 -1
121 50 77 -1
122 40 121 -1
123 120 122 35
124 27 34 -1
125 12 44 -1
126 17 119 -1
127 124 125 -1
128 126 127 22
129 8 14 -1
130 35 129 -1
131 21 130 -1
132 13 108 -1
133 131 132 17
134 31 41 -1
135 34 80 -1
136 134 135 -1
137 132 136 -1
138 51 137 28
139 10 32 -1
140 39 134 -1
141 13 92 -1
142 139 140 -1
143 141 142 36
144 38 42 -1
145 35 50 -1
146 21 144 -1
147 139 146 -1
148 145 147 44
149 20 124 -1
150 1 149 -1
151 43 150 -1
152 145 151 48
153 15 26 -1
154 120 150 -1
155 153 154 1
156 9 144 -1
157 19 80 -1
158 153 157 -1
159 156 158 32
160 15 34 -1
161 20 146 -1
162 151 161 -1
163 77 162 -1
164 160 163 8
165 13 23 -1
166 62 165 -1
167 7 166 -1
168 144 167 -1
169 36 168 42
170 17 24 -1
171 9 43 -1
172 167 170 -1
173 171 172 0
174 29 30 -1
175 166 172 -1
176 111 174 -1
177 175 176 13
178 14 43 -1
179 45 160 -1
180 178 179 -1
181 23 139 -1
182 180 181 39
183 69 179 -1
184 165 183 -1
185 88 184 -1
186 153 185 11
187 129 160 -1
188 7 25 -1
189 80 187 -1
190 44 188 -1
191 189 190 19
192 57 187 -1
193 127 192 -1
194 49 64 -1
195 193 194 47
196 11 21 -1
197 25 196 -1
198 37 85 -1
199 197 198 -1
200 178 199 34
201 116 196 -1
202 17 201 -1
203 22 51 -1
204 202 203 31
205 34 48 -1
206 47 205 -1
207 7 130 -1
208 32 207 -1
209 206 208 25
210 6 42 -1
211 49 210 -1
212 10 108 -1
213 67 211 -1
214 212 213 24
215 47 178 -1
216 35 215 -1
217 16 216 -1
218 20 217 -1
219 211 218 6
220 77 210 -1
221 130 217 -1
222 4 70 -1
223 220 221 -1
224 222 223 40
225 125 171 -1
226 30 225 -1
227 205 226 -1
228 81 94 -1
229 227 228 7
230 8 41 -1
231 24 197 -1
232 220 230 -1
233 231 232 -1
234 98 233 38
235 2 45 -1
236 1 235 -1
237 39 56 -1
238 16 19 -1
239 236 238 -1
240 237 239 49
241 11 38 -1
242 25 241 -1
243 95 236 -1
244 242 243 10
245 0 8 -1
246 10 245 -1
247 38 246 -1
248 57 247 -1
249 235 248 41
250 103 246 -1
251 13 59 -1
252 33 251 -1
253 250 252 33
254 209 227 -1
255 129 254 -1
256 252 255 -1
257 169 256 -1
258 224 257 45
259 28 240 -1
260 140 259 -1
261 45 260 -1
262 47 59 -1
263 261 262 3
264 2 237 -1
265 0 264 -1
266 122 221 -1
267 265 266 -1
268 33 267 4
269 3 6 -1
270 22 174 -1
271 216 269 -1
272 5 270 -1
273 178 272 -1
274 271 273 43
275 117 156 -1
276 82 275 -1
277 0 28 -1
278 34 277 -1
279 38 278 -1
280 276 279 9
281 37 39 -1
282 116 255 -1
283 281 282 -1
284 103 217 -1
285 82 283 -1
286 284 285 5
