54 39 47 -1
55 15 43 -1
56 25 39 -1
57 31 33 -1
58 5 13 -1
59 22 40 -1
60 20 36 -1
61 3 47 -1
62 2 10 -1
63 12 47 -1
64 18 37 -1
65 21 35 -1
66 26 54 -1
67 28 46 -1
68 28 49 -1
69 16 29 -1
70 1 4 -1
71 0 52 -1
72 3 14 -1
73 14 48 -1
74 5 44 -1
75 30 40 -1
76 54 75 -1
77 20 62 -1
78 20 23 -1
79 41 51 -1
80 22 55 -1
81 10 34 -1
82 6 37 -1
83 81 82 -1
84 8 34 -1
85 7 42 -1
86 38 61 -1
87 0 7 -1
88 11 37 -1
89 53 58 -1
90 24 49 -1
91 26 64 -1
92 29 32 -1
93 16 31 -1
94 17 69 -1
95 40 52 -1
96 23 34 -1
97 12 15 -1
98 9 24 -1
99 11 57 -1
100 15 56 -1
101 2 4 -1
102 45 74 -1
103 27 76 -1
104 39 80 -1
105 46 57 -1
106 70 77 -1
107 38 59 -1
108 14 33 -1
109 52 86 -1
110 67 109 -1
111 26 68 -1
112 48 55 -1
113 50 112 -1
114 49 65 -1
115 21 71 -1
116 34 70 -1
117 87 94 -1
118 9 53 -1
119 83 101 -1
120 41 49 -1
121 8 43 -1
122 35 102 -1
123 63 93 -1
124 2 95 -1
125 12 96 -1
126 41 72 -1
127 17 76 -1
128 18 93 -1
129 19 66 -1
130 47 77 -1
131 64 84 -1
132 45 131 -1
133 30 42 -1
134 66 85 -1
135 103 133 -1
136 22 50 -1
137 52 55 -1
138 5 31 -1
139 1 18 -1
140 10 25 -1
141 28 99 -1
142 56 128 -1
143 6 18 -1
144 62 127 -1
145 126 144 32
146 91 113 -1
147 63 146 20
148 86 132 -1
149 99 148 7
150 59 83 -1
151 100 150 25
152 78 104 -1
153 122 152 30
154 50 119 -1
155 92 154 16
156 107 108 -1
157 106 156 48
158 117 118 -1
159 54 158 -1
160 11 159 45
161 88 123 -1
162 120 161 -1
163 60 162 41
164 13 115 -1
165 117 164 -1
166 130 165 11
167 43 102 -1
168 73 167 -1
169 103 168 12
170 89 90 -1
171 109 170 -1
172 19 171 37
173 13 121 -1
174 60 173 -1
175 134 174 39
176 95 125 -1
177 94 176 -1
178 128 177 21
179 7 124 -1
180 74 110 -1
181 103 107 -1
182 180 181 47
183 19 72 -1
184 115 183 -1
185 116 184 17
186 92 126 -1
187 73 75 -1
188 114 187 -1
189 56 188 18
190 25 139 -1
191 137 186 -1
192 190 191 1
193 21 108 -1
194 106 179 -1
195 88 194 -1
196 115 195 46
197 100 105 -1
198 44 197 -1
199 65 198 -1
200 32 199 35
201 85 193 -1
202 15 27 -1
203 201 202 -1
204 82 203 23
205 4 121 -1
206 59 91 -1
207 205 206 -1
208 120 207 33
209 84 98 -1
210 89 134 -1
211 135 210 -1
212 209 211 6
213 38 97 -1
214 67 213 -1
215 60 214 -1
216 58 215 15
217 35 112 -1
218 176 217 -1
219 60 218 -1
220 179 219 2
221 118 143 -1
222 142 221 -1
223 71 222 -1
224 42 223 49
225 79 97 -1
226 105 225 -1
227 104 125 -1
228 226 227 28
229 97 138 -1
230 22 98 -1
231 229 230 -1
232 101 231 14
233 57 90 -1
234 135 233 -1
235 59 234 -1
236 60 235 8
237 51 53 -1
238 107 111 -1
239 237 238 -1
240 35 239 19
241 81 111 -1
242 32 87 -1
243 61 242 -1
244 241 243 52
245 18 79 -1
246 65 66 -1
247 77 246 -1
248 245 247 10
249 49 105 -1
250 29 142 -1
251 136 250 -1
252 249 251 44
253 90 140 -1
254 9 67 -1
255 10 254 -1
256 78 255 -1
257 129 256 38
258 58 69 -1
259 123 249 -1
260 253 258 -1
261 259 260 26
262 27 93 -1
263 14 67 -1
264 262 263 -1
265 92 264 -1
266 64 265 31
267 31 141 -1
268 51 85 -1
269 61 268 -1
270 267 269 -1
271 90 270 36
272 16 36 -1
273 137 272 -1
274 30 79 -1
275 273 274 -1
276 76 275 34
277 45 137 -1
278 20 136 -1
279 277 278 -1
280 42 46 -1
281 279 280 13
282 99 139 -1
283 43 280 -1
284 36 282 -1
285 254 284 -1
286 283 285 29
287 71 78 -1
288 5 287 -1
289 14 88 -1
290 51 289 -1
291 288 290 24
292 11 114 -1
293 29 116 -1
294 48 293 -1
295 292 294 -1
296 25 295 51
297 33 60 -1
298 81 297 -1
299 47 89 -1
300 278 299 -1
301 298 300 40
302 58 63 -1
303 111 133 -1
304 21 127 -1
305 303 304 -1
306 302 305 5
307 64 119 -1
308 52 72 -1
309 140 307 -1
310 138 309 -1
311 308 310 9
312 32 59 -1
313 143 302 -1
314 5 312 -1
315 23 314 -1
316 313 315 22
317 95 110 -1
318 202 317 -1
319 121 318 -1
320 105 319 -1
321 112 320 27
322 124 209 -1
323 34 322 -1
324 19 32 -1
325 56 324 -1
326 323 325 43
327 29 260 -1
328 113 327 -1
329 173 328 -1
330 81 329 -1
331 44 330 0
332 51 129 -1
333 83 132 -1
334 130 333 -1
335 332 334 -1
336 46 335 4
337 104 120 -1
338 1 129 -1
339 111 337 -1
340 73 339 -1
341 338 340 42
342 97 191 -1
343 184 342 -1
344 6 193 -1
345 112 343 -1
346 344 345 3
347 10 128 -1
348 40 51 -1
349 347 348 -1
350 282 349 -1
351 47 350 -1
352 304 351 50
353 35 288 -1
354 137 230 -1
355 254 354 -1
356 353 355 -1
357 281 356 -1
358 133 357 53
