32 6 14 -1
33 11 15 -1
34 0 16 -1
35 13 32 -1
36 1 5 -1
37 34 35 -1
38 33 37 -1
39 36 38 8
40 3 27 -1
41 2 29 -1
42 35 40 -1
43 19 41 -1
44 22 42 -1
45 43 44 12
46 10 23 -1
47 44 46 -1
48 5 47 -1
49 26 48 27
50 8 21 -1
51 18 20 -1
52 50 51 -1
53 42 52 -1
54 41 53 3
55 7 12 -1
56 6 24 -1
57 27 55 -1
58 28 56 -1
59 57 58 -1
60 52 59 31
61 2 15 -1
62 59 61 -1
63 3 14 -1
64 19 63 -1
65 62 64 7
66 8 25 -1
67 9 23 -1
68 41 67 -1
69 6 64 -1
70 66 68 -1
71 69 70 18
72 26 34 -1
73 18 68 -1
74 31 73 -1
75 72 74 13
76 10 21 -1
77 7 76 -1
78 11 72 -1
79 43 78 -1
80 77 79 16
81 16 27 -1
82 14 56 -1
83 71 82 -1
84 81 83 -1
85 79 84 28
86 9 17 -1
87 33 50 -1
88 16 86 -1
89 87 88 -1
90 82 89 25
91 22 87 -1
92 12 67 -1
93 81 92 -1
94 91 93 17
95 25 88 -1
96 56 95 -1
97 36 96 -1
98 46 97 23
99 31 77 -1
100 45 96 -1
101 49 99 -1
102 75 101 -1
103 100 102 19
104 4 46 -1
105 2 104 -1
106 99 105 -1
107 33 92 -1
108 106 107 11
109 10 68 -1
110 40 106 -1
111 5 109 -1
112 110 111 20
113 26 70 -1
114 42 81 -1
115 39 113 -1
116 111 114 -1
117 115 116 15
118 10 86 -1
119 29 116 -1
120 118 119 -1
121 73 120 30
122 1 113 -1
123 24 92 -1
124 122 123 -1
125 79 124 9
126 30 47 -1
127 57 126 -1
128 118 127 -1
129 36 69 -1
130 128 129 6
131 45 127 -1
132 73 131 -1
133 81 132 -1
134 50 133 21
135 97 123 -1
136 128 135 -1
137 58 114 -1
138 136 137 10
139 29 30 -1
140 6 139 -1
141 17 140 -1
142 37 141 -1
143 104 142 29
144 34 123 -1
145 52 144 -1
146 89 145 -1
147 141 146 5
148 10 102 -1
149 116 146 -1
150 148 149 22
151 91 105 -1
152 37 62 -1
153 70 151 -1
154 152 153 -1
155 102 154 0
156 30 153 -1
157 33 156 -1
158 27 157 -1
159 54 119 -1
160 158 159 24
161 69 74 -1
162 45 157 -1
163 161 162 -1
164 143 163 14
165 18 104 -1
166 156 165 -1
167 85 166 -1
168 40 167 26
169 23 150 -1
170 11 151 -1
171 17 170 -1
172 1 169 -1
173 171 172 4
174 54 156 -1
175 16 174 -1
176 47 94 -1
177 171 175 -1
178 176 177 1
179 32 36 -1
180 86 134 -1
181 179 180 -1
182 103 181 -1
183 152 182 2
