36 2 10 -1
37 3 16 -1
38 22 28 -1
39 17 31 -1
40 12 23 -1
41 5 18 -1
42 7 15 -1
43 9 36 -1
44 11 27 -1
45 8 20 -1
46 6 29 -1
47 35 39 -1
48 31 34 -1
49 21 32 -1
50 14 37 -1
51 1 23 -1
52 24 40 -1
53 0 48 -1
54 42 43 -1
55 4 26 -1
56 33 44 -1
57 19 29 -1
58 6 30 -1
59 47 56 -1
60 35 38 -1
61 7 32 -1
62 13 49 -1
63 2 25 -1
64 27 60 -1
65 54 58 -1
66 41 50 -1
67 26 51 -1
68 52 63 -1
69 37 42 -1
70 34 69 -1
71 16 62 -1
72 3 40 -1
73 30 72 -1
74 22 57 -1
75 28 45 -1
76 61 75 -1
77 17 51 -1
78 53 66 -1
79 20 47 -1
80 44 70 -1
81 41 76 -1
82 23 81 -1
83 40 55 -1
84 62 67 -1
85 52 78 -1
86 4 49 -1
87 56 61 -1
88 59 83 -1
89 14 64 -1
90 70 71 -1
91 19 77 -1
92 22 54 -1
93 8 50 -1
94 41 49 -1
95 0 43 -1
96 79 94 -1
97 54 96 -1
98 72 97 26
99 53 87 -1
100 58 85 -1
101 25 67 -1
102 59 60 -1
103 90 91 -1
104 11 46 -1
105 18 86 -1
106 9 60 -1
107 17 86 -1
108 45 65 -1
109 5 55 -1
110 20 100 -1
111 46 81 -1
112 80 82 -1
113 66 106 -1
114 10 113 -1
115 52 109 -1
116 32 59 -1
117 62 111 -1
118 33 114 -1
119 7 14 -1
120 19 110 -1
121 1 120 -1
122 36 100 -1
123 101 122 3
124 73 117 -1
125 107 124 19
126 18 58 -1
127 80 84 -1
128 126 127 32
129 45 106 -1
130 78 129 -1
131 46 130 28
132 89 99 -1
133 10 103 -1
134 132 133 4
135 23 33 -1
136 86 110 -1
137 135 136 0
138 73 93 -1
139 63 92 -1
140 99 139 -1
141 84 140 27
142 82 109 -1
143 39 142 -1
144 113 143 23
145 12 65 -1
146 102 145 -1
147 61 146 13
148 74 83 -1
149 94 95 -1
150 148 149 15
151 27 88 -1
152 34 63 -1
153 116 152 -1
154 138 153 29
155 23 88 -1
156 8 54 -1
157 155 156 12
158 2 37 -1
159 121 158 -1
160 111 159 20
161 30 75 -1
162 139 161 -1
163 40 158 -1
164 162 163 16
165 20 102 -1
166 115 165 -1
167 13 166 -1
168 19 167 25
169 36 105 -1
170 48 91 -1
171 93 170 -1
172 169 171 30
173 32 64 -1
174 97 173 -1
175 26 70 -1
176 174 175 31
177 68 89 -1
178 30 177 -1
179 87 178 -1
180 105 179 22
181 21 71 -1
182 108 181 -1
183 57 182 -1
184 107 183 33
185 69 151 -1
186 82 87 -1
187 25 186 -1
188 185 187 6
189 127 187 -1
190 38 117 -1
191 99 190 -1
192 189 191 17
193 0 151 -1
194 21 148 -1
195 85 193 -1
196 194 195 1
197 95 177 -1
198 71 197 -1
199 47 198 -1
200 14 199 35
201 4 103 -1
202 92 102 -1
203 1 201 -1
204 202 203 34
205 77 118 -1
206 97 205 -1
207 104 206 -1
208 62 207 2
209 16 74 -1
210 32 112 -1
211 36 210 -1
212 209 211 24
213 34 138 -1
214 15 132 -1
215 211 213 -1
216 214 215 8
217 47 209 -1
218 121 217 -1
219 27 218 -1
220 85 219 -1
221 92 220 9
222 13 130 -1
223 65 118 -1
224 222 223 -1
225 47 193 -1
226 224 225 21
227 3 205 -1
228 46 95 -1
229 227 228 -1
230 57 119 -1
231 229 230 14
232 28 104 -1
233 116 232 -1
234 67 233 -1
235 43 234 -1
236 18 235 18
237 84 93 -1
238 230 232 -1
239 237 238 -1
240 148 239 11
241 51 68 -1
242 38 233 -1
243 103 241 -1
244 59 242 -1
245 243 244 5
246 167 244 -1
247 149 246 -1
248 202 239 -1
249 51 248 -1
250 247 249 10
251 109 181 -1
252 33 251 -1
253 89 252 -1
254 185 253 -1
255 160 254 7
