38 8 17 -1
39 4 14 -1
40 1 31 -1
41 38 40 -1
42 5 39 -1
43 41 42 9
44 19 34 -1
45 20 33 -1
46 0 39 -1
47 44 46 -1
48 45 47 15
49 15 20 -1
50 29 32 -1
51 18 50 -1
52 41 51 -1
53 49 52 2
54 10 27 -1
55 3 44 -1
56 49 54 -1
57 55 56 17
58 24 31 -1
59 25 58 -1
60 55 59 -1
61 36 60 14
62 9 37 -1
63 3 35 -1
64 62 63 -1
65 38 64 -1
66 52 65 0
67 0 21 -1
68 33 67 -1
69 29 68 -1
70 64 69 22
71 15 17 -1
72 7 13 -1
73 62 71 -1
74 72 73 -1
75 44 74 18
76 12 29 -1
77 11 76 -1
78 49 72 -1
79 77 78 12
80 37 45 -1
81 35 80 -1
82 30 77 -1
83 81 82 27
84 32 71 -1
85 19 84 -1
86 8 80 -1
87 85 86 33
88 1 36 -1
89 39 88 -1
90 85 89 20
91 2 71 -1
92 6 91 -1
93 33 58 -1
94 92 93 10
95 3 14 -1
96 52 95 -1
97 77 96 -1
98 40 97 28
99 27 34 -1
100 8 60 -1
101 49 99 -1
102 95 101 -1
103 100 102 3
104 9 31 -1
105 21 47 -1
106 104 105 -1
107 100 106 7
108 13 45 -1
109 104 108 -1
110 91 109 -1
111 101 110 32
112 63 102 -1
113 15 109 -1
114 47 112 -1
115 113 114 5
116 14 108 -1
117 50 116 -1
118 25 34 -1
119 117 118 23
120 20 28 -1
121 25 120 -1
122 10 37 -1
123 95 122 -1
124 121 123 11
125 92 121 -1
126 73 125 -1
127 22 126 35
128 7 36 -1
129 23 128 -1
130 65 129 -1
131 34 73 -1
132 130 131 21
133 6 16 -1
134 32 133 -1
135 5 11 -1
136 122 134 -1
137 135 136 13
138 1 28 -1
139 134 138 -1
140 129 139 37
141 54 112 -1
142 135 141 -1
143 81 142 -1
144 9 143 1
145 28 38 -1
146 23 26 -1
147 145 146 -1
148 21 54 -1
149 147 148 36
150 4 31 -1
151 99 150 -1
152 67 151 -1
153 146 152 31
154 128 145 -1
155 27 154 -1
156 4 155 -1
157 29 156 30
158 14 22 -1
159 0 41 -1
160 91 159 -1
161 89 160 -1
162 158 161 25
163 12 17 -1
164 21 163 -1
165 59 63 -1
166 26 165 -1
167 164 166 8
168 16 44 -1
169 163 168 -1
170 128 169 -1
171 33 170 29
172 9 26 -1
173 138 172 -1
174 89 173 -1
175 8 174 -1
176 29 175 24
177 42 62 -1
178 13 84 -1
179 174 178 -1
180 177 179 4
181 2 131 -1
182 172 181 -1
183 12 150 -1
184 182 183 -1
185 92 184 16
186 113 126 -1
187 95 119 -1
188 181 186 -1
189 187 188 6
190 22 24 -1
191 32 36 -1
192 67 191 -1
193 190 192 -1
194 54 193 26
195 30 49 -1
196 133 195 -1
197 158 196 -1
198 120 197 -1
199 9 198 19
200 151 168 -1
201 18 200 -1
202 183 190 -1
203 59 201 -1
204 202 203 34
