64 21 40 -1
65 24 46 -1
66 8 35 -1
67 33 50 -1
68 3 7 -1
69 2 49 -1
70 0 23 -1
71 1 27 -1
72 47 56 -1
73 22 48 -1
74 8 47 -1
75 0 37 -1
76 12 39 -1
77 13 44 -1
78 34 43 -1
79 25 38 -1
80 17 26 -1
81 16 60 -1
82 10 32 -1
83 9 41 -1
84 30 54 -1
85 59 61 -1
86 18 62 -1
87 20 42 -1
88 6 47 -1
89 45 70 -1
90 29 64 -1
91 21 58 -1
92 27 45 -1
93 49 73 -1
94 2 44 -1
95 24 41 -1
96 40 65 -1
97 10 21 -1
98 35 36 -1
99 4 17 -1
100 5 22 -1
101 26 58 -1
102 30 51 -1
103 14 84 -1
104 8 80 -1
105 101 104 -1
106 50 100 -1
107 15 63 -1
108 34 60 -1
109 95 96 -1
110 19 55 -1
111 75 84 -1
112 90 102 -1
113 22 51 -1
114 82 93 -1
115 24 66 -1
116 31 79 -1
117 12 67 -1
118 3 42 -1
119 11 117 -1
120 26 76 -1
121 71 97 -1
122 29 78 -1
123 42 45 -1
124 83 94 -1
125 10 87 -1
126 18 78 -1
127 54 62 -1
128 71 74 -1
129 31 85 -1
130 41 105 -1
131 36 57 -1
132 83 99 -1
133 53 72 -1
134 10 43 -1
135 61 113 -1
136 11 55 -1
137 43 65 -1
138 52 63 -1
139 15 59 -1
140 36 103 -1
141 5 44 -1
142 37 109 -1
143 13 142 -1
144 3 9 -1
145 20 50 -1
146 43 86 -1
147 33 99 -1
148 107 139 -1
149 43 69 -1
150 28 35 -1
151 34 150 -1
152 17 35 -1
153 49 97 -1
154 31 36 -1
155 9 17 -1
156 28 68 -1
157 44 52 -1
158 76 141 -1
159 27 85 -1
160 56 93 -1
161 106 115 -1
162 8 15 -1
163 47 158 -1
164 38 125 -1
165 86 153 -1
166 4 91 -1
167 25 28 -1
168 1 51 -1
169 118 119 -1
170 64 169 -1
171 79 170 55
172 42 46 -1
173 124 128 -1
174 172 173 45
175 90 172 -1
176 19 135 -1
177 89 176 -1
178 112 177 59
179 115 131 -1
180 75 118 -1
181 179 180 24
182 70 115 -1
183 77 182 -1
184 68 183 23
185 36 121 -1
186 23 185 -1
187 120 186 22
188 120 122 -1
189 28 188 -1
190 119 189 31
191 92 114 -1
192 91 191 -1
193 24 192 38
194 81 111 -1
195 112 194 -1
196 72 195 6
197 26 123 -1
198 148 197 -1
199 124 198 27
200 57 64 -1
201 64 149 -1
202 103 201 -1
203 95 202 63
204 162 163 -1
205 75 204 -1
206 157 205 21
207 111 125 -1
208 89 207 -1
209 66 208 42
210 99 137 -1
211 133 139 -1
212 210 211 62
213 77 116 -1
214 117 213 -1
215 88 214 51
216 76 98 -1
217 142 216 -1
218 2 217 -1
219 65 218 26
220 133 136 -1
221 129 220 -1
222 6 221 28
223 74 100 -1
224 96 223 -1
225 134 224 25
226 134 135 -1
227 57 226 -1
228 77 136 -1
229 227 228 41
230 0 112 -1
231 46 230 -1
232 155 231 -1
233 11 232 57
234 60 127 -1
235 89 129 -1
236 234 235 -1
237 9 236 44
238 14 98 -1
239 70 110 -1
240 132 238 -1
241 239 240 14
242 81 152 -1
243 82 242 -1
244 88 243 -1
245 101 244 52
246 153 154 -1
247 45 139 -1
248 109 247 -1
249 246 248 7
250 106 144 -1
251 80 102 -1
252 250 251 -1
253 38 252 61
254 49 137 -1
255 13 101 -1
256 161 255 -1
257 254 256 2
258 92 146 -1
259 14 258 -1
260 138 259 -1
261 77 260 54
262 156 157 -1
263 155 262 -1
264 55 263 -1
265 154 264 40
266 38 138 -1
267 20 47 -1
268 114 267 -1
269 266 268 58
270 175 200 -1
271 197 270 -1
272 147 271 -1
273 24 272 17
274 23 147 -1
275 6 95 -1
276 160 274 -1
277 275 276 0
278 24 31 -1
279 101 163 -1
280 278 279 -1
281 33 280 39
282 104 126 -1
283 33 69 -1
284 282 283 -1
285 40 284 33
286 55 92 -1
287 140 286 -1
288 102 141 -1
289 287 288 18
290 75 214 -1
291 44 290 -1
292 216 291 -1
293 50 292 35
294 12 38 -1
295 130 294 -1
296 126 295 -1
297 14 296 49
298 109 123 -1
299 18 108 -1
300 298 299 -1
301 102 300 34
302 65 175 -1
303 165 302 -1
304 55 303 -1
305 16 304 37
306 86 278 -1
307 275 306 -1
308 113 307 -1
309 151 308 36
310 22 130 -1
311 63 140 -1
312 132 310 -1
313 311 312 48
314 1 7 -1
315 66 314 -1
316 122 127 -1
317 315 316 16
318 69 314 -1
319 3 318 -1
320 56 319 -1
321 0 101 -1
322 320 321 29
323 3 91 -1
324 151 323 -1
325 67 324 -1
326 53 325 30
327 50 95 -1
328 29 143 -1
329 81 328 -1
330 327 329 20
331 160 162 -1
332 318 331 -1
333 31 161 -1
334 168 333 -1
335 332 334 1
336 79 162 -1
337 108 144 -1
338 2 336 -1
339 337 338 -1
340 14 339 46
341 17 62 -1
342 65 164 -1
343 50 342 -1
344 116 341 -1
345 343 344 43
346 10 16 -1
347 159 346 -1
348 152 347 -1
349 19 157 -1
350 348 349 56
351 53 62 -1
352 82 351 -1
353 12 352 -1
354 131 145 -1
355 353 354 19
356 127 166 -1
357 165 356 -1
358 5 164 -1
359 357 358 -1
360 110 359 12
361 41 148 -1
362 167 361 -1
363 12 362 -1
364 149 363 -1
365 168 364 3
366 60 72 -1
367 166 366 -1
368 2 107 -1
369 167 367 -1
370 368 369 8
371 133 328 -1
372 11 56 -1
373 64 372 -1
374 71 373 -1
375 371 374 10
376 58 67 -1
377 59 93 -1
378 94 376 -1
379 62 377 -1
380 378 379 47
381 38 200 -1
382 0 159 -1
383 108 382 -1
384 22 381 -1
385 383 384 11
386 26 145 -1
387 16 128 -1
388 3 54 -1
389 386 387 -1
390 388 389 60
391 8 13 -1
392 32 146 -1
393 152 392 -1
394 156 393 -1
395 391 394 4
396 23 29 -1
397 19 396 -1
398 84 130 -1
399 68 397 -1
400 398 399 15
401 38 107 -1
402 121 401 -1
403 53 402 -1
404 24 403 -1
405 51 404 50
406 43 88 -1
407 3 63 -1
408 70 407 -1
409 406 408 -1
410 254 409 -1
411 168 410 5
412 124 341 -1
413 314 320 -1
414 81 412 -1
415 263 414 -1
416 28 415 -1
417 413 416 -1
418 110 417 32
419 20 31 -1
420 19 91 -1
421 1 13 -1
422 419 420 -1
423 48 175 -1
424 421 423 -1
425 422 424 9
426 39 83 -1
427 20 107 -1
428 40 62 -1
429 426 428 -1
430 11 429 -1
431 27 430 -1
432 427 431 53
433 104 205 -1
434 275 335 -1
435 120 434 -1
436 308 433 -1
437 0 435 -1
438 436 437 -1
439 341 438 13
