50 1 13 -1
51 2 47 -1
52 11 45 -1
53 48 52 -1
54 9 50 -1
55 53 54 -1
56 36 51 -1
57 55 56 13
58 34 44 -1
59 1 49 -1
60 10 58 -1
61 30 59 -1
62 55 61 -1
63 60 62 26
64 4 12 -1
65 21 32 -1
66 16 37 -1
67 35 66 -1
68 64 67 -1
69 65 68 -1
70 60 69 25
71 3 39 -1
72 42 45 -1
73 64 71 -1
74 5 73 -1
75 58 72 -1
76 74 75 18
77 7 8 -1
78 19 77 -1
79 28 34 -1
80 78 79 -1
81 73 80 -1
82 11 81 45
83 35 41 -1
84 65 78 -1
85 33 83 -1
86 34 84 -1
87 85 86 14
88 4 26 -1
89 3 51 -1
90 5 89 -1
91 84 88 -1
92 90 91 5
93 17 64 -1
94 10 18 -1
95 9 93 -1
96 85 94 -1
97 95 96 12
98 30 38 -1
99 35 46 -1
100 12 99 -1
101 72 79 -1
102 100 101 -1
103 98 102 19
104 13 31 -1
105 38 100 -1
106 104 105 -1
107 68 106 -1
108 52 107 16
109 21 47 -1
110 41 98 -1
111 19 109 -1
112 15 110 -1
113 52 111 -1
114 112 113 15
115 109 110 -1
116 73 115 -1
117 13 88 -1
118 116 117 49
119 27 44 -1
120 40 119 -1
121 111 120 -1
122 69 121 -1
123 93 122 44
124 6 42 -1
125 26 27 -1
126 75 124 -1
127 16 126 -1
128 78 125 -1
129 127 128 34
130 26 37 -1
131 31 46 -1
132 29 51 -1
133 110 130 -1
134 131 132 -1
135 133 134 40
136 8 18 -1
137 43 79 -1
138 124 131 -1
139 136 138 -1
140 137 139 22
141 24 34 -1
142 14 42 -1
143 94 142 -1
144 88 141 -1
145 111 143 -1
146 144 145 7
147 11 29 -1
148 25 119 -1
149 32 141 -1
150 147 148 -1
151 149 150 -1
152 2 151 17
153 21 43 -1
154 48 148 -1
155 1 153 -1
156 89 155 -1
157 154 156 31
158 20 31 -1
159 147 158 -1
160 93 153 -1
161 34 160 -1
162 159 161 32
163 7 59 -1
164 36 143 -1
165 46 164 -1
166 147 163 -1
167 165 166 3
168 8 49 -1
169 132 168 -1
170 0 169 -1
171 6 170 -1
172 159 171 -1
173 40 172 46
174 41 158 -1
175 39 50 -1
176 23 168 -1
177 175 176 -1
178 45 174 -1
179 177 178 28
180 32 42 -1
181 22 180 -1
182 178 181 -1
183 3 136 -1
184 182 183 47
185 23 130 -1
186 180 185 -1
187 30 186 -1
188 54 187 -1
189 31 188 33
190 41 50 -1
191 0 190 -1
192 2 44 -1
193 191 192 -1
194 185 193 23
195 46 65 -1
196 8 195 -1
197 45 196 -1
198 191 197 -1
199 48 198 42
200 15 58 -1
201 5 195 -1
202 24 201 -1
203 161 200 -1
204 202 203 30
205 38 71 -1
206 56 99 -1
207 205 206 -1
208 185 196 -1
209 207 208 -1
210 156 209 2
211 1 39 -1
212 120 200 -1
213 206 211 -1
214 212 213 -1
215 125 214 11
216 22 33 -1
217 15 205 -1
218 216 217 -1
219 9 218 -1
220 65 124 -1
221 219 220 0
222 88 168 -1
223 37 216 -1
224 120 222 -1
225 154 224 -1
226 223 225 35
227 3 218 -1
228 109 227 -1
229 169 223 -1
230 42 228 -1
231 229 230 38
232 0 20 -1
233 7 232 -1
234 24 233 -1
235 227 234 -1
236 211 235 21
237 44 95 -1
238 12 237 -1
239 168 238 -1
240 233 239 -1
241 36 240 29
242 3 80 -1
243 58 242 -1
244 16 243 -1
245 48 222 -1
246 244 245 27
247 6 25 -1
248 4 54 -1
249 24 67 -1
250 248 249 -1
251 3 247 -1
252 250 251 10
253 28 37 -1
254 247 253 -1
255 49 254 -1
256 5 255 -1
257 181 256 20
258 136 224 -1
259 248 258 -1
260 89 190 -1
261 259 260 -1
262 94 261 1
263 185 253 -1
264 119 263 -1
265 104 264 -1
266 259 265 -1
267 65 266 43
268 10 66 -1
269 21 268 -1
270 7 264 -1
271 249 270 -1
272 269 271 36
273 14 269 -1
274 11 175 -1
275 28 274 -1
276 109 273 -1
277 275 276 37
278 39 53 -1
279 5 98 -1
280 25 278 -1
281 17 279 -1
282 31 281 -1
283 280 282 41
284 37 141 -1
285 29 284 -1
286 30 278 -1
287 40 285 -1
288 286 287 39
289 33 153 -1
290 264 289 -1
291 60 144 -1
292 109 132 -1
293 290 292 -1
294 291 293 24
295 192 227 -1
296 46 295 -1
297 279 289 -1
298 14 297 -1
299 296 298 4
300 48 116 -1
301 213 300 -1
302 299 301 -1
303 83 302 -1
304 203 303 -1
305 1 304 48
306 11 99 -1
307 3 300 -1
308 161 288 -1
309 306 308 -1
310 133 309 -1
311 307 310 8
312 8 36 -1
313 33 119 -1
314 42 313 -1
315 9 312 -1
316 234 314 -1
317 315 316 9
318 68 276 -1
319 175 298 -1
320 12 319 -1
321 318 320 -1
322 216 300 -1
323 321 322 6
