34 10 15 -1
35 6 33 -1
36 19 32 -1
37 11 13 -1
38 0 8 -1
39 17 25 -1
40 2 29 -1
41 3 16 -1
42 24 27 -1
43 7 34 -1
44 4 31 -1
45 12 21 -1
46 20 37 -1
47 5 35 -1
48 18 47 -1
49 21 43 -1
50 1 26 -1
51 1 23 -1
52 10 32 -1
53 36 44 -1
54 3 6 -1
55 22 38 -1
56 28 45 -1
57 29 30 -1
58 52 54 -1
59 9 57 -1
60 8 40 -1
61 36 55 -1
62 19 35 -1
63 34 50 -1
64 8 63 -1
65 13 47 -1
66 11 58 -1
67 16 66 -1
68 27 49 -1
69 2 6 -1
70 31 62 -1
71 0 9 -1
72 18 31 -1
73 20 29 -1
74 65 66 -1
75 42 61 -1
76 20 22 -1
77 51 67 -1
78 4 46 -1
79 75 78 11
80 59 74 -1
81 25 48 -1
82 68 81 -1
83 9 65 -1
84 27 41 -1
85 24 60 -1
86 74 76 -1
87 56 86 30
88 25 70 -1
89 12 88 -1
90 16 56 -1
91 7 28 -1
92 17 91 -1
93 39 78 -1
94 85 93 -1
95 23 48 -1
96 42 45 -1
97 33 64 -1
98 12 24 -1
99 26 73 -1
100 1 39 -1
101 23 53 -1
102 38 72 -1
103 44 92 -1
104 30 49 -1
105 13 51 -1
106 15 69 -1
107 64 89 -1
108 83 107 20
109 62 64 -1
110 46 109 15
111 83 84 -1
112 53 111 32
113 30 94 -1
114 91 113 1
115 60 103 -1
116 84 115 8
117 4 80 -1
118 17 117 18
119 0 36 -1
120 82 119 5
121 9 89 -1
122 31 121 -1
123 68 99 -1
124 23 102 -1
125 123 124 0
126 71 84 -1
127 85 126 -1
128 50 127 14
129 73 92 -1
130 106 129 -1
131 122 130 26
132 54 76 -1
133 60 104 -1
134 132 133 27
135 3 26 -1
136 42 82 -1
137 135 136 24
138 52 59 -1
139 61 138 -1
140 21 25 -1
141 98 139 -1
142 63 141 16
143 54 96 -1
144 46 143 -1
145 100 144 19
146 7 61 -1
147 20 146 -1
148 95 147 31
149 86 94 -1
150 97 149 -1
151 15 150 21
152 67 102 -1
153 127 139 -1
154 152 153 7
155 2 88 -1
156 37 90 -1
157 155 156 28
158 57 101 -1
159 90 158 -1
160 34 159 2
161 18 68 -1
162 77 161 -1
163 28 162 4
164 7 77 -1
165 57 164 -1
166 69 165 9
167 0 43 -1
168 100 167 -1
169 101 168 17
170 14 115 -1
171 22 92 -1
172 62 105 -1
173 56 171 -1
174 172 173 12
175 46 106 -1
176 76 175 -1
177 53 176 -1
178 140 177 25
179 48 97 -1
180 71 99 -1
181 179 180 -1
182 4 181 33
183 10 170 -1
184 2 133 -1
185 105 184 -1
186 183 185 29
187 48 67 -1
188 80 96 -1
189 60 187 -1
190 188 189 10
191 14 52 -1
192 108 122 -1
193 100 191 -1
194 192 193 23
195 88 173 -1
196 59 184 -1
197 195 196 -1
198 75 197 6
199 23 46 -1
200 14 199 -1
201 187 200 -1
202 98 201 3
203 66 137 -1
204 140 203 -1
205 138 204 -1
206 5 205 13
207 154 195 -1
208 155 202 -1
209 199 207 -1
210 82 208 -1
211 209 210 22
