38 26 36 -1
39 0 11 -1
40 24 28 -1
41 19 38 -1
42 29 41 -1
43 6 33 -1
44 40 42 -1
45 7 39 -1
46 43 44 -1
47 45 46 17
48 12 27 -1
49 5 33 -1
50 13 49 -1
51 44 48 -1
52 2 51 -1
53 50 52 18
54 23 37 -1
55 34 35 -1
56 21 46 -1
57 54 56 -1
58 29 55 -1
59 57 58 26
60 30 31 -1
61 12 32 -1
62 17 61 -1
63 54 60 -1
64 62 63 -1
65 50 64 -1
66 39 65 34
67 1 21 -1
68 11 15 -1
69 45 63 -1
70 41 68 -1
71 67 69 -1
72 70 71 22
73 5 14 -1
74 2 15 -1
75 38 73 -1
76 74 75 -1
77 69 76 6
78 16 18 -1
79 8 37 -1
80 47 68 -1
81 78 79 -1
82 51 81 -1
83 80 82 10
84 10 22 -1
85 13 15 -1
86 58 85 -1
87 79 86 -1
88 70 84 -1
89 87 88 32
90 20 23 -1
91 17 25 -1
92 6 91 -1
93 0 92 -1
94 90 93 -1
95 87 94 0
96 13 14 -1
97 1 19 -1
98 96 97 -1
99 63 98 -1
100 94 99 35
101 26 40 -1
102 81 90 -1
103 35 101 -1
104 74 102 -1
105 103 104 33
106 3 31 -1
107 16 106 -1
108 34 38 -1
109 33 107 -1
110 80 109 -1
111 108 110 27
112 14 67 -1
113 39 107 -1
114 90 112 -1
115 10 114 -1
116 113 115 12
117 4 78 -1
118 75 117 -1
119 55 107 -1
120 70 118 -1
121 119 120 14
122 18 84 -1
123 1 122 -1
124 7 60 -1
125 101 124 -1
126 123 125 -1
127 6 126 16
128 29 71 -1
129 104 128 -1
130 123 129 -1
131 113 130 9
132 8 9 -1
133 106 132 -1
134 124 128 -1
135 133 134 -1
136 64 135 20
137 19 24 -1
138 34 137 -1
139 69 90 -1
140 133 138 -1
141 139 140 29
142 36 65 -1
143 37 142 -1
144 53 143 -1
145 10 144 -1
146 138 145 21
147 31 145 -1
148 97 147 -1
149 44 148 -1
150 74 149 -1
151 25 150 13
152 17 143 -1
153 69 152 -1
154 134 153 -1
155 41 154 -1
156 85 155 28
157 11 32 -1
158 154 157 -1
159 66 158 -1
160 82 159 -1
161 126 160 11
162 24 48 -1
163 3 123 -1
164 50 163 -1
165 162 164 -1
166 157 165 8
167 22 38 -1
168 9 112 -1
169 167 168 -1
170 162 169 -1
171 16 170 15
172 117 167 -1
173 42 172 -1
174 15 103 -1
175 60 173 -1
176 174 175 5
177 19 115 -1
178 63 172 -1
179 31 178 -1
180 81 179 -1
181 177 180 23
182 9 55 -1
183 12 182 -1
184 177 183 -1
185 142 184 -1
186 100 185 19
187 0 56 -1
188 120 187 -1
189 172 188 -1
190 132 189 -1
191 33 190 2
192 152 165 -1
193 174 192 -1
194 62 193 -1
195 107 151 -1
196 127 195 -1
197 194 196 7
198 19 193 -1
199 52 87 -1
200 131 198 -1
201 71 200 -1
202 199 201 36
203 92 196 -1
204 137 147 -1
205 203 204 -1
206 26 205 -1
207 80 206 25
208 121 198 -1
209 31 162 -1
210 150 209 -1
211 189 210 -1
212 208 211 4
213 138 170 -1
214 97 136 -1
215 124 214 -1
216 213 215 -1
217 208 216 1
218 43 95 -1
219 27 213 -1
220 200 219 -1
221 83 220 -1
222 218 221 3
223 46 133 -1
224 199 221 -1
225 120 224 -1
226 223 225 -1
227 203 226 37
228 35 58 -1
229 91 215 -1
230 180 229 -1
231 9 228 -1
232 230 231 -1
233 69 232 30
234 152 228 -1
235 27 234 -1
236 151 235 -1
237 22 236 -1
238 98 237 31
239 88 151 -1
240 4 239 -1
241 64 182 -1
242 141 241 -1
243 160 242 -1
244 240 243 24
