32 17 23 -1
33 12 27 -1
34 3 29 -1
35 21 30 -1
36 10 16 -1
37 2 32 -1
38 4 19 -1
39 33 36 -1
40 7 34 -1
41 35 40 -1
42 37 39 -1
43 38 41 -1
44 5 43 -1
45 42 44 9
46 20 31 -1
47 8 28 -1
48 18 46 -1
49 47 48 -1
50 42 49 -1
51 11 50 -1
52 29 38 -1
53 51 52 17
54 6 25 -1
55 0 14 -1
56 50 54 -1
57 21 55 -1
58 56 57 -1
59 18 58 27
60 1 15 -1
61 19 56 -1
62 8 61 -1
63 30 62 -1
64 60 63 5
65 24 26 -1
66 16 22 -1
67 65 66 -1
68 2 67 -1
69 11 68 -1
70 23 69 -1
71 63 70 22
72 3 26 -1
73 15 20 -1
74 56 73 -1
75 67 72 -1
76 45 74 -1
77 75 76 4
78 9 24 -1
79 36 78 -1
80 40 79 -1
81 2 80 -1
82 74 81 16
83 14 78 -1
84 60 83 -1
85 72 84 -1
86 21 85 -1
87 22 49 -1
88 17 87 -1
89 86 88 15
90 39 47 -1
91 5 90 -1
92 26 91 -1
93 69 86 -1
94 92 93 26
95 13 35 -1
96 1 95 -1
97 3 96 -1
98 90 97 -1
99 69 98 -1
100 9 99 18
101 87 96 -1
102 23 101 -1
103 40 102 -1
104 84 103 -1
105 18 104 23
106 56 102 -1
107 76 106 -1
108 94 107 -1
109 30 108 11
110 10 25 -1
111 103 110 -1
112 0 111 -1
113 67 92 -1
114 112 113 6
115 12 28 -1
116 50 110 -1
117 80 115 -1
118 86 117 -1
119 116 118 2
120 27 62 -1
121 83 120 -1
122 34 121 -1
123 57 119 -1
124 122 123 29
125 15 36 -1
126 5 125 -1
127 106 126 -1
128 69 127 -1
129 110 128 13
130 26 122 -1
131 49 130 -1
132 4 131 -1
133 125 132 28
134 68 121 -1
135 105 134 -1
136 16 40 -1
137 70 135 -1
138 136 137 25
139 59 101 -1
140 108 139 -1
141 138 140 -1
142 90 141 -1
143 20 142 3
144 43 139 -1
145 7 144 -1
146 32 130 -1
147 10 145 -1
148 146 147 24
149 110 117 -1
150 147 149 -1
151 79 90 -1
152 150 151 21
153 22 97 -1
154 104 153 -1
155 149 154 -1
156 141 155 19
157 29 154 -1
158 71 138 -1
159 157 158 -1
160 114 159 14
161 6 97 -1
162 60 161 -1
163 0 162 -1
164 28 59 -1
165 163 164 20
166 142 161 -1
167 68 76 -1
168 146 167 -1
169 166 168 8
170 13 100 -1
171 129 170 -1
172 60 135 -1
173 133 172 -1
174 171 173 7
175 140 170 -1
176 28 130 -1
177 175 176 -1
178 71 177 0
179 111 165 -1
180 20 75 -1
181 171 179 -1
182 94 181 -1
183 180 182 10
184 39 111 -1
185 29 50 -1
186 95 185 -1
187 140 186 -1
188 184 187 31
189 13 53 -1
190 18 189 -1
191 92 190 -1
192 121 191 -1
193 145 192 30
194 2 122 -1
195 153 194 -1
196 82 195 -1
197 53 156 -1
198 196 197 1
199 140 192 -1
200 4 156 -1
201 0 200 -1
202 199 201 -1
203 64 202 12
