50 21 39 -1
51 26 47 -1
52 8 36 -1
53 1 13 -1
54 7 19 -1
55 34 45 -1
56 9 44 -1
57 3 4 -1
58 11 47 -1
59 32 41 -1
60 30 38 -1
61 40 49 -1
62 0 52 -1
63 27 44 -1
64 28 42 -1
65 20 31 -1
66 15 37 -1
67 4 33 -1
68 3 22 -1
69 41 60 -1
70 12 35 -1
71 48 53 -1
72 6 16 -1
73 23 26 -1
74 10 67 -1
75 2 29 -1
76 38 50 -1
77 43 49 -1
78 48 61 -1
79 11 17 -1
80 43 46 -1
81 6 62 -1
82 55 56 -1
83 44 70 -1
84 24 35 -1
85 25 37 -1
86 32 66 -1
87 73 86 -1
88 21 34 -1
89 8 39 -1
90 28 54 -1
91 36 58 -1
92 3 9 -1
93 51 69 -1
94 51 52 -1
95 45 65 -1
96 5 39 -1
97 10 14 -1
98 29 77 -1
99 45 46 -1
100 15 17 -1
101 33 42 -1
102 20 62 -1
103 74 83 -1
104 71 82 -1
105 8 68 -1
106 53 87 -1
107 52 106 -1
108 13 35 -1
109 2 78 -1
110 63 109 -1
111 59 99 -1
112 54 94 -1
113 92 93 -1
114 57 96 -1
115 16 86 -1
116 12 79 -1
117 16 89 -1
118 34 57 -1
119 41 77 -1
120 43 76 -1
121 72 85 -1
122 51 67 -1
123 89 108 -1
124 18 80 -1
125 64 124 -1
126 33 123 -1
127 38 48 -1
128 110 127 -1
129 2 35 -1
130 47 115 -1
131 19 100 -1
132 22 121 -1
133 44 127 -1
134 79 96 -1
135 16 49 -1
136 5 59 -1
137 84 100 -1
138 2 44 -1
139 56 102 -1
140 49 139 -1
141 24 27 -1
142 75 141 -1
143 25 28 -1
144 21 29 -1
145 31 37 -1
146 15 22 -1
147 88 115 -1
148 103 147 25
149 2 104 -1
150 91 149 13
151 107 120 -1
152 108 151 2
153 34 81 -1
154 31 125 -1
155 153 154 22
156 23 80 -1
157 46 64 -1
158 65 81 -1
159 58 109 -1
160 158 159 46
161 117 118 -1
162 90 116 -1
163 161 162 45
164 10 113 -1
165 36 128 -1
166 164 165 1
167 111 153 -1
168 71 88 -1
169 167 168 42
170 69 82 -1
171 83 157 -1
172 170 171 19
173 85 122 -1
174 78 105 -1
175 173 174 35
176 129 130 -1
177 128 176 -1
178 131 177 44
179 59 107 -1
180 102 138 -1
181 179 180 23
182 63 112 -1
183 55 72 -1
184 182 183 34
185 54 126 -1
186 88 185 -1
187 59 186 14
188 64 136 -1
189 36 135 -1
190 188 189 -1
191 132 190 20
192 61 137 -1
193 1 91 -1
194 4 192 -1
195 77 194 -1
196 188 195 -1
197 171 196 30
198 10 193 -1
199 30 104 -1
200 189 198 -1
201 199 200 26
202 74 142 -1
203 156 202 -1
204 157 203 -1
205 19 204 24
206 58 131 -1
207 45 206 -1
208 69 144 -1
209 207 208 15
210 44 121 -1
211 84 210 -1
212 104 211 -1
213 118 212 10
214 88 98 -1
215 67 214 -1
216 116 215 -1
217 65 216 32
218 50 112 -1
219 129 218 -1
220 114 219 -1
221 32 220 5
222 97 193 -1
223 7 222 -1
224 98 125 -1
225 223 224 3
226 24 214 -1
227 101 132 -1
228 92 227 -1
229 76 130 -1
230 228 229 0
231 101 141 -1
232 7 140 -1
233 231 232 -1
234 39 233 9
235 18 41 -1
236 17 103 -1
237 235 236 -1
238 82 237 12
239 30 95 -1
240 25 239 -1
241 134 240 -1
242 133 241 41
243 20 50 -1
244 11 145 -1
245 13 113 -1
246 243 245 -1
247 12 246 49
248 26 131 -1
249 15 232 -1
250 248 249 -1
251 4 250 29
252 30 92 -1
253 106 252 -1
254 31 42 -1
255 253 254 33
256 86 111 -1
257 192 256 -1
258 98 257 -1
259 93 258 8
260 42 114 -1
261 82 260 -1
262 12 261 -1
263 40 262 18
264 53 95 -1
265 23 264 -1
266 117 119 -1
267 265 266 28
268 75 86 -1
269 42 119 -1
270 268 269 -1
271 8 120 -1
272 270 271 38
273 18 101 -1
274 105 273 -1
275 59 95 -1
276 12 275 -1
277 274 276 47
278 182 218 -1
279 10 278 -1
280 84 90 -1
281 73 280 -1
282 279 281 36
283 57 77 -1
284 26 283 -1
285 16 133 -1
286 284 285 -1
287 90 286 27
288 5 119 -1
289 70 288 -1
290 97 289 -1
291 68 290 -1
292 71 291 6
293 44 145 -1
294 93 293 -1
295 7 294 -1
296 75 295 -1
297 46 296 40
298 34 142 -1
299 32 143 -1
300 79 299 -1
301 44 300 -1
302 298 301 17
303 226 243 -1
304 78 244 -1
305 303 304 -1
306 0 239 -1
307 305 306 39
308 50 122 -1
309 284 308 -1
310 25 33 -1
311 309 310 -1
312 1 311 -1
313 110 312 31
314 36 57 -1
315 291 309 -1
316 237 314 -1
317 133 315 -1
318 316 317 48
319 225 303 -1
320 80 308 -1
321 193 319 -1
322 90 320 -1
323 321 322 7
324 183 186 -1
325 271 320 -1
326 52 325 -1
327 219 244 -1
328 324 326 -1
329 327 328 16
330 89 222 -1
331 143 330 -1
332 43 52 -1
333 13 121 -1
334 332 333 -1
335 331 334 37
336 30 146 -1
337 88 156 -1
338 138 337 -1
339 14 338 -1
340 96 336 -1
341 339 340 4
342 76 137 -1
343 102 342 -1
344 53 343 -1
345 131 146 -1
346 185 345 -1
347 344 346 21
348 15 151 -1
349 13 177 -1
350 338 349 -1
351 39 348 -1
352 117 350 -1
353 351 352 11
354 40 104 -1
355 29 354 -1
356 23 169 -1
357 1 269 -1
358 356 357 -1
359 155 358 -1
360 355 359 43
