34 9 15 -1
35 17 29 -1
36 1 33 -1
37 8 30 -1
38 2 34 -1
39 21 35 -1
40 31 36 -1
41 0 19 -1
42 37 40 -1
43 38 39 -1
44 41 42 -1
45 43 44 10
46 12 22 -1
47 23 25 -1
48 3 28 -1
49 18 46 -1
50 47 49 -1
51 4 48 -1
52 42 50 -1
53 27 52 -1
54 51 53 18
55 10 16 -1
56 33 35 -1
57 11 56 -1
58 52 55 -1
59 57 58 22
60 5 55 -1
61 17 24 -1
62 38 61 -1
63 48 60 -1
64 46 63 -1
65 31 62 -1
66 64 65 8
67 14 19 -1
68 12 29 -1
69 20 47 -1
70 60 67 -1
71 40 69 -1
72 68 70 -1
73 71 72 13
74 10 32 -1
75 15 74 -1
76 7 69 -1
77 75 76 -1
78 26 64 -1
79 0 77 -1
80 78 79 16
81 6 25 -1
82 75 81 -1
83 53 82 -1
84 3 18 -1
85 78 83 -1
86 84 85 20
87 12 23 -1
88 19 87 -1
89 48 88 -1
90 43 89 -1
91 82 90 33
92 11 13 -1
93 67 92 -1
94 50 93 -1
95 23 38 -1
96 77 94 -1
97 95 96 28
98 55 72 -1
99 36 94 -1
100 27 98 -1
101 6 41 -1
102 100 101 -1
103 99 102 19
104 9 10 -1
105 17 104 -1
106 79 105 -1
107 99 106 -1
108 20 107 4
109 33 107 -1
110 2 109 -1
111 28 41 -1
112 110 111 3
113 26 74 -1
114 83 113 -1
115 30 109 -1
116 88 114 -1
117 115 116 -1
118 96 117 27
119 29 114 -1
120 100 119 -1
121 62 120 -1
122 86 121 -1
123 56 122 17
124 33 120 -1
125 58 84 -1
126 9 124 -1
127 125 126 30
128 21 58 -1
129 92 128 -1
130 5 129 -1
131 105 119 -1
132 130 131 14
133 24 76 -1
134 89 133 -1
135 106 134 -1
136 129 135 -1
137 118 136 25
138 46 74 -1
139 44 138 -1
140 72 118 -1
141 17 140 -1
142 139 141 5
143 3 7 -1
144 113 143 -1
145 37 68 -1
146 144 145 -1
147 95 146 9
148 57 135 -1
149 93 148 -1
150 117 149 -1
151 144 150 -1
152 71 151 29
153 4 65 -1
154 149 153 -1
155 36 138 -1
156 14 155 -1
157 154 156 15
158 47 136 -1
159 68 110 -1
160 154 159 -1
161 133 160 -1
162 158 161 12
163 105 158 -1
164 59 163 -1
165 8 155 -1
166 164 165 23
167 27 131 -1
168 4 167 -1
169 43 111 -1
170 168 169 -1
171 160 170 26
172 79 110 -1
173 153 172 -1
174 25 173 -1
175 167 174 32
176 94 161 -1
177 128 176 -1
178 115 155 -1
179 177 178 -1
180 80 179 11
181 39 179 -1
182 72 181 -1
183 148 182 -1
184 113 183 2
185 64 177 -1
186 15 35 -1
187 20 185 -1
188 186 187 21
189 24 159 -1
190 59 87 -1
191 139 189 -1
192 30 190 -1
193 191 192 1
194 126 134 -1
195 87 194 -1
196 168 195 -1
197 81 196 -1
198 138 197 0
199 42 180 -1
200 132 199 -1
201 140 200 -1
202 16 201 -1
203 184 202 31
204 54 93 -1
205 159 204 -1
206 55 205 -1
207 186 206 -1
208 179 207 24
209 8 76 -1
210 6 147 -1
211 168 209 -1
212 162 211 -1
213 210 212 6
214 151 203 -1
215 103 165 -1
216 214 215 -1
217 124 216 -1
218 113 217 7
