40 9 21 -1
41 0 11 -1
42 17 18 -1
43 16 38 -1
44 7 20 -1
45 12 37 -1
46 19 32 -1
47 26 40 -1
48 10 29 -1
49 35 39 -1
50 3 36 -1
51 2 24 -1
52 15 25 -1
53 22 23 -1
54 5 47 -1
55 13 14 -1
56 4 8 -1
57 28 31 -1
58 6 38 -1
59 41 43 -1
60 1 42 -1
61 0 56 -1
62 58 61 -1
63 7 29 -1
64 44 59 -1
65 34 57 -1
66 30 63 -1
67 27 31 -1
68 14 45 -1
69 48 55 -1
70 12 27 -1
71 23 59 -1
72 51 62 -1
73 46 54 -1
74 6 60 -1
75 50 58 -1
76 3 52 -1
77 33 75 -1
78 8 69 -1
79 10 15 -1
80 32 49 -1
81 19 37 -1
82 16 68 -1
83 28 47 -1
84 76 80 -1
85 4 73 -1
86 9 53 -1
87 17 20 -1
88 36 67 -1
89 33 78 -1
90 39 47 -1
91 44 86 -1
92 24 91 -1
93 63 72 -1
94 29 77 -1
95 11 34 -1
96 23 75 -1
97 51 81 -1
98 42 97 -1
99 35 92 -1
100 2 79 -1
101 53 65 -1
102 18 70 -1
103 40 64 -1
104 90 98 -1
105 71 93 -1
106 76 89 -1
107 74 95 -1
108 106 107 19
109 46 100 -1
110 80 103 -1
111 22 76 -1
112 39 77 -1
113 3 65 -1
114 20 96 -1
115 25 32 -1
116 24 83 -1
117 70 84 -1
118 9 110 -1
119 60 66 -1
120 21 61 -1
121 8 68 -1
122 41 87 -1
123 25 85 -1
124 26 30 -1
125 67 110 -1
126 42 120 -1
127 51 122 -1
128 24 102 -1
129 88 119 -1
130 0 79 -1
131 15 98 -1
132 9 94 -1
133 103 104 -1
134 83 133 35
135 85 127 -1
136 22 60 -1
137 135 136 13
138 54 69 -1
139 94 138 -1
140 99 139 4
141 66 111 -1
142 54 82 -1
143 141 142 11
144 105 115 -1
145 17 144 -1
146 57 145 18
147 73 114 -1
148 124 147 -1
149 69 148 32
150 30 35 -1
151 109 150 -1
152 103 151 10
153 42 125 -1
154 59 153 -1
155 62 154 29
156 65 105 -1
157 8 54 -1
158 156 157 22
159 82 109 -1
160 112 159 -1
161 113 160 3
162 37 129 -1
163 91 162 -1
164 71 163 25
165 40 117 -1
166 74 165 -1
167 92 166 -1
168 23 167 0
169 43 132 -1
170 14 47 -1
171 59 94 -1
172 116 171 -1
173 18 49 -1
174 172 173 24
175 95 141 -1
176 120 175 -1
177 112 176 -1
178 30 177 26
179 6 78 -1
180 73 109 -1
181 128 179 -1
182 180 181 16
183 10 68 -1
184 33 116 -1
185 114 183 -1
186 107 185 -1
187 99 186 -1
188 81 187 9
189 117 184 -1
190 99 123 -1
191 189 190 15
192 90 118 -1
193 76 192 -1
194 130 193 -1
195 119 194 36
196 12 93 -1
197 46 196 -1
198 169 197 -1
199 131 198 21
200 47 131 -1
201 96 101 -1
202 6 201 -1
203 200 202 5
204 13 28 -1
205 118 204 -1
206 72 89 -1
207 205 206 6
208 83 121 -1
209 13 122 -1
210 36 209 -1
211 86 208 -1
212 210 211 12
213 52 104 -1
214 2 60 -1
215 16 69 -1
216 213 215 -1
217 214 216 17
218 90 121 -1
219 50 170 -1
220 17 218 -1
221 85 220 -1
222 58 221 -1
223 215 222 14
224 25 113 -1
225 114 213 -1
226 28 71 -1
227 73 219 -1
228 74 227 -1
229 226 228 20
230 163 224 -1
231 166 230 -1
232 169 231 -1
233 170 232 8
234 92 126 -1
235 48 218 -1
236 11 235 -1
237 234 236 2
238 106 132 -1
239 27 87 -1
240 238 239 -1
241 82 240 -1
242 97 241 1
243 192 222 -1
244 224 243 -1
245 153 244 -1
246 8 245 -1
247 21 246 33
248 142 173 -1
249 60 248 -1
250 108 249 -1
251 244 250 39
252 74 91 -1
253 57 93 -1
254 252 253 -1
255 87 254 -1
256 52 255 31
257 155 225 -1
258 4 188 -1
259 74 257 -1
260 208 259 -1
261 258 260 34
262 102 158 -1
263 20 262 -1
264 35 253 -1
265 235 264 -1
266 263 265 27
267 33 175 -1
268 174 225 -1
269 267 268 -1
270 224 269 -1
271 12 270 38
272 187 199 -1
273 217 272 -1
274 141 219 -1
275 106 274 -1
276 273 275 28
277 52 96 -1
278 49 277 -1
279 54 278 -1
280 62 279 -1
281 45 280 37
282 41 247 -1
283 234 279 -1
284 7 282 -1
285 283 284 -1
286 101 285 7
287 44 73 -1
288 49 113 -1
289 33 288 -1
290 13 287 -1
291 289 290 23
292 172 251 -1
293 232 288 -1
294 193 293 -1
295 217 292 -1
296 155 295 -1
297 294 296 30
