48 2 15 -1
49 19 24 -1
50 30 42 -1
51 44 47 -1
52 14 38 -1
53 28 41 -1
54 33 45 -1
55 8 11 -1
56 17 43 -1
57 3 20 -1
58 18 27 -1
59 22 40 -1
60 39 46 -1
61 34 49 -1
62 0 25 -1
63 4 5 -1
64 6 31 -1
65 15 51 -1
66 2 42 -1
67 37 65 -1
68 25 53 -1
69 35 36 -1
70 9 12 -1
71 11 16 -1
72 1 19 -1
73 8 13 -1
74 41 46 -1
75 22 23 -1
76 36 66 -1
77 45 74 -1
78 10 68 -1
79 38 64 -1
80 27 44 -1
81 77 80 -1
82 50 59 -1
83 21 82 -1
84 55 58 -1
85 32 50 -1
86 20 48 -1
87 9 33 -1
88 7 29 -1
89 54 57 -1
90 30 39 -1
91 31 40 -1
92 56 69 -1
93 19 20 -1
94 20 71 -1
95 6 52 -1
96 0 70 -1
97 39 52 -1
98 0 31 -1
99 27 88 -1
100 62 63 -1
101 11 61 -1
102 4 94 -1
103 13 78 -1
104 3 24 -1
105 18 72 -1
106 44 104 -1
107 4 17 -1
108 23 49 -1
109 95 108 -1
110 7 82 -1
111 63 90 -1
112 22 37 -1
113 29 53 -1
114 89 92 -1
115 34 83 -1
116 16 57 -1
117 59 60 -1
118 86 117 -1
119 67 84 -1
120 34 111 -1
121 76 116 -1
122 47 64 -1
123 9 105 -1
124 28 79 -1
125 62 81 -1
126 80 120 -1
127 56 61 -1
128 8 107 -1
129 60 76 -1
130 87 128 -1
131 14 71 -1
132 16 106 -1
133 43 68 -1
134 47 83 -1
135 58 91 -1
136 73 80 -1
137 12 43 -1
138 26 34 -1
139 33 135 -1
140 47 48 -1
141 42 73 -1
142 46 87 -1
143 7 101 -1
144 72 89 -1
145 18 25 -1
146 35 43 -1
147 7 36 -1
148 85 147 -1
149 4 65 -1
150 63 93 -1
151 8 98 -1
152 113 151 -1
153 55 66 -1
154 30 104 -1
155 38 73 -1
156 33 150 -1
157 8 29 -1
158 56 124 -1
159 69 94 -1
160 61 100 -1
161 6 54 -1
162 32 41 -1
163 123 132 -1
164 115 163 26
165 95 96 -1
166 118 165 14
167 97 152 -1
168 148 167 42
169 149 155 -1
170 145 148 -1
171 169 170 41
172 98 114 -1
173 67 172 -1
174 93 173 30
175 7 159 -1
176 70 158 -1
177 175 176 25
178 75 143 -1
179 96 107 -1
180 126 179 -1
181 119 180 28
182 142 143 -1
183 86 182 -1
184 145 183 18
185 124 130 -1
186 48 106 -1
187 185 186 38
188 46 67 -1
189 99 188 -1
190 121 189 43
191 110 133 -1
192 116 191 -1
193 48 192 39
194 114 138 -1
195 21 68 -1
196 194 195 40
197 125 127 -1
198 60 197 -1
199 85 198 3
200 79 84 -1
201 141 156 -1
202 200 201 16
203 139 157 -1
204 39 113 -1
205 22 204 -1
206 37 134 -1
207 97 206 -1
208 136 207 -1
209 139 208 11
210 38 108 -1
211 115 210 -1
212 129 211 17
213 56 203 -1
214 138 140 -1
215 213 214 44
216 14 102 -1
217 30 127 -1
218 136 216 -1
219 217 218 7
220 71 161 -1
221 28 122 -1
222 109 221 -1
223 43 222 -1
224 100 223 22
225 1 129 -1
226 131 137 -1
227 78 226 -1
228 225 227 4
229 68 99 -1
230 108 154 -1
231 128 229 -1
232 230 231 20
233 12 154 -1
234 23 119 -1
235 90 234 -1
236 233 235 15
237 103 126 -1
238 7 237 -1
239 33 125 -1
240 238 239 23
241 70 77 -1
242 26 241 -1
243 149 153 -1
244 242 243 36
245 87 121 -1
246 50 245 -1
247 131 134 -1
248 246 247 13
249 78 96 -1
250 71 249 -1
251 205 250 -1
252 206 251 8
253 138 160 -1
254 220 253 -1
255 46 254 -1
256 37 255 47
257 132 216 -1
258 162 220 -1
259 257 258 -1
260 90 259 27
261 6 144 -1
262 15 43 -1
263 261 262 -1
264 178 263 35
265 162 175 -1
266 13 52 -1
267 178 266 -1
268 37 265 -1
269 267 268 10
270 114 141 -1
271 135 270 -1
272 41 271 -1
273 36 133 -1
274 272 273 1
275 26 78 -1
276 2 275 -1
277 79 81 -1
278 276 277 -1
279 75 278 31
280 1 41 -1
281 66 280 -1
282 125 281 -1
283 109 282 -1
284 123 283 2
285 111 146 -1
286 11 112 -1
287 99 286 -1
288 86 287 -1
289 285 288 6
290 28 118 -1
291 10 84 -1
292 36 291 -1
293 112 292 -1
294 290 293 45
295 58 95 -1
296 149 295 -1
297 146 150 -1
298 74 296 -1
299 297 298 9
300 30 105 -1
301 122 300 -1
302 17 67 -1
303 301 302 -1
304 78 303 46
305 23 152 -1
306 130 305 -1
307 21 153 -1
308 0 306 -1
309 307 308 29
310 51 102 -1
311 26 137 -1
312 53 310 -1
313 144 312 -1
314 311 313 5
315 5 97 -1
316 76 315 -1
317 81 316 -1
318 140 317 -1
319 9 318 24
320 17 205 -1
321 155 320 -1
322 88 109 -1
323 321 322 -1
324 201 323 0
325 97 262 -1
326 240 321 -1
327 178 325 -1
328 54 327 -1
329 111 328 -1
330 326 329 37
331 146 325 -1
332 12 103 -1
333 205 332 -1
334 331 333 -1
335 85 334 19
336 66 110 -1
337 142 336 -1
338 34 337 -1
339 37 81 -1
340 96 338 -1
341 339 340 33
342 74 154 -1
343 5 69 -1
344 151 343 -1
345 85 344 -1
346 112 342 -1
347 345 346 32
348 22 104 -1
349 241 348 -1
350 210 349 -1
351 103 350 -1
352 176 351 -1
353 1 352 34
354 160 215 -1
355 194 282 -1
356 343 354 -1
357 154 355 -1
358 356 357 -1
359 169 358 12
360 2 93 -1
361 29 360 -1
362 21 155 -1
363 160 362 -1
364 361 363 -1
365 102 364 21
