54 15 43 -1
55 26 47 -1
56 18 37 -1
57 48 54 -1
58 12 57 -1
59 50 58 -1
60 55 56 -1
61 59 60 20
62 41 47 -1
63 1 14 -1
64 22 28 -1
65 19 63 -1
66 62 64 -1
67 65 66 -1
68 57 67 42
69 3 52 -1
70 4 34 -1
71 21 70 -1
72 0 71 -1
73 65 69 -1
74 72 73 17
75 39 40 -1
76 16 52 -1
77 62 75 -1
78 51 77 -1
79 36 78 -1
80 54 79 -1
81 76 80 34
82 2 10 -1
83 14 30 -1
84 77 83 -1
85 17 82 -1
86 84 85 -1
87 3 86 32
88 29 32 -1
89 6 37 -1
90 70 89 -1
91 88 90 -1
92 50 82 -1
93 91 92 16
94 4 22 -1
95 25 75 -1
96 15 90 -1
97 10 94 -1
98 95 96 -1
99 97 98 25
100 35 49 -1
101 48 100 -1
102 21 95 -1
103 101 102 -1
104 83 103 18
105 1 11 -1
106 25 29 -1
107 71 101 -1
108 106 107 -1
109 105 108 51
110 20 40 -1
111 33 38 -1
112 82 110 -1
113 111 112 -1
114 94 113 -1
115 63 114 48
116 26 78 -1
117 18 116 -1
118 112 117 -1
119 21 35 -1
120 118 119 10
121 39 53 -1
122 38 121 -1
123 100 122 -1
124 66 116 -1
125 123 124 19
126 7 34 -1
127 2 126 -1
128 37 105 -1
129 72 112 -1
130 128 129 -1
131 127 130 46
132 20 36 -1
133 23 35 -1
134 127 133 -1
135 58 132 -1
136 134 135 2
137 39 49 -1
138 8 43 -1
139 137 138 -1
140 60 77 -1
141 139 140 -1
142 94 141 33
143 33 42 -1
144 14 27 -1
145 7 143 -1
146 96 145 -1
147 71 144 -1
148 146 147 23
149 31 56 -1
150 28 46 -1
151 144 150 -1
152 16 149 -1
153 88 151 -1
154 152 153 31
155 5 13 -1
156 12 155 -1
157 15 156 -1
158 150 157 -1
159 132 158 -1
160 38 159 15
161 24 47 -1
162 33 46 -1
163 106 162 -1
164 10 156 -1
165 161 164 -1
166 163 165 26
167 22 137 -1
168 16 50 -1
169 163 167 -1
170 168 169 -1
171 18 170 44
172 132 143 -1
173 27 31 -1
174 167 173 -1
175 172 174 -1
176 161 175 8
177 155 161 -1
178 63 73 -1
179 177 178 -1
180 122 179 -1
181 137 180 37
182 39 44 -1
183 5 182 -1
184 22 183 -1
185 69 151 -1
186 83 184 -1
187 185 186 47
188 45 133 -1
189 54 188 -1
190 20 189 -1
191 184 190 30
192 119 163 -1
193 31 182 -1
194 91 193 -1
195 192 194 -1
196 96 195 35
197 28 49 -1
198 3 197 -1
199 51 145 -1
200 11 161 -1
201 198 200 -1
202 199 201 36
203 55 126 -1
204 10 32 -1
205 0 204 -1
206 198 203 -1
207 205 206 52
208 2 9 -1
209 24 208 -1
210 13 157 -1
211 209 210 -1
212 31 94 -1
213 211 212 14
214 3 8 -1
215 32 178 -1
216 214 215 -1
217 95 216 -1
218 209 217 43
219 18 41 -1
220 106 219 -1
221 215 220 -1
222 54 65 -1
223 221 222 1
224 23 51 -1
225 219 224 -1
226 19 118 -1
227 150 225 -1
228 226 227 -1
229 208 228 38
230 49 132 -1
231 24 200 -1
232 12 152 -1
233 230 231 -1
234 219 232 -1
235 233 234 41
236 111 214 -1
237 34 236 -1
238 149 231 -1
239 45 237 -1
240 238 239 7
241 34 139 -1
242 13 203 -1
243 230 241 -1
244 42 243 -1
245 242 244 39
246 168 183 -1
247 24 246 -1
248 25 241 -1
249 247 248 -1
250 57 249 0
251 42 76 -1
252 46 191 -1
253 133 251 -1
254 246 252 -1
255 253 254 13
256 28 236 -1
257 40 48 -1
258 47 257 -1
259 173 258 -1
260 256 259 27
261 43 212 -1
262 4 45 -1
263 186 262 -1
264 259 261 -1
265 263 264 12
266 18 261 -1
267 162 225 -1
268 70 267 -1
269 266 268 -1
270 39 269 28
271 9 121 -1
272 0 271 -1
273 6 25 -1
274 251 273 -1
275 31 274 -1
276 272 275 49
277 7 29 -1
278 17 277 -1
279 238 272 -1
280 152 278 -1
281 279 280 45
282 27 75 -1
283 177 203 -1
284 8 271 -1
285 282 283 -1
286 284 285 6
287 40 76 -1
288 278 287 -1
289 21 47 -1
290 13 112 -1
291 288 290 -1
292 289 291 11
293 23 126 -1
294 232 293 -1
295 37 294 -1
296 288 295 21
297 20 128 -1
298 9 297 -1
299 149 172 -1
300 298 299 -1
301 28 43 -1
302 300 301 29
303 52 63 -1
304 0 224 -1
305 297 303 -1
306 304 305 -1
307 5 306 24
308 25 102 -1
309 26 197 -1
310 42 308 -1
311 17 309 -1
312 156 310 -1
313 311 312 5
314 6 225 -1
315 32 314 -1
316 44 184 -1
317 156 315 -1
318 78 316 -1
319 317 318 22
320 8 66 -1
321 314 320 -1
322 228 321 -1
323 97 262 -1
324 322 323 4
325 76 182 -1
326 30 325 -1
327 0 28 -1
328 188 247 -1
329 326 328 -1
330 327 329 53
331 2 14 -1
332 69 331 -1
333 25 149 -1
334 5 333 -1
335 332 334 -1
336 90 335 9
337 33 308 -1
338 87 337 -1
339 105 287 -1
340 338 339 -1
341 78 340 -1
342 332 341 50
343 14 98 -1
344 58 74 -1
345 223 344 -1
346 343 345 -1
347 56 337 -1
348 346 347 3
349 36 50 -1
350 33 177 -1
351 53 349 -1
352 70 97 -1
353 24 351 -1
354 352 353 -1
355 350 354 40
