56 34 38 -1
57 12 47 -1
58 14 42 -1
59 0 14 -1
60 50 53 -1
61 9 54 -1
62 38 55 -1
63 8 20 -1
64 2 55 -1
65 10 49 -1
66 25 31 -1
67 16 19 -1
68 15 52 -1
69 17 48 -1
70 13 34 -1
71 27 41 -1
72 8 39 -1
73 17 23 -1
74 1 24 -1
75 28 32 -1
76 12 52 -1
77 44 57 -1
78 1 30 -1
79 6 49 -1
80 40 51 -1
81 5 24 -1
82 11 13 -1
83 20 47 -1
84 59 61 -1
85 2 60 -1
86 23 53 -1
87 15 40 -1
88 10 46 -1
89 40 49 -1
90 19 22 -1
91 10 56 -1
92 18 75 -1
93 33 86 -1
94 28 42 -1
95 4 14 -1
96 58 62 -1
97 29 32 -1
98 54 78 -1
99 51 76 -1
100 37 57 -1
101 51 79 -1
102 31 44 -1
103 19 64 -1
104 25 85 -1
105 46 97 -1
106 41 89 -1
107 37 70 -1
108 41 54 -1
109 21 45 -1
110 30 88 -1
111 47 53 -1
112 24 73 -1
113 8 78 -1
114 35 45 -1
115 36 109 -1
116 26 81 -1
117 23 42 -1
118 39 40 -1
119 30 117 -1
120 13 116 -1
121 67 103 -1
122 2 36 -1
123 17 43 -1
124 8 45 -1
125 31 46 -1
126 106 110 -1
127 115 126 8
128 21 104 -1
129 56 128 18
130 84 118 -1
131 85 130 12
132 91 93 -1
133 94 132 45
134 72 97 -1
135 96 134 36
136 91 92 -1
137 57 136 37
138 65 83 -1
139 38 90 -1
140 138 139 17
141 57 116 -1
142 122 141 -1
143 121 142 44
144 36 67 -1
145 58 144 -1
146 69 145 15
147 9 90 -1
148 76 147 -1
149 113 148 51
150 72 87 -1
151 88 150 -1
152 61 151 28
153 6 84 -1
154 5 153 -1
155 66 154 29
156 21 121 -1
157 11 77 -1
158 156 157 34
159 63 66 -1
160 26 159 -1
161 87 160 27
162 75 83 -1
163 3 80 -1
164 162 163 26
165 63 77 -1
166 122 165 -1
167 99 166 46
168 71 74 -1
169 49 103 -1
170 168 169 53
171 52 71 -1
172 95 171 -1
173 96 172 23
174 84 108 -1
175 55 174 -1
176 73 175 16
177 3 107 -1
178 9 177 -1
179 101 178 31
180 63 114 -1
181 37 180 -1
182 119 181 48
183 99 105 -1
184 69 183 -1
185 11 184 7
186 59 102 -1
187 21 70 -1
188 186 187 25
189 44 94 -1
190 95 189 -1
191 106 190 42
192 0 5 -1
193 68 100 -1
194 192 193 24
195 34 51 -1
196 88 195 -1
197 112 196 22
198 27 110 -1
199 91 198 -1
200 50 199 -1
201 37 200 20
202 112 119 -1
203 118 202 -1
204 120 203 -1
205 9 204 2
206 27 58 -1
207 7 103 -1
208 34 123 -1
209 28 208 -1
210 207 209 49
211 64 68 -1
212 53 211 -1
213 65 212 -1
214 69 213 1
215 61 70 -1
216 207 211 -1
217 215 216 38
218 94 111 -1
219 34 218 -1
220 81 85 -1
221 219 220 54
222 100 114 -1
223 79 89 -1
224 222 223 -1
225 83 224 21
226 50 120 -1
227 48 80 -1
228 44 226 -1
229 227 228 11
230 3 72 -1
231 28 98 -1
232 13 231 -1
233 230 232 41
234 54 76 -1
235 218 234 -1
236 58 189 -1
237 235 236 52
238 54 93 -1
239 74 238 -1
240 11 239 -1
241 20 240 30
242 33 108 -1
243 37 125 -1
244 242 243 -1
245 8 244 19
246 44 74 -1
247 16 246 -1
248 18 101 -1
249 247 248 47
250 55 111 -1
251 82 250 -1
252 102 251 -1
253 6 252 32
254 82 202 -1
255 8 206 -1
256 4 254 -1
257 255 256 6
258 43 206 -1
259 19 258 -1
260 124 259 -1
261 60 260 4
262 71 109 -1
263 82 262 -1
264 3 12 -1
265 263 264 50
266 7 67 -1
267 76 266 -1
268 5 267 -1
269 56 268 39
270 99 124 -1
271 5 98 -1
272 62 271 -1
273 19 80 -1
274 272 273 10
275 96 267 -1
276 103 117 -1
277 275 276 -1
278 270 277 5
279 138 270 -1
280 57 279 -1
281 29 195 -1
282 280 281 33
283 0 18 -1
284 62 283 -1
285 40 50 -1
286 67 284 -1
287 285 286 35
288 25 92 -1
289 60 283 -1
290 288 289 -1
291 15 105 -1
292 290 291 55
293 52 288 -1
294 55 293 -1
295 43 294 -1
296 89 295 3
297 14 19 -1
298 26 139 -1
299 11 297 -1
300 298 299 -1
301 123 300 14
302 54 242 -1
303 4 112 -1
304 20 302 -1
305 303 304 -1
306 79 305 0
307 0 107 -1
308 36 66 -1
309 307 308 -1
310 56 309 -1
311 39 310 40
312 10 24 -1
313 104 312 -1
314 36 242 -1
315 240 313 -1
316 314 315 13
317 117 125 -1
318 69 317 -1
319 3 112 -1
320 2 318 -1
321 6 319 -1
322 320 321 43
323 218 317 -1
324 88 115 -1
325 86 324 -1
326 95 114 -1
327 325 326 -1
328 323 327 9
