46 0 42 -1
47 36 40 -1
48 29 45 -1
49 19 48 -1
50 46 49 -1
51 47 50 15
52 27 41 -1
53 4 46 -1
54 21 52 -1
55 38 43 -1
56 53 54 -1
57 55 56 28
58 24 31 -1
59 7 14 -1
60 22 59 -1
61 54 60 -1
62 58 61 42
63 25 44 -1
64 10 15 -1
65 29 63 -1
66 55 65 -1
67 64 66 12
68 3 35 -1
69 26 58 -1
70 17 68 -1
71 63 70 -1
72 69 71 38
73 20 23 -1
74 39 73 -1
75 29 69 -1
76 74 75 13
77 5 15 -1
78 25 77 -1
79 33 78 -1
80 39 79 -1
81 68 80 21
82 28 43 -1
83 8 31 -1
84 82 83 -1
85 79 84 41
86 0 24 -1
87 7 86 -1
88 2 82 -1
89 87 88 -1
90 11 89 16
91 8 23 -1
92 13 68 -1
93 87 91 -1
94 92 93 32
95 28 63 -1
96 40 45 -1
97 86 95 -1
98 96 97 17
99 7 30 -1
100 34 99 -1
101 3 78 -1
102 95 100 -1
103 101 102 44
104 12 20 -1
105 15 104 -1
106 18 105 -1
107 11 100 -1
108 106 107 22
109 4 45 -1
110 22 109 -1
111 17 110 -1
112 105 111 14
113 36 44 -1
114 32 91 -1
115 109 114 -1
116 24 115 -1
117 113 116 36
118 34 52 -1
119 43 114 -1
120 118 119 -1
121 14 120 33
122 22 91 -1
123 40 122 -1
124 9 123 -1
125 118 124 43
126 31 109 -1
127 7 126 -1
128 9 46 -1
129 127 128 -1
130 13 129 39
131 37 47 -1
132 100 131 -1
133 48 132 -1
134 127 133 45
135 58 104 -1
136 21 135 -1
137 25 136 -1
138 128 137 6
139 12 13 -1
140 26 139 -1
141 17 113 -1
142 140 141 -1
143 95 142 18
144 1 10 -1
145 7 41 -1
146 144 145 -1
147 140 146 11
148 19 144 -1
149 34 148 -1
150 54 149 -1
151 16 150 30
152 16 42 -1
153 32 41 -1
154 63 153 -1
155 48 152 -1
156 154 155 29
157 12 39 -1
158 110 157 -1
159 152 158 -1
160 106 159 2
161 18 36 -1
162 2 99 -1
163 4 161 -1
164 68 162 -1
165 163 164 35
166 12 161 -1
167 83 166 -1
168 3 167 -1
169 59 168 31
170 19 28 -1
171 16 170 -1
172 159 171 -1
173 127 172 -1
174 83 173 40
175 1 53 -1
176 32 175 -1
177 6 29 -1
178 176 177 -1
179 20 178 26
180 42 139 -1
181 176 180 -1
182 35 181 -1
183 11 182 37
184 26 33 -1
185 3 24 -1
186 131 185 -1
187 184 186 -1
188 2 187 27
189 6 170 -1
190 90 162 -1
191 0 189 -1
192 190 191 -1
193 12 192 20
194 14 189 -1
195 153 184 -1
196 11 195 -1
197 194 196 10
198 21 96 -1
199 12 126 -1
200 77 198 -1
201 64 200 -1
202 199 201 19
203 37 145 -1
204 38 39 -1
205 8 203 -1
206 198 205 -1
207 204 206 3
208 3 16 -1
209 73 208 -1
210 82 209 -1
211 70 210 -1
212 37 211 23
213 36 141 -1
214 204 213 -1
215 27 214 -1
216 30 215 -1
217 208 216 25
218 64 149 -1
219 43 213 -1
220 31 218 -1
221 219 220 34
222 76 184 -1
223 113 222 -1
224 11 223 -1
225 29 209 -1
226 224 225 4
227 4 17 -1
228 41 177 -1
229 31 227 -1
230 222 228 -1
231 229 230 0
232 6 39 -1
233 148 215 -1
234 171 232 -1
235 227 234 -1
236 233 235 7
237 9 21 -1
238 141 232 -1
239 35 237 -1
240 37 239 -1
241 238 240 5
242 180 203 -1
243 31 157 -1
244 162 242 -1
245 10 244 -1
246 243 245 9
247 22 30 -1
248 172 175 -1
249 139 248 -1
250 5 249 -1
251 148 247 -1
252 250 251 24
253 1 78 -1
254 11 38 -1
255 45 253 -1
256 247 254 -1
257 255 256 8
258 71 184 -1
259 103 221 -1
260 15 258 -1
261 85 259 -1
262 260 261 -1
263 49 262 1
