40 9 25 -1
41 6 19 -1
42 17 21 -1
43 24 28 -1
44 3 10 -1
45 2 39 -1
46 34 35 -1
47 0 14 -1
48 1 29 -1
49 22 27 -1
50 8 37 -1
51 15 31 -1
52 11 38 -1
53 13 21 -1
54 25 33 -1
55 14 23 -1
56 17 19 -1
57 18 42 -1
58 4 10 -1
59 30 47 -1
60 0 5 -1
61 57 58 -1
62 9 36 -1
63 27 28 -1
64 41 45 -1
65 2 11 -1
66 13 29 -1
67 12 20 -1
68 27 50 -1
69 2 10 -1
70 38 51 -1
71 31 64 -1
72 33 56 -1
73 16 44 -1
74 40 46 -1
75 32 43 -1
76 6 49 -1
77 19 44 -1
78 52 77 -1
79 35 72 -1
80 32 54 -1
81 55 80 -1
82 20 48 -1
83 18 65 -1
84 43 44 -1
85 7 37 -1
86 60 62 -1
87 48 74 -1
88 23 86 -1
89 12 34 -1
90 22 89 -1
91 53 70 -1
92 7 40 -1
93 6 61 -1
94 24 72 -1
95 30 58 -1
96 20 28 -1
97 15 29 -1
98 5 46 -1
99 66 69 -1
100 0 91 -1
101 1 30 -1
102 67 74 -1
103 38 98 -1
104 41 52 -1
105 96 97 -1
106 9 73 -1
107 4 78 -1
108 59 107 11
109 53 87 -1
110 37 109 18
111 63 100 -1
112 71 111 7
113 81 83 -1
114 7 113 17
115 45 82 -1
116 81 115 20
117 40 61 -1
118 83 84 -1
119 117 118 26
120 57 59 -1
121 72 120 -1
122 92 121 30
123 47 76 -1
124 75 123 -1
125 67 124 21
126 30 90 -1
127 43 71 -1
128 126 127 2
129 50 92 -1
130 97 129 -1
131 95 130 25
132 106 117 -1
133 35 132 -1
134 20 133 15
135 5 93 -1
136 33 37 -1
137 49 98 -1
138 26 59 -1
139 137 138 13
140 15 72 -1
141 85 96 -1
142 78 141 -1
143 0 142 23
144 42 88 -1
145 39 144 -1
146 63 145 31
147 93 94 -1
148 71 147 -1
149 60 148 3
150 86 136 -1
151 20 140 -1
152 150 151 10
153 0 75 -1
154 57 66 -1
155 153 154 14
156 99 153 -1
157 4 60 -1
158 139 157 -1
159 126 158 -1
160 140 159 29
161 56 74 -1
162 16 161 -1
163 69 162 12
164 59 87 -1
165 88 126 -1
166 164 165 34
167 36 77 -1
168 124 167 -1
169 156 168 32
170 23 135 -1
171 3 8 -1
172 170 171 38
173 103 105 -1
174 104 173 -1
175 24 174 1
176 35 53 -1
177 8 84 -1
178 45 176 -1
179 177 178 39
180 156 157 -1
181 106 127 -1
182 29 180 -1
183 181 182 5
184 99 136 -1
185 21 184 -1
186 26 100 -1
187 185 186 22
188 68 99 -1
189 25 101 -1
190 188 189 -1
191 97 190 24
192 102 107 -1
193 21 192 -1
194 58 79 -1
195 193 194 8
196 11 132 -1
197 136 196 -1
198 31 197 -1
199 135 198 35
200 12 95 -1
201 8 200 -1
202 94 201 -1
203 25 202 37
204 55 104 -1
205 79 101 -1
206 18 204 -1
207 205 206 6
208 66 102 -1
209 4 103 -1
210 50 209 -1
211 208 210 9
212 7 16 -1
213 68 82 -1
214 212 213 -1
215 26 214 16
216 3 64 -1
217 32 85 -1
218 63 216 -1
219 217 218 28
220 0 103 -1
221 12 68 -1
222 88 221 -1
223 220 222 36
224 51 135 -1
225 39 133 -1
226 16 137 -1
227 224 225 -1
228 226 227 33
229 26 52 -1
230 31 58 -1
231 105 229 -1
232 36 231 -1
233 230 232 4
234 10 91 -1
235 1 36 -1
236 49 235 -1
237 234 236 -1
238 24 237 0
239 21 164 -1
240 220 239 -1
241 39 104 -1
242 240 241 -1
243 40 242 27
244 3 70 -1
245 47 244 -1
246 18 24 -1
247 7 246 -1
248 245 247 19
