46 0 45 -1
47 7 41 -1
48 20 31 -1
49 5 33 -1
50 3 24 -1
51 10 21 -1
52 11 42 -1
53 6 22 -1
54 28 36 -1
55 8 23 -1
56 4 32 -1
57 30 34 -1
58 27 41 -1
59 17 39 -1
60 44 50 -1
61 19 36 -1
62 10 13 -1
63 7 35 -1
64 42 48 -1
65 43 52 -1
66 2 47 -1
67 1 46 -1
68 15 45 -1
69 39 49 -1
70 40 51 -1
71 4 17 -1
72 21 25 -1
73 12 19 -1
74 16 59 -1
75 29 42 -1
76 22 24 -1
77 14 54 -1
78 55 60 -1
79 12 26 -1
80 0 65 -1
81 28 62 -1
82 47 76 -1
83 38 58 -1
84 6 27 -1
85 31 70 -1
86 10 61 -1
87 28 82 -1
88 2 22 -1
89 26 69 -1
90 43 63 -1
91 18 63 -1
92 22 35 -1
93 60 67 -1
94 3 8 -1
95 9 23 -1
96 11 78 -1
97 50 53 -1
98 45 73 -1
99 25 79 -1
100 17 99 -1
101 29 46 -1
102 62 66 -1
103 20 71 -1
104 11 15 -1
105 5 104 -1
106 82 90 -1
107 12 91 -1
108 33 48 -1
109 30 60 -1
110 92 93 -1
111 74 109 -1
112 29 57 -1
113 81 101 -1
114 7 112 -1
115 26 34 -1
116 94 115 -1
117 20 110 -1
118 4 16 -1
119 32 75 -1
120 91 118 -1
121 37 50 -1
122 23 103 -1
123 87 122 -1
124 21 121 -1
125 29 89 -1
126 84 119 -1
127 45 70 -1
128 86 124 -1
129 25 38 -1
130 44 119 -1
131 3 31 -1
132 8 77 -1
133 4 9 -1
134 8 43 -1
135 55 58 -1
136 34 56 -1
137 1 19 -1
138 6 123 -1
139 69 138 0
140 114 116 -1
141 117 140 1
142 30 98 -1
143 97 142 -1
144 65 143 20
145 40 54 -1
146 72 145 -1
147 93 146 17
148 107 108 -1
149 57 148 -1
150 105 149 22
151 0 96 -1
152 81 151 -1
153 63 152 32
154 83 106 -1
155 40 154 -1
156 111 155 25
157 67 115 -1
158 102 157 -1
159 12 158 11
160 48 78 -1
161 35 100 -1
162 160 161 38
163 70 83 -1
164 71 80 -1
165 163 164 28
166 56 101 -1
167 61 166 -1
168 78 167 36
169 2 89 -1
170 128 169 -1
171 127 170 27
172 32 69 -1
173 114 172 -1
174 113 173 24
175 97 106 -1
176 15 69 -1
177 72 176 -1
178 175 177 21
179 90 123 -1
180 124 179 -1
181 118 131 -1
182 180 181 23
183 67 118 -1
184 20 21 -1
185 126 184 -1
186 183 185 26
187 37 59 -1
188 35 86 -1
189 118 154 -1
190 93 189 -1
191 175 190 -1
192 113 191 7
193 35 80 -1
194 88 193 -1
195 87 194 -1
196 33 195 16
197 112 188 -1
198 37 197 -1
199 71 198 -1
200 85 199 45
201 134 187 -1
202 38 66 -1
203 127 202 -1
204 201 203 3
205 2 131 -1
206 17 132 -1
207 107 205 -1
208 206 207 31
209 14 85 -1
210 84 209 -1
211 82 210 -1
212 33 211 42
213 56 64 -1
214 15 130 -1
215 129 214 -1
216 80 215 -1
217 62 216 12
218 68 134 -1
219 68 93 -1
220 57 87 -1
221 219 220 -1
222 5 221 44
223 167 209 -1
224 115 213 -1
225 184 224 -1
226 223 225 15
227 24 125 -1
228 64 227 -1
229 27 228 -1
230 23 229 13
231 14 135 -1
232 65 231 -1
233 136 232 -1
234 10 233 33
235 54 116 -1
236 57 235 -1
237 2 236 -1
238 120 237 35
239 98 104 -1
240 184 239 -1
241 53 240 -1
242 71 241 14
243 59 68 -1
244 194 206 -1
245 90 244 -1
246 239 245 -1
247 243 246 40
248 10 64 -1
249 243 248 -1
250 92 120 -1
251 249 250 2
252 56 96 -1
253 98 252 -1
254 13 253 -1
255 110 254 37
256 103 111 -1
257 86 256 -1
258 11 108 -1
259 257 258 4
260 16 218 -1
261 214 260 -1
262 135 261 -1
263 72 262 29
264 64 102 -1
265 39 124 -1
266 109 265 -1
267 264 266 9
268 53 77 -1
269 45 268 -1
270 13 269 -1
271 100 270 18
272 3 88 -1
273 40 112 -1
274 135 273 -1
275 9 272 -1
276 274 275 43
277 25 136 -1
278 31 49 -1
279 277 278 -1
280 218 279 -1
281 28 280 41
282 18 137 -1
283 51 57 -1
284 58 283 -1
285 74 284 -1
286 282 285 30
287 13 133 -1
288 202 287 -1
289 52 288 -1
290 205 289 -1
291 46 290 39
292 187 188 -1
293 19 95 -1
294 185 293 -1
295 130 294 -1
296 292 295 5
297 77 126 -1
298 125 297 -1
299 83 105 -1
300 61 299 -1
301 298 300 10
302 46 76 -1
303 72 302 -1
304 213 293 -1
305 98 303 -1
306 304 305 6
307 5 12 -1
308 54 85 -1
309 307 308 -1
310 24 309 -1
311 133 310 19
312 14 129 -1
313 105 109 -1
314 0 117 -1
315 32 314 -1
316 313 315 -1
317 312 316 8
318 17 105 -1
319 44 65 -1
320 13 319 -1
321 34 318 -1
322 48 321 -1
323 320 322 -1
324 137 323 34
