32 17 31 -1
33 24 26 -1
34 3 9 -1
35 21 22 -1
36 8 14 -1
37 20 28 -1
38 33 34 -1
39 35 38 -1
40 32 37 -1
41 1 39 -1
42 36 40 -1
43 41 42 15
44 12 27 -1
45 10 44 -1
46 2 11 -1
47 13 30 -1
48 41 45 -1
49 46 48 -1
50 47 49 18
51 10 15 -1
52 28 51 -1
53 24 52 -1
54 5 49 -1
55 8 53 -1
56 54 55 26
57 16 29 -1
58 0 6 -1
59 27 39 -1
60 51 59 -1
61 57 58 -1
62 60 61 12
63 17 23 -1
64 19 63 -1
65 48 64 -1
66 0 65 -1
67 59 66 -1
68 54 67 30
69 18 57 -1
70 14 69 -1
71 43 70 -1
72 11 71 -1
73 17 65 -1
74 72 73 17
75 7 53 -1
76 20 75 -1
77 13 76 -1
78 26 69 -1
79 77 78 -1
80 46 79 10
81 16 22 -1
82 3 42 -1
83 78 81 -1
84 6 83 -1
85 5 84 -1
86 82 85 8
87 15 34 -1
88 2 81 -1
89 13 87 -1
90 17 54 -1
91 88 90 -1
92 89 91 13
93 29 63 -1
94 21 30 -1
95 7 94 -1
96 93 95 -1
97 42 89 -1
98 96 97 23
99 4 19 -1
100 3 99 -1
101 16 96 -1
102 45 101 -1
103 100 102 9
104 15 95 -1
105 32 100 -1
106 70 104 -1
107 89 105 -1
108 106 107 11
109 12 87 -1
110 107 109 -1
111 28 110 -1
112 66 111 24
113 4 62 -1
114 106 113 -1
115 65 114 -1
116 22 47 -1
117 115 116 21
118 43 76 -1
119 29 118 -1
120 89 113 -1
121 111 119 -1
122 120 121 29
123 53 79 -1
124 37 67 -1
125 63 123 -1
126 124 125 -1
127 107 126 3
128 25 96 -1
129 18 128 -1
130 86 129 -1
131 91 130 -1
132 124 131 0
133 108 128 -1
134 110 133 -1
135 27 123 -1
136 0 135 -1
137 134 136 19
138 61 112 -1
139 118 138 -1
140 19 133 -1
141 139 140 16
142 1 102 -1
143 44 86 -1
144 26 40 -1
145 143 144 -1
146 142 145 7
147 117 121 -1
148 125 147 -1
149 142 148 -1
150 5 141 -1
151 149 150 6
152 67 114 -1
153 143 148 -1
154 92 152 -1
155 153 154 31
156 56 145 -1
157 107 156 -1
158 141 157 -1
159 152 158 25
160 23 118 -1
161 69 160 -1
162 27 34 -1
163 88 162 -1
164 161 163 2
165 68 164 -1
166 158 165 -1
167 64 111 -1
168 166 167 -1
169 86 168 27
170 153 159 -1
171 40 170 -1
172 87 165 -1
173 171 172 -1
174 60 173 5
175 85 171 -1
176 21 175 -1
177 160 176 1
178 73 81 -1
179 46 173 -1
180 33 179 -1
181 178 180 22
182 48 72 -1
183 140 149 -1
184 182 183 -1
185 172 184 4
186 124 182 -1
187 113 186 -1
188 179 187 -1
189 167 188 20
190 79 178 -1
191 125 175 -1
192 165 191 -1
193 190 192 14
194 25 183 -1
195 22 194 -1
196 0 195 -1
197 173 196 28
