56 34 38 -1
57 50 53 -1
58 25 57 -1
59 2 21 -1
60 56 58 -1
61 59 60 18
62 37 46 -1
63 27 30 -1
64 56 62 -1
65 63 64 -1
66 50 65 20
67 8 54 -1
68 33 41 -1
69 31 67 -1
70 62 68 -1
71 69 70 19
72 15 46 -1
73 0 72 -1
74 29 73 -1
75 58 74 -1
76 28 75 55
77 12 47 -1
78 52 77 -1
79 5 78 -1
80 73 79 -1
81 62 80 24
82 14 42 -1
83 44 82 -1
84 53 54 -1
85 83 84 -1
86 78 85 52
87 16 19 -1
88 17 48 -1
89 36 88 -1
90 87 89 -1
91 82 90 15
92 7 56 -1
93 79 87 -1
94 92 93 -1
95 47 94 39
96 10 28 -1
97 56 96 -1
98 18 32 -1
99 77 97 -1
100 98 99 37
101 23 33 -1
102 53 101 -1
103 42 102 -1
104 97 103 45
105 41 49 -1
106 28 40 -1
107 4 105 -1
108 106 107 -1
109 83 108 42
110 20 47 -1
111 51 110 -1
112 32 111 -1
113 3 106 -1
114 112 113 26
115 39 40 -1
116 9 115 -1
117 67 72 -1
118 10 116 -1
119 117 118 28
120 0 14 -1
121 54 120 -1
122 57 121 -1
123 2 122 -1
124 116 123 12
125 19 38 -1
126 10 49 -1
127 22 125 -1
128 126 127 -1
129 110 128 17
130 16 55 -1
131 77 130 -1
132 11 44 -1
133 59 131 -1
134 132 133 34
135 5 26 -1
136 24 135 -1
137 36 136 -1
138 131 137 44
139 13 31 -1
140 21 139 -1
141 34 44 -1
142 120 140 -1
143 141 142 25
144 1 24 -1
145 20 101 -1
146 11 145 -1
147 84 146 -1
148 144 147 30
149 17 24 -1
150 6 149 -1
151 107 145 -1
152 150 151 0
153 2 55 -1
154 19 27 -1
155 105 154 -1
156 144 155 -1
157 153 156 53
158 8 45 -1
159 57 158 -1
160 82 159 -1
161 154 160 -1
162 43 161 4
163 1 30 -1
164 13 67 -1
165 115 164 -1
166 113 165 -1
167 163 166 41
168 8 52 -1
169 2 36 -1
170 111 168 -1
171 44 170 -1
172 169 171 46
173 34 51 -1
174 23 173 -1
175 10 46 -1
176 174 175 -1
177 149 176 22
178 9 168 -1
179 92 125 -1
180 15 178 -1
181 164 180 -1
182 179 181 38
183 17 43 -1
184 153 179 -1
185 28 183 -1
186 184 185 49
187 12 163 -1
188 38 178 -1
189 187 188 -1
190 127 189 51
191 125 130 -1
192 40 50 -1
193 18 191 -1
194 0 193 -1
195 192 194 35
196 158 184 -1
197 174 196 -1
198 191 197 -1
199 14 198 5
200 13 136 -1
201 30 42 -1
202 200 201 -1
203 149 202 -1
204 116 203 2
205 44 51 -1
206 192 200 -1
207 48 205 -1
208 206 207 11
209 52 126 -1
210 20 158 -1
211 209 210 -1
212 29 34 -1
213 211 212 33
214 37 210 -1
215 35 214 -1
216 201 215 -1
217 23 216 48
218 8 40 -1
219 215 218 -1
220 6 219 -1
221 12 220 21
222 53 153 -1
223 15 222 -1
224 88 209 -1
225 223 224 1
226 25 31 -1
227 6 9 -1
228 121 226 -1
229 5 227 -1
230 228 229 29
231 15 26 -1
232 218 231 -1
233 20 226 -1
234 232 233 27
235 13 37 -1
236 3 173 -1
237 49 227 -1
238 236 237 -1
239 235 238 31
240 11 14 -1
241 38 240 -1
242 26 241 -1
243 22 183 -1
244 242 243 14
245 41 55 -1
246 9 245 -1
247 17 23 -1
248 246 247 -1
249 120 248 16
250 4 63 -1
251 8 250 -1
252 246 251 -1
253 188 252 -1
254 201 253 23
255 13 240 -1
256 149 251 -1
257 255 256 6
258 38 39 -1
259 0 36 -1
260 258 259 -1
261 235 260 -1
262 226 261 40
263 12 140 -1
264 130 134 -1
265 263 264 -1
266 222 265 -1
267 6 266 32
268 32 82 -1
269 55 268 -1
270 29 258 -1
271 269 270 -1
272 8 271 36
273 16 237 -1
274 9 18 -1
275 144 273 -1
276 274 275 -1
277 205 276 47
278 46 88 -1
279 3 31 -1
280 42 150 -1
281 278 279 -1
282 2 281 -1
283 280 282 43
284 78 278 -1
285 112 284 -1
286 29 101 -1
287 146 285 -1
288 286 287 7
289 45 279 -1
290 41 263 -1
291 27 289 -1
292 11 291 -1
293 290 292 50
294 40 55 -1
295 5 51 -1
296 125 294 -1
297 163 296 -1
298 54 295 -1
299 297 298 10
300 96 98 -1
301 209 294 -1
302 300 301 -1
303 25 43 -1
304 302 303 3
305 59 169 -1
306 45 105 -1
307 40 305 -1
308 30 307 -1
309 175 306 -1
310 308 309 8
311 4 47 -1
312 13 35 -1
313 96 312 -1
314 142 311 -1
315 259 314 -1
316 313 315 9
317 109 265 -1
318 31 56 -1
319 206 318 -1
320 107 319 -1
321 242 320 -1
322 317 321 54
323 10 68 -1
324 58 323 -1
325 102 324 -1
326 169 325 -1
327 11 326 -1
328 1 327 13
