42 11 39 -1
43 6 18 -1
44 8 34 -1
45 21 28 -1
46 27 44 -1
47 41 42 -1
48 15 35 -1
49 26 36 -1
50 9 20 -1
51 13 17 -1
52 14 16 -1
53 5 25 -1
54 11 24 -1
55 7 23 -1
56 1 46 -1
57 0 12 -1
58 2 22 -1
59 28 31 -1
60 5 33 -1
61 19 37 -1
62 45 47 -1
63 38 43 -1
64 29 30 -1
65 10 32 -1
66 6 25 -1
67 3 20 -1
68 35 62 -1
69 12 48 -1
70 8 18 -1
71 3 68 -1
72 51 52 -1
73 1 58 -1
74 2 29 -1
75 13 21 -1
76 53 75 -1
77 49 64 -1
78 46 74 -1
79 14 24 -1
80 9 73 -1
81 1 34 -1
82 0 56 -1
83 54 76 -1
84 31 40 -1
85 22 26 -1
86 4 61 -1
87 37 72 -1
88 7 74 -1
89 36 40 -1
90 60 71 -1
91 43 62 -1
92 47 82 -1
93 28 79 -1
94 77 78 -1
95 30 39 -1
96 11 70 -1
97 12 80 -1
98 86 88 -1
99 28 98 -1
100 60 81 -1
101 57 65 -1
102 7 65 -1
103 9 47 -1
104 36 54 -1
105 16 96 -1
106 30 56 -1
107 29 63 -1
108 69 84 -1
109 23 63 -1
110 50 87 -1
111 16 38 -1
112 20 22 -1
113 33 55 -1
114 43 67 -1
115 15 59 -1
116 57 95 -1
117 50 89 -1
118 4 66 -1
119 10 35 -1
120 5 48 -1
121 35 116 -1
122 117 121 -1
123 79 122 11
124 74 111 -1
125 6 52 -1
126 0 41 -1
127 38 120 -1
128 41 59 -1
129 14 128 -1
130 10 91 -1
131 87 130 5
132 66 90 -1
133 15 132 23
134 55 106 -1
135 107 134 13
136 44 83 -1
137 124 136 24
138 27 37 -1
139 90 93 -1
140 58 139 33
141 97 99 -1
142 84 141 39
143 52 94 -1
144 66 143 15
145 16 110 -1
146 81 109 -1
147 145 146 29
148 17 45 -1
149 101 148 -1
150 80 149 18
151 92 104 -1
152 35 151 -1
153 112 152 25
154 54 87 -1
155 86 154 -1
156 106 155 8
157 34 94 -1
158 103 157 -1
159 93 158 2
160 54 114 -1
161 73 160 -1
162 113 161 40
163 107 108 -1
164 138 163 -1
165 20 164 28
166 50 64 -1
167 83 166 -1
168 96 167 17
169 91 95 -1
170 61 69 -1
171 169 170 37
172 17 39 -1
173 166 172 -1
174 92 173 -1
175 169 174 9
176 69 124 -1
177 10 27 -1
178 64 125 -1
179 122 178 -1
180 176 179 16
181 102 104 -1
182 103 181 -1
183 105 182 27
184 151 181 -1
185 6 100 -1
186 184 185 41
187 72 89 -1
188 41 100 -1
189 19 187 -1
190 188 189 20
191 66 99 -1
192 16 68 -1
193 191 192 -1
194 39 193 7
195 82 158 -1
196 176 177 -1
197 174 195 -1
198 196 197 22
199 114 115 -1
200 2 199 -1
201 41 177 -1
202 200 201 19
203 25 81 -1
204 97 203 -1
205 77 204 -1
206 37 205 14
207 86 125 -1
208 3 207 -1
209 80 208 -1
210 126 209 6
211 17 134 -1
212 23 103 -1
213 129 212 -1
214 211 213 1
215 55 101 -1
216 53 215 -1
217 16 115 -1
218 216 217 21
219 18 105 -1
220 71 108 -1
221 219 220 -1
222 55 221 3
223 98 118 -1
224 64 223 -1
225 1 67 -1
226 119 225 -1
227 224 226 30
228 59 106 -1
229 11 228 -1
230 36 143 -1
231 109 229 -1
232 230 231 31
233 67 70 -1
234 25 233 -1
235 26 234 -1
236 84 127 -1
237 235 236 36
238 19 77 -1
239 24 238 -1
240 85 239 -1
241 7 127 -1
242 240 241 10
243 32 120 -1
244 93 243 -1
245 49 145 -1
246 24 244 -1
247 245 246 38
248 22 121 -1
249 34 96 -1
250 248 249 -1
251 37 250 -1
252 120 251 32
253 32 40 -1
254 18 45 -1
255 136 254 -1
256 138 255 -1
257 253 256 4
258 76 85 -1
259 65 216 -1
260 40 47 -1
261 258 260 -1
262 259 261 26
263 62 118 -1
264 83 112 -1
265 51 113 -1
266 263 265 -1
267 264 266 0
268 90 130 -1
269 161 168 -1
270 106 268 -1
271 269 270 -1
272 258 271 34
273 21 119 -1
274 4 273 -1
275 129 274 -1
276 34 49 -1
277 275 276 12
278 224 228 -1
279 194 219 -1
280 51 278 -1
281 92 279 -1
282 280 281 35
