38 26 36 -1
39 0 11 -1
40 30 31 -1
41 24 28 -1
42 10 22 -1
43 12 32 -1
44 15 29 -1
45 19 38 -1
46 0 6 -1
47 21 45 -1
48 23 37 -1
49 5 33 -1
50 17 25 -1
51 34 35 -1
52 8 20 -1
53 7 40 -1
54 3 30 -1
55 16 19 -1
56 1 47 -1
57 6 41 -1
58 29 45 -1
59 12 27 -1
60 17 43 -1
61 16 18 -1
62 15 61 -1
63 3 4 -1
64 14 31 -1
65 10 23 -1
66 13 24 -1
67 0 53 -1
68 42 54 -1
69 34 44 -1
70 2 28 -1
71 7 39 -1
72 33 46 -1
73 58 59 -1
74 30 43 -1
75 46 50 -1
76 13 75 -1
77 9 22 -1
78 33 57 -1
79 48 51 -1
80 44 52 -1
81 20 39 -1
82 79 80 -1
83 76 82 0
84 14 56 -1
85 38 40 -1
86 55 84 -1
87 15 48 -1
88 49 66 -1
89 70 73 -1
90 88 89 18
91 65 85 -1
92 54 81 -1
93 8 37 -1
94 52 84 -1
95 7 93 -1
96 19 34 -1
97 9 92 -1
98 18 74 -1
99 66 81 -1
100 21 80 -1
101 5 14 -1
102 1 26 -1
103 26 96 -1
104 17 72 -1
105 60 103 -1
106 1 60 -1
107 55 67 -1
108 54 107 -1
109 71 101 -1
110 42 53 -1
111 4 51 -1
112 62 111 -1
113 42 49 -1
114 12 113 -1
115 60 110 -1
116 35 75 -1
117 21 22 -1
118 63 117 -1
119 50 118 -1
120 71 78 -1
121 58 120 17
122 108 112 -1
123 109 122 14
124 91 105 -1
125 89 124 21
126 63 68 -1
127 94 126 23
128 47 79 -1
129 78 128 26
130 91 92 -1
131 86 130 12
132 16 33 -1
133 98 99 -1
134 69 133 36
135 69 108 -1
136 57 135 27
137 56 67 -1
138 87 137 22
139 36 105 -1
140 37 139 -1
141 119 140 30
142 2 7 -1
143 68 142 -1
144 100 143 9
145 72 95 -1
146 59 145 -1
147 62 146 10
148 113 121 -1
149 77 86 -1
150 24 149 -1
151 59 150 15
152 68 70 -1
153 61 152 -1
154 104 153 25
155 114 133 -1
156 85 109 -1
157 2 87 -1
158 156 157 6
159 35 61 -1
160 134 155 -1
161 50 64 -1
162 160 161 31
163 65 102 -1
164 18 57 -1
165 102 164 -1
166 110 165 16
167 15 106 -1
168 97 100 -1
169 167 168 20
170 96 97 -1
171 24 170 -1
172 95 171 29
173 52 159 -1
174 157 173 -1
175 26 41 -1
176 174 175 33
177 47 116 -1
178 105 114 -1
179 77 177 -1
180 178 179 19
181 54 101 -1
182 22 168 -1
183 181 182 -1
184 57 183 2
185 51 88 -1
186 28 148 -1
187 185 186 -1
188 145 187 32
189 48 71 -1
190 13 189 -1
191 115 190 -1
192 113 191 34
193 10 106 -1
194 24 107 -1
195 116 194 -1
196 193 195 7
197 8 119 -1
198 32 173 -1
199 28 198 -1
200 197 199 24
201 21 115 -1
202 8 107 -1
203 201 202 -1
204 27 203 11
205 21 94 -1
206 76 93 -1
207 85 206 -1
208 205 207 35
209 1 155 -1
210 11 92 -1
211 59 210 -1
212 209 211 8
213 50 74 -1
214 163 213 -1
215 44 73 -1
216 214 215 13
217 40 175 -1
218 22 29 -1
219 217 218 -1
220 96 112 -1
221 219 220 5
222 20 148 -1
223 160 164 -1
224 222 223 -1
225 220 224 -1
226 185 225 37
227 132 186 -1
228 104 131 -1
229 41 227 -1
230 127 229 -1
231 228 230 1
232 97 228 -1
233 184 203 -1
234 71 217 -1
235 232 233 -1
236 234 235 28
237 4 47 -1
238 31 237 -1
239 103 238 -1
240 73 104 -1
241 239 240 4
242 90 129 -1
243 200 211 -1
244 123 243 -1
245 170 242 -1
246 244 245 -1
247 82 246 3
