42 6 18 -1
43 8 34 -1
44 27 43 -1
45 7 23 -1
46 1 42 -1
47 30 44 -1
48 29 38 -1
49 45 46 -1
50 48 49 -1
51 47 50 13
52 11 24 -1
53 2 22 -1
54 3 20 -1
55 52 53 -1
56 33 55 -1
57 49 54 -1
58 56 57 40
59 39 41 -1
60 5 35 -1
61 21 59 -1
62 3 61 -1
63 60 62 -1
64 14 56 -1
65 63 64 33
66 11 28 -1
67 6 25 -1
68 15 66 -1
69 33 67 -1
70 63 69 -1
71 68 70 23
72 14 16 -1
73 26 36 -1
74 2 67 -1
75 47 72 -1
76 73 75 -1
77 74 76 15
78 13 17 -1
79 1 19 -1
80 4 79 -1
81 75 80 -1
82 52 81 -1
83 78 82 8
84 37 42 -1
85 61 84 -1
86 66 72 -1
87 10 85 -1
88 78 86 -1
89 87 88 5
90 35 39 -1
91 12 30 -1
92 90 91 -1
93 68 92 -1
94 85 93 -1
95 19 94 37
96 7 29 -1
97 50 96 -1
98 2 86 -1
99 26 31 -1
100 98 99 -1
101 97 100 31
102 9 20 -1
103 14 34 -1
104 37 102 -1
105 78 104 -1
106 103 105 -1
107 97 106 29
108 15 28 -1
109 32 108 -1
110 73 105 -1
111 60 109 -1
112 110 111 38
113 24 59 -1
114 76 103 -1
115 9 113 -1
116 98 114 -1
117 115 116 2
118 0 102 -1
119 36 118 -1
120 14 119 -1
121 40 120 -1
122 92 121 -1
123 24 122 11
124 15 38 -1
125 25 124 -1
126 74 125 -1
127 39 121 -1
128 126 127 16
129 35 44 -1
130 22 115 -1
131 129 130 -1
132 1 131 -1
133 119 132 25
134 28 118 -1
135 17 134 -1
136 21 135 -1
137 29 136 -1
138 44 46 -1
139 137 138 9
140 12 20 -1
141 53 140 -1
142 136 141 -1
143 10 32 -1
144 1 142 -1
145 143 144 18
146 8 18 -1
147 60 146 -1
148 54 125 -1
149 147 148 -1
150 40 99 -1
151 149 150 36
152 34 134 -1
153 22 104 -1
154 147 152 -1
155 93 154 -1
156 153 155 32
157 10 35 -1
158 127 152 -1
159 150 158 -1
160 4 157 -1
161 61 160 -1
162 159 161 12
163 11 16 -1
164 7 163 -1
165 115 164 -1
166 143 146 -1
167 36 165 -1
168 166 167 27
169 17 114 -1
170 1 169 -1
171 165 170 -1
172 159 171 -1
173 113 172 1
174 10 27 -1
175 124 174 -1
176 20 92 -1
177 169 176 -1
178 175 177 22
179 74 80 -1
180 54 179 -1
181 37 160 -1
182 30 181 -1
183 7 180 -1
184 182 183 30
185 0 25 -1
186 41 153 -1
187 180 185 -1
188 72 186 -1
189 187 188 6
190 85 179 -1
191 46 164 -1
192 190 191 -1
193 29 192 -1
194 90 193 7
195 31 40 -1
196 140 195 -1
197 29 157 -1
198 84 196 -1
199 175 198 -1
200 197 199 28
201 153 196 -1
202 28 201 -1
203 80 202 -1
204 96 203 39
205 147 197 -1
206 56 205 -1
207 131 206 -1
208 59 207 -1
209 26 208 34
210 8 49 -1
211 68 183 -1
212 198 211 -1
213 192 212 -1
214 210 213 3
215 30 104 -1
216 25 215 -1
217 34 216 -1
218 29 217 -1
219 73 141 -1
220 218 219 14
221 113 205 -1
222 13 216 -1
223 87 222 -1
224 221 223 -1
225 42 224 17
226 84 217 -1
227 163 226 -1
228 38 227 -1
229 74 228 -1
230 225 229 24
231 8 162 -1
232 139 215 -1
233 89 170 -1
234 231 233 -1
235 232 234 35
236 45 185 -1
237 12 16 -1
238 111 236 -1
239 31 157 -1
240 237 238 -1
241 239 240 21
242 4 69 -1
243 5 130 -1
244 242 243 -1
245 135 244 -1
246 236 245 0
247 58 211 -1
248 133 244 -1
249 51 247 -1
250 134 248 -1
251 249 250 10
252 207 218 -1
253 31 252 -1
254 161 253 -1
255 39 254 -1
256 182 255 -1
257 71 256 19
258 166 252 -1
259 3 79 -1
260 184 258 -1
261 0 259 -1
262 260 261 41
263 55 88 -1
264 158 263 -1
265 179 244 -1
266 14 265 -1
267 9 264 -1
268 266 267 20
269 94 111 -1
270 203 263 -1
271 173 269 -1
272 192 271 -1
273 270 272 4
274 53 117 -1
275 75 274 -1
276 142 275 -1
277 39 45 -1
278 264 276 -1
279 277 278 26
