48 12 24 -1
49 0 36 -1
50 25 37 -1
51 2 14 -1
52 11 23 -1
53 27 39 -1
54 22 34 -1
55 33 45 -1
56 35 47 -1
57 8 44 -1
58 7 19 -1
59 10 46 -1
60 1 13 -1
61 26 38 -1
62 30 42 -1
63 3 15 -1
64 9 21 -1
65 20 32 -1
66 31 43 -1
67 6 18 -1
68 17 29 -1
69 5 41 -1
70 4 40 -1
71 16 28 -1
72 24 36 -1
73 0 12 -1
74 55 57 -1
75 20 74 8
76 45 65 -1
77 56 73 -1
78 23 77 35
79 36 60 -1
80 48 79 24
81 13 49 -1
82 37 61 -1
83 60 82 1
84 26 50 -1
85 33 59 -1
86 64 85 21
87 10 55 -1
88 12 50 -1
89 49 88 0
90 1 14 -1
91 84 90 37
92 80 81 -1
93 37 92 12
94 86 87 -1
95 34 94 9
96 42 67 -1
97 66 96 6
98 31 62 -1
99 79 88 -1
100 93 99 36
101 61 63 -1
102 14 101 26
103 3 51 -1
104 44 64 -1
105 65 104 32
106 67 68 -1
107 41 106 29
108 18 69 -1
109 52 72 -1
110 47 109 11
111 22 56 -1
112 59 111 10
113 47 54 -1
114 27 63 -1
115 70 114 15
116 4 53 -1
117 22 87 -1
118 21 117 33
119 77 110 -1
120 48 119 23
121 11 56 -1
122 48 121 47
123 9 55 -1
124 54 123 45
125 29 108 -1
126 30 125 41
127 42 108 -1
128 107 127 17
129 26 39 -1
130 103 129 14
131 16 116 -1
132 15 131 27
133 52 54 -1
134 46 133 34
135 53 71 -1
136 3 135 39
137 11 113 -1
138 10 137 22
139 21 75 -1
140 76 139 44
141 31 58 -1
142 57 141 19
143 8 66 -1
144 13 51 -1
145 50 144 25
146 7 66 -1
147 65 146 43
148 19 20 -1
149 143 148 31
150 102 103 -1
151 27 150 38
152 115 116 -1
153 28 152 3
154 23 112 -1
155 113 154 46
156 7 97 -1
157 98 156 18
158 9 76 -1
159 8 158 20
160 6 98 -1
161 19 160 42
162 18 62 -1
163 58 162 30
164 17 108 -1
165 162 164 5
166 83 84 -1
167 2 166 13
168 32 143 -1
169 142 168 7
170 38 53 -1
171 51 170 2
172 28 48 -1
173 68 172 -1
174 70 173 40
175 49 69 -1
176 135 175 -1
177 116 176 16
178 40 73 -1
179 5 17 -1
180 178 179 -1
181 71 180 28
182 173 177 -1
183 180 182 4
