48 8 20 -1
49 1 37 -1
50 18 30 -1
51 3 39 -1
52 10 22 -1
53 29 41 -1
54 12 24 -1
55 11 47 -1
56 16 28 -1
57 9 45 -1
58 14 26 -1
59 7 43 -1
60 32 44 -1
61 15 27 -1
62 34 46 -1
63 5 17 -1
64 0 36 -1
65 13 25 -1
66 6 42 -1
67 23 35 -1
68 19 31 -1
69 4 40 -1
70 2 38 -1
71 21 33 -1
72 11 67 -1
73 69 72 23
74 40 55 -1
75 50 55 -1
76 6 75 18
77 47 66 -1
78 57 58 -1
79 33 78 45
80 14 71 -1
81 27 48 -1
82 51 81 27
83 8 61 -1
84 70 71 -1
85 9 84 21
86 30 67 -1
87 66 86 42
88 0 53 -1
89 54 88 0
90 29 64 -1
91 31 59 -1
92 54 91 43
93 12 68 -1
94 40 56 -1
95 57 94 16
96 9 69 -1
97 8 60 -1
98 65 97 44
99 25 48 -1
100 18 35 -1
101 77 100 6
102 38 80 -1
103 79 102 9
104 83 97 -1
105 3 104 3
106 35 55 -1
107 56 106 47
108 1 98 -1
109 99 108 32
110 14 70 -1
111 68 110 38
112 58 91 -1
113 32 82 -1
114 83 113 39
115 16 73 -1
116 74 115 35
117 43 112 -1
118 111 117 26
119 17 90 -1
120 12 119 36
121 23 76 -1
122 77 121 30
123 41 62 -1
124 63 123 5
125 34 53 -1
126 49 50 -1
127 13 126 37
128 30 65 -1
129 127 128 -1
130 6 129 25
131 10 124 -1
132 125 131 17
133 39 83 -1
134 44 133 15
135 95 96 -1
136 33 135 4
137 71 115 -1
138 72 137 40
139 34 52 -1
140 51 139 22
141 3 62 -1
142 27 141 -1
143 140 142 10
144 63 64 -1
145 24 144 24
146 89 90 -1
147 5 146 12
148 2 59 -1
149 117 148 2
150 42 128 -1
151 1 150 1
152 2 45 -1
153 80 152 33
154 26 148 -1
155 110 154 14
156 43 93 -1
157 0 156 31
158 44 99 -1
159 37 158 8
160 17 125 -1
161 139 160 29
162 21 96 -1
163 28 162 28
164 10 61 -1
165 62 164 46
166 22 125 -1
167 5 166 41
168 15 22 -1
169 141 168 34
170 37 65 -1
171 66 170 13
172 7 64 -1
173 68 172 19
174 28 74 -1
175 23 174 11
176 32 49 -1
177 48 176 20
178 36 92 -1
179 93 178 7
