48 23 41 -1
49 11 29 -1
50 17 47 -1
51 5 35 -1
52 24 47 -1
53 6 52 -1
54 1 12 -1
55 53 54 12
56 2 32 -1
57 18 36 -1
58 15 45 -1
59 3 33 -1
60 19 37 -1
61 8 26 -1
62 20 38 -1
63 13 38 -1
64 21 39 -1
65 0 30 -1
66 12 42 -1
67 31 54 -1
68 14 39 -1
69 25 36 -1
70 7 69 -1
71 9 27 -1
72 3 40 -1
73 22 72 -1
74 4 34 -1
75 10 28 -1
76 16 46 -1
77 31 62 -1
78 8 77 8
79 22 45 -1
80 74 79 22
81 13 70 -1
82 2 81 13
83 27 56 -1
84 63 83 38
85 32 64 -1
86 9 85 9
87 59 73 -1
88 10 87 10
89 7 30 -1
90 60 89 7
91 65 69 -1
92 23 91 36
93 30 66 -1
94 5 93 30
95 26 58 -1
96 72 95 3
97 28 50 -1
98 51 97 5
99 12 97 -1
100 35 75 -1
101 99 100 35
102 16 51 -1
103 48 102 41
104 0 102 -1
105 43 56 -1
106 20 105 20
107 4 48 -1
108 49 107 29
109 23 76 -1
110 104 109 23
111 36 107 -1
112 11 111 -1
113 74 112 11
114 59 68 -1
115 28 114 39
116 47 73 -1
117 99 116 28
118 40 49 -1
119 50 118 17
120 11 24 -1
121 16 83 -1
122 85 121 27
123 42 53 -1
124 50 123 42
125 57 70 -1
126 43 125 43
127 19 66 -1
128 67 127 19
129 0 60 -1
130 37 67 -1
131 26 130 37
132 22 52 -1
133 49 132 47
134 39 104 -1
135 100 134 16
136 44 59 -1
137 21 136 21
138 81 120 -1
139 125 138 24
140 18 41 -1
141 65 140 18
142 61 95 -1
143 33 142 33
144 6 29 -1
145 57 144 6
146 46 75 -1
147 21 146 46
148 20 45 -1
149 71 148 45
150 127 129 -1
151 35 150 0
152 14 25 -1
153 129 152 25
154 44 61 -1
155 19 154 44
156 9 76 -1
157 34 156 34
158 27 109 -1
159 111 158 4
160 85 137 -1
161 7 160 -1
162 114 161 32
163 15 118 -1
164 120 163 -1
165 74 164 40
166 95 148 -1
167 1 166 -1
168 38 167 26
169 25 114 -1
170 2 136 -1
171 169 170 2
172 24 43 -1
173 1 63 -1
174 172 173 1
175 37 61 -1
176 3 175 -1
177 14 176 14
178 38 71 -1
179 15 178 -1
180 4 179 15
181 6 31 -1
182 13 43 -1
183 181 182 31
