48 10 47 -1
49 23 34 -1
50 11 22 -1
51 35 46 -1
52 9 20 -1
53 8 45 -1
54 31 42 -1
55 7 44 -1
56 32 43 -1
57 19 30 -1
58 18 36 -1
59 4 50 -1
60 15 45 -1
61 28 51 -1
62 21 39 -1
63 25 56 -1
64 3 33 -1
65 40 48 -1
66 5 35 -1
67 16 51 -1
68 4 67 4
69 12 57 -1
70 33 60 -1
71 59 70 33
72 26 53 -1
73 14 72 14
74 1 31 -1
75 19 37 -1
76 0 57 -1
77 36 76 36
78 54 69 -1
79 76 78 0
80 55 75 -1
81 2 32 -1
82 13 56 -1
83 1 82 1
84 52 81 -1
85 38 53 -1
86 6 24 -1
87 9 27 -1
88 52 85 -1
89 72 88 26
90 17 47 -1
91 48 61 -1
92 67 91 16
93 90 91 46
94 18 29 -1
95 6 58 -1
96 63 95 6
97 11 94 -1
98 47 97 47
99 23 41 -1
100 14 44 -1
101 55 63 -1
102 82 101 13
103 21 100 -1
104 101 103 43
105 34 60 -1
106 3 105 3
107 31 84 -1
108 82 107 31
109 21 81 -1
110 38 109 38
111 19 85 -1
112 74 111 19
113 2 33 -1
114 100 113 2
115 22 29 -1
116 65 115 10
117 35 90 -1
118 6 117 35
119 54 86 -1
120 20 74 -1
121 37 120 37
122 46 87 -1
123 15 122 15
124 43 86 -1
125 12 124 12
126 27 62 -1
127 10 126 27
128 76 80 -1
129 18 128 18
130 28 40 -1
131 50 130 28
132 9 62 -1
133 61 132 9
134 87 88 -1
135 34 134 8
136 46 84 -1
137 39 136 20
138 8 75 -1
139 25 138 25
140 86 95 -1
141 7 140 24
142 11 99 -1
143 30 142 11
144 26 33 -1
145 80 144 7
146 4 49 -1
147 40 146 40
148 142 146 -1
149 22 148 22
150 66 69 -1
151 41 150 41
152 66 67 -1
153 49 152 34
154 13 20 -1
155 119 154 42
156 42 66 -1
157 23 156 23
158 118 119 -1
159 66 158 5
160 8 74 -1
161 78 160 30
162 39 64 -1
163 22 162 39
164 62 65 -1
165 162 164 21
166 3 103 -1
167 32 166 -1
168 10 167 32
169 90 95 -1
170 43 169 -1
171 98 170 17
172 0 142 -1
173 97 172 -1
174 7 173 29
175 22 72 -1
176 44 70 -1
177 175 176 44
178 5 122 -1
179 153 178 -1
180 45 179 45
