48 0 12 -1
49 0 36 -1
50 24 36 -1
51 12 24 -1
52 23 41 -1
53 5 35 -1
54 11 29 -1
55 17 47 -1
56 25 37 -1
57 14 44 -1
58 8 26 -1
59 1 31 -1
60 20 38 -1
61 9 27 -1
62 21 39 -1
63 2 32 -1
64 3 39 -1
65 33 64 -1
66 7 25 -1
67 19 56 -1
68 13 43 -1
69 15 40 -1
70 16 28 -1
71 65 70 39
72 4 16 -1
73 22 40 -1
74 4 34 -1
75 46 72 -1
76 45 61 -1
77 22 76 45
78 8 60 -1
79 33 78 8
80 14 64 -1
81 58 80 14
82 11 74 -1
83 75 82 34
84 17 54 -1
85 42 84 17
86 51 84 -1
87 55 86 47
88 49 53 -1
89 23 88 23
90 10 35 -1
91 73 90 10
92 46 65 -1
93 62 92 21
94 9 62 -1
95 34 94 9
96 42 48 -1
97 56 96 0
98 0 30 -1
99 20 45 -1
100 63 99 20
101 8 31 -1
102 68 101 31
103 61 94 -1
104 72 103 27
105 32 67 -1
106 66 105 7
107 7 96 -1
108 98 107 30
109 2 14 -1
110 67 109 25
111 21 44 -1
112 58 111 44
113 29 52 -1
114 6 113 29
115 50 113 -1
116 54 115 11
117 9 32 -1
118 57 117 32
119 19 59 -1
120 44 119 19
121 5 55 -1
122 30 121 5
123 48 121 -1
124 53 123 35
125 40 82 -1
126 86 125 40
127 103 109 -1
128 111 127 2
129 43 98 -1
130 18 129 18
131 41 53 -1
132 18 131 41
133 61 69 -1
134 4 133 15
135 47 74 -1
136 22 135 22
137 43 66 -1
138 20 137 43
139 38 68 -1
140 1 139 -1
141 26 140 1
142 23 75 -1
143 115 142 4
144 2 139 -1
145 137 144 13
146 25 68 -1
147 36 146 -1
148 129 147 36
149 49 70 -1
150 131 149 -1
151 90 150 16
152 72 142 -1
153 10 152 -1
154 28 153 46
155 37 59 -1
156 26 155 -1
157 14 156 37
158 6 31 -1
159 18 36 -1
160 158 159 6
161 51 158 -1
162 155 161 12
163 24 42 -1
164 6 163 -1
165 19 164 42
166 27 38 -1
167 15 63 -1
168 166 167 38
169 15 58 -1
170 3 78 -1
171 169 170 26
172 10 33 -1
173 15 172 -1
174 45 173 33
175 13 18 -1
176 1 175 -1
177 50 176 24
178 47 123 -1
179 73 178 -1
180 28 179 28
181 3 28 -1
182 69 181 -1
183 45 182 3
