32 7 18 -1 1
33 2 15 -1 1
34 10 23 -1 1
35 27 30 -1 1
36 6 19 -1 1
37 3 14 -1 1
38 26 31 -1 1
39 11 22 -1 1
40 4 28 -1 1
41 16 24 -1 1
42 0 20 -1 1
43 8 12 -1 1
44 5 29 -1 1
45 1 21 -1 1
46 9 13 -1 1
47 17 25 -1 1
48 37 47 -1 2
49 39 44 -1 2
50 35 45 -1 2
51 32 46 -1 2
52 38 51 -1 3
53 34 48 -1 3
54 33 49 -1 3
55 36 50 -1 3
56 18 22 -1 1
57 6 10 -1 1
58 14 30 -1 1
59 2 26 -1 1
60 17 54 -1 4
61 29 53 -1 4
62 13 55 -1 4
63 21 52 -1 4
64 41 43 -1 2
65 40 42 -1 2
66 38 43 -1 2
67 8 40 -1 2
68 58 59 -1 2
69 36 42 -1 2
70 0 41 -1 2
71 56 57 -1 2
72 69 70 -1 3
73 66 67 -1 3
74 24 42 -1 2
75 4 43 -1 2
76 1 19 -1 1
77 37 74 -1 3
78 3 29 -1 1
79 28 66 -1 3
80 54 64 -1 4
81 25 54 -1 4
82 35 70 -1 3
83 16 69 -1 3
84 20 25 -1 1
85 0 17 -1 1
86 32 67 -1 3
87 39 76 -1 2
88 7 21 -1 1
89 9 55 -1 4
90 13 27 -1 1
91 30 40 -1 2
92 5 12 -1 1
93 9 26 -1 1
94 51 75 -1 3
95 15 92 -1 2
96 22 95 -1 3
97 53 91 -1 4
98 18 93 -1 2
99 52 96 -1 4
100 69 99 15 5
101 2 5 -1 1
102 16 58 -1 2
103 68 78 -1 3
104 1 31 -1 1
105 15 36 -1 2
106 33 64 -1 3
107 9 28 -1 1
108 49 71 -1 3
109 3 55 -1 4
110 10 15 -1 1
111 14 17 -1 1
112 82 103 -1 4
113 4 59 -1 2
114 37 107 -1 2
115 57 82 -1 4
116 23 42 -1 2
117 35 43 -1 2
118 48 85 -1 3
119 56 93 -1 2
120 27 28 -1 1
121 34 90 -1 2
122 32 43 -1 2
123 11 43 -1 2
124 16 104 -1 2
125 24 33 -1 2
126 11 111 -1 2
127 3 56 -1 2
128 25 110 -1 2
129 23 92 -1 2
130 39 84 -1 2
131 31 57 -1 2
132 58 76 -1 2
133 7 102 -1 3
134 23 101 -1 2
135 30 88 -1 2
136 33 85 -1 2
137 8 34 -1 2
138 18 90 -1 2
139 37 98 -1 3
140 33 132 -1 3
141 42 117 -1 3
142 59 116 -1 3
143 24 87 -1 3
144 66 116 -1 3
145 64 113 -1 3
146 4 121 -1 3
147 8 95 -1 3
148 85 122 -1 3
149 49 124 -1 3
150 42 127 -1 3
151 75 135 -1 3
152 78 137 -1 3
153 105 132 -1 3
154 56 120 -1 2
155 19 114 -1 3
156 58 123 -1 3
157 50 129 -1 3
158 23 119 -1 3
159 88 125 -1 3
160 71 126 -1 3
161 15 130 -1 3
162 40 131 -1 3
163 1 22 -1 1
164 68 138 -1 3
165 68 128 -1 3
166 71 134 -1 3
167 11 136 -1 3
168 34 65 -1 3
169 34 98 -1 3
170 72 146 -1 4
171 60 170 13 5
172 10 148 -1 4
173 109 172 11 5
174 53 147 -1 4
175 115 174 20 5
176 73 159 -1 4
177 61 176 1 5
178 52 145 -1 4
179 87 178 8 5
180 86 142 -1 4
181 81 180 16 5
182 83 152 -1 4
183 63 182 5 5
184 79 167 -1 4
185 62 184 29 5
186 52 163 -1 4
187 112 186 30 5
188 94 161 -1 4
189 62 188 17 5
190 108 151 -1 4
191 61 190 14 5
192 106 154 -1 4
193 63 192 0 5
194 86 160 -1 4
195 89 194 6 5
196 54 141 -1 4
197 99 196 27 5
198 73 150 -1 4
199 60 198 28 5
200 82 155 -1 4
201 81 200 25 5
202 73 165 -1 4
203 62 202 22 5
204 79 169 -1 4
205 80 204 7 5
206 72 166 -1 4
207 63 206 18 5
208 133 168 -1 4
209 62 208 12 5
210 72 156 -1 4
211 61 210 4 5
212 77 164 -1 4
213 81 212 2 5
214 102 140 -1 4
215 97 214 31 5
216 55 143 -1 4
217 97 216 19 5
218 77 157 -1 4
219 63 218 21 5
220 94 139 -1 4
221 80 220 23 5
222 77 162 -1 4
223 89 222 24 5
224 83 158 -1 4
225 60 224 10 5
226 79 153 -1 4
227 61 226 26 5
228 118 144 -1 4
229 109 228 3 5
230 86 149 -1 4
231 61 230 9 5
