32 15 25 -1 1
33 7 17 -1 1
34 5 9 -1 1
35 1 23 -1 1
36 11 29 -1 1
37 3 21 -1 1
38 13 27 -1 1
39 19 26 -1 1
40 22 31 -1 1
41 4 18 -1 1
42 10 28 -1 1
43 2 20 -1 1
44 6 16 -1 1
45 14 24 -1 1
46 8 30 -1 1
47 0 12 -1 1
48 33 36 -1 2
49 32 37 -1 2
50 35 38 -1 2
51 43 45 -1 2
52 42 44 -1 2
53 41 46 -1 2
54 39 47 -1 2
55 34 40 -1 2
56 1 22 -1 1
57 4 16 -1 1
58 8 28 -1 1
59 49 52 -1 3
60 50 53 -1 3
61 50 52 -1 3
62 49 53 -1 3
63 54 55 -1 3
64 48 51 -1 3
65 0 21 -1 1
66 12 30 -1 1
67 2 19 -1 1
68 48 54 -1 3
69 9 27 -1 1
70 5 23 -1 1
71 3 22 -1 1
72 56 67 -1 2
73 13 25 -1 1
74 55 72 -1 3
75 20 24 -1 1
76 21 29 -1 1
77 14 20 -1 1
78 10 24 -1 1
79 15 26 -1 1
80 17 25 -1 1
81 0 18 -1 1
82 6 20 -1 1
83 7 13 -1 1
84 17 29 -1 1
85 51 55 -1 3
86 7 14 -1 1
87 39 46 -1 2
88 15 82 -1 2
89 3 78 -1 2
90 65 78 -1 2
91 11 25 -1 1
92 73 77 -1 2
93 58 79 -1 2
94 26 73 -1 2
95 66 75 -1 2
96 2 57 -1 2
97 57 84 -1 2
98 27 81 -1 2
99 1 9 -1 1
100 56 65 -1 2
101 81 83 -1 2
102 57 71 -1 2
103 13 70 -1 2
104 32 58 -1 2
105 38 58 -1 2
106 67 78 -1 2
107 44 80 -1 2
108 18 79 -1 2
109 25 28 -1 1
110 69 84 -1 2
111 7 71 -1 2
112 35 57 -1 2
113 44 70 -1 2
114 40 42 -1 2
115 31 42 -1 2
116 0 29 -1 1
117 23 31 -1 1
118 48 94 -1 3
119 33 41 -1 2
120 12 17 -1 1
121 40 41 -1 2
122 6 45 -1 2
123 4 11 -1 1
124 8 21 -1 1
125 2 23 -1 1
126 5 19 -1 1
127 3 11 -1 1
128 5 24 -1 1
129 14 27 -1 1
130 80 129 -1 2
131 58 77 -1 2
132 12 91 -1 2
133 67 69 -1 2
134 66 123 -1 2
135 82 109 -1 2
136 125 128 -1 2
137 35 75 -1 2
138 34 116 -1 2
139 76 86 -1 2
140 36 79 -1 2
141 16 39 -1 2
142 5 83 -1 2
143 39 71 -1 2
144 30 65 -1 2
145 66 79 -1 2
146 71 99 -1 2
147 16 40 -1 2
148 4 86 -1 2
149 31 38 -1 2
150 9 117 -1 2
151 76 125 -1 2
152 36 47 -1 2
153 45 124 -1 2
154 11 67 -1 2
155 14 22 -1 1
156 75 126 -1 2
157 34 120 -1 2
158 124 127 -1 2
159 33 47 -1 2
160 28 40 -1 2
161 11 99 -1 2
162 113 155 -1 3
163 68 162 26 4
164 98 156 -1 3
165 59 164 15 4
166 103 145 -1 3
167 64 166 17 4
168 105 141 -1 3
169 64 168 7 4
170 121 142 -1 3
171 59 170 25 4
172 87 161 -1 3
173 59 172 21 4
174 95 150 -1 3
175 59 174 3 4
176 89 152 -1 3
177 60 176 23 4
178 89 130 -1 3
179 63 178 5 4
180 100 135 -1 3
181 68 180 12 4
182 111 144 -1 3
183 61 182 10 4
184 104 148 -1 3
185 63 184 19 4
186 97 136 -1 3
187 62 186 8 4
188 98 146 -1 3
189 64 188 29 4
190 88 159 -1 3
191 60 190 27 4
192 107 154 -1 3
193 60 192 13 4
194 119 143 -1 3
195 85 194 14 4
196 90 147 -1 3
197 118 196 0 4
198 96 158 -1 3
199 63 198 31 4
200 108 132 -1 3
201 61 200 6 4
202 92 134 -1 3
203 74 202 20 4
204 112 160 -1 3
205 64 204 11 4
206 114 133 -1 3
207 68 206 22 4
208 102 157 -1 3
209 61 208 28 4
210 115 139 -1 3
211 60 210 1 4
212 88 151 -1 3
213 63 212 9 4
214 101 153 -1 3
215 74 214 24 4
216 87 140 -1 3
217 85 216 2 4
218 110 131 -1 3
219 62 218 4 4
220 93 138 -1 3
221 61 220 16 4
222 106 137 -1 3
223 62 222 30 4
224 122 149 -1 3
225 62 224 18 4
