32 1 25 -1 1
33 9 17 -1 1
34 0 24 -1 1
35 8 16 -1 1
36 4 28 -1 1
37 5 21 -1 1
38 12 20 -1 1
39 3 19 -1 1
40 2 26 -1 1
41 14 22 -1 1
42 10 18 -1 1
43 7 31 -1 1
44 6 30 -1 1
45 15 23 -1 1
46 13 29 -1 1
47 11 27 -1 1
48 32 34 -1 2
49 33 35 -1 2
50 48 49 -1 3
51 17 32 -1 2
52 33 38 -1 2
53 40 42 -1 2
54 37 46 -1 2
55 39 47 -1 2
56 54 55 -1 3
57 45 49 -1 3
58 41 44 -1 2
59 0 16 -1 1
60 16 25 -1 1
61 35 53 -1 3
62 6 13 -1 1
63 36 44 -1 2
64 36 62 -1 2
65 51 63 -1 3
66 20 59 -1 2
67 23 59 -1 2
68 52 64 -1 3
69 8 29 -1 1
70 51 67 -1 3
71 9 43 -1 2
72 24 35 -1 2
73 58 72 -1 3
74 15 73 6 4
75 2 34 -1 2
76 48 71 -1 3
77 45 76 23 4
78 3 36 -1 2
79 2 39 -1 2
80 1 19 -1 1
81 9 12 -1 1
82 17 25 -1 1
83 53 78 -1 3
84 1 41 -1 2
85 11 42 -1 2
86 8 21 -1 1
87 1 7 -1 1
88 6 22 -1 1
89 3 10 -1 1
90 22 38 -1 2
91 11 28 -1 1
92 13 24 -1 1
93 5 14 -1 1
94 14 31 -1 1
95 4 11 -1 1
96 16 47 -1 2
97 8 18 -1 1
98 59 69 -1 2
99 24 37 -1 2
100 36 86 -1 2
101 80 82 -1 2
102 24 58 -1 3
103 80 95 -1 2
104 69 93 -1 2
105 10 82 -1 2
106 43 88 -1 2
107 60 91 -1 2
108 27 81 -1 2
109 4 92 -1 2
110 24 60 -1 2
111 24 39 -1 2
112 41 87 -1 2
113 3 40 -1 2
114 27 97 -1 2
115 5 12 -1 1
116 0 21 -1 1
117 0 89 -1 2
118 15 44 -1 2
119 60 94 -1 2
120 54 112 -1 3
121 57 120 13 4
122 84 116 -1 3
123 68 122 12 4
124 54 118 -1 3
125 76 124 21 4
126 43 59 -1 2
127 73 126 22 4
128 7 67 -1 3
129 102 128 30 4
130 90 99 -1 3
131 65 130 28 4
132 49 75 -1 3
133 42 132 8 4
134 18 48 -1 3
135 61 134 16 4
136 48 105 -1 3
137 61 136 24 4
138 17 53 -1 3
139 132 138 0 4
140 15 43 -1 2
141 70 140 31 4
142 96 113 -1 3
143 50 142 17 4
144 79 114 -1 3
145 50 144 25 4
146 66 101 -1 3
147 83 146 26 4
148 58 110 -1 3
149 68 148 4 4
150 66 109 -1 3
151 56 150 27 4
152 38 98 -1 3
153 56 152 11 4
154 34 100 -1 3
155 56 154 19 4
156 55 117 -1 3
157 50 156 1 4
158 54 119 -1 3
159 57 158 5 4
160 72 115 -1 3
161 56 160 3 4
162 43 60 -1 2
163 57 162 7 4
164 52 103 -1 3
165 61 164 10 4
166 1 43 -1 2
167 57 166 15 4
168 34 45 -1 2
169 73 168 14 4
170 85 111 -1 3
171 50 170 9 4
172 54 106 -1 3
173 70 172 29 4
174 52 107 -1 3
175 61 174 2 4
176 52 104 -1 3
177 65 176 20 4
178 48 108 -1 3
179 83 178 18 4
