32 11 21 -1 1
33 1 15 -1 1
34 0 31 -1 1
35 19 20 -1 1
36 16 30 -1 1
37 18 28 -1 1
38 10 29 -1 1
39 14 17 -1 1
40 2 5 -1 1
41 22 25 -1 1
42 9 23 -1 1
43 3 13 -1 1
44 24 33 -1 2
45 4 32 -1 2
46 12 35 -1 2
47 8 34 -1 2
48 37 44 -1 3
49 27 36 -1 2
50 7 39 -1 2
51 40 45 -1 3
52 6 41 -1 2
53 14 26 -1 1
54 38 46 -1 3
55 42 50 -1 3
56 43 49 -1 3
57 47 52 -1 3
58 54 57 -1 4
59 48 51 -1 4
60 48 54 -1 4
61 17 29 -1 1
62 1 53 -1 2
63 12 27 -1 1
64 10 20 -1 1
65 5 21 -1 1
66 19 24 -1 1
67 0 26 -1 1
68 36 38 -1 2
69 7 8 -1 1
70 9 34 -1 2
71 23 25 -1 1
72 41 53 -1 2
73 3 65 -1 2
74 16 39 -1 2
75 61 69 -1 2
76 18 47 -1 3
77 51 54 -1 4
78 37 43 -1 2
79 2 32 -1 2
80 51 57 -1 4
81 4 27 -1 1
82 68 81 -1 3
83 15 18 -1 1
84 13 64 -1 2
85 30 78 -1 3
86 54 85 -1 4
87 68 84 -1 3
88 25 63 -1 2
89 48 52 -1 4
90 42 56 -1 4
91 6 9 -1 1
92 33 63 -1 2
93 44 74 -1 3
94 3 72 -1 3
95 48 82 -1 4
96 36 64 -1 2
97 79 88 -1 3
98 22 33 -1 2
99 23 31 -1 1
100 55 67 -1 4
101 38 66 -1 2
102 52 101 -1 3
103 55 85 -1 4
104 19 34 -1 2
105 9 47 -1 3
106 36 44 -1 3
107 62 75 -1 3
108 21 31 -1 1
109 57 87 -1 4
110 13 99 -1 2
111 24 96 -1 3
112 0 61 -1 2
113 5 6 -1 1
114 17 66 -1 2
115 11 70 -1 3
116 32 55 -1 4
117 7 53 -1 2
118 16 31 -1 1
119 18 26 -1 1
120 1 7 -1 1
121 8 13 -1 1
122 42 81 -1 2
123 6 39 -1 2
124 42 45 -1 3
125 47 68 -1 3
126 11 118 -1 2
127 52 113 -1 3
128 65 98 -1 3
129 53 75 -1 3
130 71 119 -1 2
131 17 130 -1 3
132 73 92 -1 3
133 26 78 -1 3
134 18 63 -1 2
135 35 41 -1 2
136 42 65 -1 2
137 68 70 -1 3
138 28 64 -1 2
139 56 136 -1 4
140 3 28 -1 1
141 29 108 -1 2
142 10 36 -1 2
143 22 99 -1 2
144 26 91 -1 2
145 14 120 -1 2
146 41 121 -1 2
147 13 15 -1 1
148 40 67 -1 2
149 61 113 -1 2
150 25 108 -1 2
151 19 91 -1 2
152 32 39 -1 2
153 43 71 -1 2
154 0 2 -1 1
155 50 70 -1 3
156 50 153 -1 3
157 74 76 -1 4
158 33 123 -1 3
159 73 142 -1 3
160 40 134 -1 3
161 92 149 -1 3
162 98 151 -1 3
163 101 130 -1 3
164 69 83 -1 2
165 96 148 -1 3
166 79 146 -1 3
167 73 126 -1 3
168 62 150 -1 3
169 112 138 -1 3
170 68 114 -1 3
171 50 147 -1 3
172 24 119 -1 2
173 28 72 -1 3
174 104 145 -1 3
175 62 140 -1 3
176 84 152 -1 3
177 1 47 -1 3
178 10 83 -1 2
179 61 135 -1 3
180 22 75 -1 3
181 110 141 -1 3
182 4 117 -1 3
183 122 154 -1 3
184 23 30 -1 1
185 112 144 -1 3
186 46 143 -1 3
187 48 166 -1 4
188 100 187 18 5
189 57 169 -1 4
190 90 189 1 5
191 81 158 -1 4
192 86 191 22 5
193 94 183 -1 4
194 60 193 19 5
195 106 185 -1 4
196 86 195 27 5
197 97 136 -1 4
198 157 197 26 5
199 94 160 -1 4
200 58 199 8 5
201 111 156 -1 4
202 80 201 31 5
203 51 168 -1 4
204 103 203 11 5
205 55 165 -1 4
206 86 205 21 5
207 82 155 -1 4
208 128 207 4 5
209 56 162 -1 4
210 77 209 30 5
211 102 178 -1 4
212 139 211 15 5
213 55 167 -1 4
214 89 213 28 5
215 87 174 -1 4
216 59 215 23 5
217 127 164 -1 4
218 86 217 6 5
219 93 181 -1 4
220 58 219 17 5
221 93 159 -1 4
222 58 221 20 5
223 131 177 -1 4
224 77 223 0 5
225 102 176 -1 4
226 95 225 13 5
227 115 179 -1 4
228 95 227 3 5
229 124 173 -1 4
230 109 229 7 5
231 132 170 -1 4
232 80 231 10 5
233 105 175 -1 4
234 77 233 29 5
235 107 186 -1 4
236 59 235 14 5
237 125 172 -1 4
238 116 237 2 5
239 137 182 -1 4
240 59 239 9 5
241 55 161 -1 4
242 59 241 5 5
243 56 163 -1 4
244 59 243 16 5
245 133 180 -1 4
246 95 245 25 5
247 129 184 -1 4
248 58 247 12 5
249 97 171 -1 4
250 60 249 24 5
