32 5 21 -1 1
33 13 29 -1 1
34 6 22 -1 1
35 14 30 -1 1
36 32 33 -1 2
37 34 36 -1 3
38 11 23 -1 1
39 7 27 -1 1
40 19 31 -1 1
41 3 15 -1 1
42 2 35 -1 2
43 9 25 -1 1
44 1 17 -1 1
45 10 26 -1 1
46 12 28 -1 1
47 0 16 -1 1
48 18 42 -1 3
49 4 20 -1 1
50 8 24 -1 1
51 39 40 -1 2
52 36 43 -1 3
53 38 51 -1 3
54 40 45 -1 2
55 15 31 -1 1
56 7 23 -1 1
57 47 50 -1 2
58 22 49 -1 2
59 37 44 -1 4
60 46 58 -1 3
61 34 48 -1 4
62 35 52 -1 4
63 8 23 -1 1
64 7 24 -1 1
65 32 60 -1 4
66 0 15 -1 1
67 16 31 -1 1
68 45 66 -1 2
69 38 41 -1 2
70 39 41 -1 2
71 37 53 -1 4
72 5 41 -1 2
73 13 72 -1 3
74 44 52 -1 4
75 28 54 -1 3
76 2 57 -1 3
77 63 64 -1 2
78 18 57 -1 3
79 67 68 -1 3
80 34 49 -1 2
81 4 46 -1 2
82 37 57 -1 4
83 35 58 -1 3
84 73 83 -1 4
85 53 84 6 5
86 71 84 22 5
87 12 20 -1 1
88 4 29 -1 1
89 48 75 -1 4
90 17 34 -1 2
91 14 55 -1 2
92 15 56 -1 2
93 11 26 -1 1
94 12 80 -1 3
95 48 77 -1 4
96 10 44 -1 2
97 25 90 -1 3
98 34 88 -1 2
99 13 87 -1 2
100 20 46 -1 2
101 1 2 -1 1
102 19 26 -1 1
103 3 10 -1 1
104 36 91 -1 3
105 9 90 -1 3
106 9 66 -1 2
107 7 35 -1 2
108 23 34 -1 2
109 9 101 -1 2
110 30 92 -1 3
111 80 88 -1 3
112 47 110 -1 4
113 36 64 -1 3
114 72 81 -1 3
115 63 67 -1 2
116 45 70 -1 3
117 64 67 -1 2
118 69 102 -1 3
119 7 96 -1 3
120 38 80 -1 3
121 36 98 -1 3
122 53 121 -1 4
123 89 122 29 5
124 51 103 -1 3
125 54 99 -1 3
126 63 66 -1 2
127 51 81 -1 3
128 70 93 -1 3
129 69 100 -1 3
130 25 115 -1 3
131 59 130 9 5
132 37 110 -1 4
133 65 132 31 5
134 94 116 -1 4
135 74 134 28 5
136 1 117 -1 3
137 62 136 17 5
138 78 128 -1 4
139 59 138 19 5
140 73 111 -1 4
141 89 140 21 5
142 63 104 -1 4
143 112 142 24 5
144 78 124 -1 4
145 62 144 11 5
146 30 114 -1 4
147 122 146 14 5
148 14 113 -1 4
149 112 148 8 5
150 64 106 -1 3
151 59 150 25 5
152 75 120 -1 4
153 74 152 12 5
154 26 105 -1 4
155 95 154 10 5
156 79 109 -1 4
157 61 156 2 5
158 76 118 -1 4
159 62 158 27 5
160 23 67 -1 2
161 82 160 16 5
162 48 125 -1 4
163 71 162 13 5
164 91 107 -1 3
165 65 164 23 5
166 37 114 -1 4
167 89 166 5 5
168 92 104 -1 4
169 65 168 15 5
170 42 79 -1 4
171 97 170 18 5
172 17 126 -1 3
173 62 172 1 5
174 48 127 -1 4
175 74 174 20 5
176 76 119 -1 4
177 71 176 3 5
178 7 66 -1 2
179 82 178 0 5
180 48 129 -1 4
181 74 180 4 5
182 96 97 -1 4
183 95 182 26 5
184 91 108 -1 3
185 65 184 7 5
186 14 53 -1 4
187 98 114 -1 4
188 186 187 30 5
