32 1 31 -1 1
33 11 26 -1 1
34 3 19 -1 1
35 9 27 -1 1
36 5 23 -1 1
37 2 18 -1 1
38 25 28 -1 1
39 22 30 -1 1
40 6 21 -1 1
41 7 17 -1 1
42 0 4 -1 1
43 8 12 -1 1
44 16 24 -1 1
45 10 29 -1 1
46 15 20 -1 1
47 13 28 -1 1
48 10 38 -1 2
49 21 30 -1 1
50 1 5 -1 1
51 7 42 -1 2
52 27 34 -1 2
53 14 19 -1 1
54 3 29 -1 1
55 33 54 -1 2
56 14 24 -1 1
57 32 43 -1 2
58 11 39 -1 2
59 40 47 -1 2
60 15 23 -1 1
61 2 9 -1 1
62 35 44 -1 2
63 6 17 -1 1
64 4 22 -1 1
65 30 32 -1 2
66 16 20 -1 1
67 36 61 -1 2
68 46 64 -1 2
69 41 45 -1 2
70 18 31 -1 1
71 35 70 -1 2
72 11 20 -1 1
73 13 20 -1 1
74 8 13 -1 1
75 14 21 -1 1
76 49 72 -1 2
77 29 53 -1 2
78 42 47 -1 2
79 0 34 -1 2
80 37 60 -1 2
81 48 57 -1 3
82 2 6 -1 1
83 44 74 -1 2
84 33 70 -1 2
85 12 49 -1 2
86 0 82 -1 2
87 50 66 -1 2
88 51 58 -1 3
89 40 56 -1 2
90 52 68 -1 3
91 54 73 -1 2
92 48 67 -1 3
93 55 69 -1 3
94 1 26 -1 1
95 18 24 -1 1
96 47 61 -1 2
97 49 50 -1 2
98 37 85 -1 3
99 60 94 -1 2
100 15 25 -1 1
101 59 62 -1 3
102 8 31 -1 1
103 41 66 -1 2
104 65 68 -1 3
105 59 71 -1 3
106 12 28 -1 1
107 5 16 -1 1
108 35 53 -1 2
109 44 60 -1 2
110 38 43 -1 2
111 55 71 -1 3
112 3 12 -1 1
113 32 63 -1 2
114 51 62 -1 3
115 52 110 -1 3
116 52 87 -1 3
117 3 84 -1 3
118 43 71 -1 3
119 58 79 -1 3
120 63 83 -1 3
121 10 75 -1 2
122 46 95 -1 2
123 18 34 -1 2
124 78 102 -1 3
125 8 27 -1 1
126 16 30 -1 1
127 48 113 -1 3
128 57 103 -1 3
129 71 86 -1 3
130 10 19 -1 1
131 33 45 -1 2
132 2 4 -1 1
133 65 86 -1 3
134 22 50 -1 2
135 6 16 -1 1
136 12 26 -1 1
137 0 7 -1 1
138 0 5 -1 1
139 7 22 -1 1
140 1 7 -1 1
141 8 14 -1 1
142 2 11 -1 1
143 17 22 -1 1
144 33 42 -1 2
145 78 130 -1 3
146 8 82 -1 2
147 26 36 -1 2
148 37 84 -1 3
149 71 121 -1 3
150 100 141 -1 2
151 17 56 -1 2
152 23 126 -1 2
153 25 139 -1 2
154 69 134 -1 3
155 99 123 -1 3
156 25 135 -1 2
157 33 34 -1 2
158 73 126 -1 2
159 75 140 -1 2
160 38 100 -1 2
161 45 139 -1 2
162 41 46 -1 2
163 38 142 -1 2
164 2 106 -1 2
165 39 138 -1 2
166 17 132 -1 2
167 44 46 -1 2
168 4 95 -1 2
169 36 112 -1 2
170 45 64 -1 2
171 36 125 -1 2
172 53 137 -1 2
173 107 143 -1 2
174 41 136 -1 2
175 48 51 -1 3
176 155 175 11 4
177 67 91 -1 3
178 149 177 6 4
179 109 161 -1 3
180 81 179 4 4
181 131 146 -1 3
182 90 181 30 4
183 83 165 -1 3
184 111 183 1 4
185 97 157 -1 3
186 120 185 9 4
187 52 89 -1 3
188 154 187 25 4
189 77 163 -1 3
190 101 189 17 4
191 57 158 -1 3
192 90 191 23 4
193 67 167 -1 3
194 133 193 12 4
195 59 170 -1 3
196 117 195 14 4
197 151 153 -1 3
198 129 197 10 4
199 80 156 -1 3
200 88 199 26 4
201 58 150 -1 3
202 93 201 18 4
203 79 147 -1 3
204 128 203 27 4
205 80 91 -1 3
206 127 205 21 4
207 96 174 -1 3
208 104 207 5 4
209 89 160 -1 3
210 119 209 7 4
211 76 168 -1 3
212 115 211 0 4
213 62 87 -1 3
214 145 213 16 4
215 55 172 -1 3
216 98 215 22 4
217 60 144 -1 3
218 118 217 19 4
219 77 171 -1 3
220 88 219 15 4
221 84 159 -1 3
222 92 221 29 4
223 85 162 -1 3
224 92 223 13 4
225 108 152 -1 3
226 127 225 2 4
227 69 122 -1 3
228 148 227 3 4
229 67 151 -1 3
230 124 229 20 4
231 57 166 -1 3
232 105 231 24 4
233 55 164 -1 3
234 116 233 8 4
235 59 173 -1 3
236 81 235 28 4
237 76 169 -1 3
238 114 237 31 4
