32 14 30 -1 1
33 10 26 -1 1
34 2 18 -1 1
35 6 22 -1 1
36 11 13 -1 1
37 1 7 -1 1
38 19 21 -1 1
39 25 31 -1 1
40 23 24 -1 1
41 0 15 -1 1
42 20 27 -1 1
43 3 12 -1 1
44 8 16 -1 1
45 4 28 -1 1
46 17 29 -1 1
47 5 9 -1 1
48 4 43 -1 2
49 28 35 -1 2
50 3 19 -1 1
51 33 41 -1 2
52 22 51 -1 3
53 39 45 -1 2
54 38 49 -1 3
55 12 42 -1 2
56 25 44 -1 2
57 34 56 -1 3
58 16 40 -1 2
59 23 46 -1 2
60 24 32 -1 2
61 10 29 -1 1
62 14 59 -1 3
63 2 21 -1 1
64 36 63 -1 2
65 13 37 -1 2
66 9 48 -1 3
67 15 47 -1 2
68 1 39 -1 2
69 34 36 -1 2
70 13 61 -1 2
71 53 64 -1 3
72 17 58 -1 3
73 5 46 -1 2
74 20 32 -1 2
75 27 65 -1 3
76 6 7 -1 1
77 5 30 -1 1
78 48 77 -1 3
79 50 67 -1 3
80 57 62 -1 4
81 68 69 -1 3
82 38 74 -1 3
83 52 71 -1 4
84 43 49 -1 3
85 10 20 -1 1
86 49 69 -1 3
87 2 25 -1 1
88 42 70 -1 3
89 34 50 -1 2
90 75 86 -1 4
91 0 9 -1 1
92 60 67 -1 3
93 43 61 -1 2
94 54 88 -1 4
95 35 40 -1 2
96 15 76 -1 2
97 52 79 -1 4
98 51 87 -1 3
99 8 18 -1 1
100 41 42 -1 2
101 62 78 -1 4
102 58 93 -1 3
103 55 72 -1 4
104 53 59 -1 3
105 9 81 -1 4
106 6 44 -1 2
107 14 56 -1 3
108 13 27 -1 1
109 27 38 -1 2
110 18 19 -1 1
111 7 8 -1 1
112 65 95 -1 3
113 49 89 -1 3
114 77 91 -1 2
115 66 88 -1 4
116 46 95 -1 3
117 73 82 -1 4
118 74 89 -1 3
119 17 37 -1 2
120 54 57 -1 4
121 78 104 -1 4
122 26 58 -1 3
123 82 106 -1 4
124 70 96 -1 3
125 72 81 -1 4
126 62 88 -1 4
127 43 109 -1 3
128 9 16 -1 1
129 26 87 -1 2
130 52 57 -1 4
131 3 8 -1 1
132 12 30 -1 1
133 7 23 -1 1
134 91 99 -1 2
135 29 39 -1 2
136 70 95 -1 3
137 0 32 -1 2
138 77 133 -1 2
139 82 98 -1 4
140 64 68 -1 3
141 22 128 -1 2
142 64 85 -1 3
143 53 72 -1 4
144 26 45 -1 2
145 39 79 -1 4
146 38 132 -1 2
147 24 91 -1 2
148 34 47 -1 2
149 52 54 -1 4
150 85 111 -1 2
151 46 110 -1 2
152 36 44 -1 2
153 14 76 -1 2
154 7 26 -1 1
155 24 108 -1 2
156 1 3 -1 1
157 78 113 -1 4
158 20 77 -1 2
159 76 87 -1 2
160 38 40 -1 2
161 46 131 -1 2
162 32 33 -1 2
163 4 30 -1 1
164 55 159 -1 3
165 59 162 -1 3
166 42 135 -1 3
167 68 158 -1 3
168 33 68 -1 3
169 73 153 -1 3
170 47 119 -1 3
171 60 151 -1 3
172 100 141 -1 3
173 51 161 -1 3
174 64 147 -1 3
175 70 156 -1 3
176 71 134 -1 4
177 33 47 -1 2
178 37 99 -1 2
179 47 71 -1 4
180 144 178 -1 3
181 14 144 -1 3
182 73 155 -1 3
183 36 154 -1 2
184 37 137 -1 3
185 129 152 -1 3
186 1 24 -1 1
187 96 152 -1 3
188 53 160 -1 3
189 68 146 -1 3
190 67 150 -1 3
191 50 114 -1 3
192 12 148 -1 3
193 106 163 -1 3
194 67 138 -1 3
195 56 100 -1 3
196 102 167 -1 4
197 130 196 24 5
198 52 187 -1 4
199 101 198 10 5
200 75 165 -1 4
201 83 200 27 5
202 71 194 -1 4
203 130 202 16 5
204 118 177 -1 4
205 143 204 30 5
206 84 92 -1 4
207 176 206 2 5
208 92 164 -1 4
209 125 208 11 5
210 66 178 -1 4
211 139 210 14 5
212 108 180 -1 4
213 117 212 17 5
214 112 172 -1 4
215 80 214 13 5
216 136 191 -1 4
217 90 216 7 5
218 116 193 -1 4
219 105 218 29 5
220 112 181 -1 4
221 145 220 3 5
222 72 189 -1 4
223 97 222 21 5
224 124 188 -1 4
225 80 224 8 5
226 122 184 -1 4
227 94 226 26 5
228 71 175 -1 4
229 123 228 4 5
230 140 195 -1 4
231 97 230 15 5
232 66 173 -1 4
233 90 232 6 5
234 98 169 -1 4
235 103 234 0 5
236 95 102 -1 4
237 179 236 9 5
238 98 192 -1 4
239 94 238 25 5
240 54 190 -1 4
241 121 240 19 5
242 86 168 -1 4
243 103 242 22 5
244 107 170 -1 4
245 149 244 5 5
246 75 185 -1 4
247 157 246 28 5
248 127 183 -1 4
249 80 248 23 5
250 92 166 -1 4
251 120 250 18 5
252 52 171 -1 4
253 115 252 20 5
254 84 174 -1 4
255 126 254 12 5
256 113 182 -1 4
257 83 256 31 5
258 142 186 -1 4
259 101 258 1 5
