32 15 27 -1 1
33 11 31 -1 1
34 3 23 -1 1
35 7 19 -1 1
36 26 30 -1 1
37 2 6 -1 1
38 10 14 -1 1
39 18 22 -1 1
40 0 9 -1 1
41 5 12 -1 1
42 4 13 -1 1
43 1 8 -1 1
44 17 24 -1 1
45 16 25 -1 1
46 21 28 -1 1
47 20 29 -1 1
48 34 39 -1 2
49 22 37 -1 2
50 33 36 -1 2
51 30 38 -1 2
52 35 48 -1 3
53 32 50 -1 3
54 3 42 -1 2
55 11 41 -1 2
56 7 27 -1 1
57 49 51 -1 3
58 19 31 -1 1
59 10 12 -1 1
60 40 58 -1 2
61 2 4 -1 1
62 30 49 -1 3
63 0 6 -1 1
64 18 50 -1 3
65 23 45 -1 2
66 16 46 -1 2
67 8 14 -1 1
68 53 66 -1 4
69 43 56 -1 2
70 18 24 -1 1
71 5 21 -1 1
72 44 48 -1 3
73 52 57 -1 4
74 9 25 -1 1
75 35 59 -1 2
76 51 69 -1 3
77 52 65 -1 4
78 46 60 -1 3
79 16 29 -1 1
80 32 72 -1 4
81 1 38 -1 2
82 28 47 -1 2
83 7 30 -1 1
84 4 20 -1 1
85 47 70 -1 2
86 5 17 -1 1
87 13 85 -1 3
88 0 26 -1 1
89 44 58 -1 2
90 27 59 -1 2
91 24 74 -1 2
92 43 61 -1 2
93 33 84 -1 2
94 28 74 -1 2
95 53 55 -1 4
96 50 79 -1 3
97 49 78 -1 4
98 32 60 -1 3
99 52 91 -1 4
100 35 42 -1 2
101 54 75 -1 3
102 15 20 -1 1
103 13 69 -1 3
104 41 63 -1 2
105 32 41 -1 2
106 29 63 -1 2
107 13 30 -1 1
108 61 67 -1 2
109 64 101 -1 4
110 62 103 -1 4
111 89 108 -1 3
112 55 65 -1 3
113 81 83 -1 3
114 5 39 -1 2
115 66 81 -1 3
116 10 11 -1 1
117 1 17 -1 1
118 63 67 -1 2
119 7 54 -1 3
120 17 22 -1 1
121 6 21 -1 1
122 65 82 -1 3
123 49 81 -1 3
124 3 20 -1 1
125 42 45 -1 2
126 12 18 -1 1
127 8 18 -1 1
128 34 107 -1 2
129 69 106 -1 3
130 71 119 -1 4
131 51 114 -1 3
132 34 76 -1 4
133 25 38 -1 2
134 13 90 -1 3
135 27 100 -1 3
136 48 82 -1 3
137 54 81 -1 3
138 21 40 -1 2
139 86 124 -1 2
140 54 116 -1 3
141 8 25 -1 1
142 70 121 -1 2
143 90 117 -1 3
144 4 83 -1 2
145 45 120 -1 2
146 75 88 -1 3
147 54 56 -1 3
148 88 102 -1 2
149 34 127 -1 2
150 112 115 -1 4
151 46 67 -1 2
152 86 88 -1 2
153 2 44 -1 2
154 43 126 -1 2
155 29 53 -1 4
156 113 135 -1 4
157 70 93 -1 3
158 116 133 -1 3
159 92 139 -1 3
160 65 98 -1 4
161 15 108 -1 3
162 23 89 -1 3
163 94 107 -1 3
164 93 138 -1 3
165 31 81 -1 3
166 105 148 -1 3
167 20 106 -1 3
168 71 128 -1 3
169 17 82 -1 3
170 91 102 -1 3
171 94 118 -1 3
172 100 152 -1 3
173 50 142 -1 3
174 49 79 -1 3
175 85 153 -1 3
176 21 106 -1 3
177 104 144 -1 3
178 125 151 -1 3
179 90 149 -1 3
180 14 55 -1 3
181 94 154 -1 3
182 105 141 -1 3
183 63 65 -1 3
184 1 104 -1 3
185 94 145 -1 3
186 102 158 -1 4
187 97 186 0 5
188 96 168 -1 4
189 97 188 11 5
190 96 181 -1 4
191 73 190 1 5
192 52 161 -1 4
193 150 192 10 5
194 98 177 -1 4
195 77 194 16 5
196 72 165 -1 4
197 109 196 24 5
198 87 182 -1 4
199 73 198 5 5
200 129 180 -1 4
201 80 200 14 5
202 140 174 -1 4
203 80 202 4 5
204 64 167 -1 4
205 110 204 20 5
206 78 179 -1 4
207 95 206 28 5
208 76 157 -1 4
209 130 208 3 5
210 47 111 -1 4
211 99 210 31 5
212 71 111 -1 4
213 155 212 19 5
214 137 170 -1 4
215 73 214 15 5
216 57 172 -1 4
217 68 216 13 5
218 72 166 -1 4
219 97 218 26 5
220 64 122 -1 4
221 156 220 18 5
222 6 169 -1 4
223 132 222 8 5
224 134 176 -1 4
225 77 224 27 5
226 98 175 -1 4
227 109 226 2 5
228 146 163 -1 4
229 80 228 17 5
230 123 164 -1 4
231 80 230 9 5
232 53 159 -1 4
233 77 232 25 5
234 96 178 -1 4
235 99 234 21 5
236 85 131 -1 4
237 160 236 22 5
238 113 185 -1 4
239 95 238 7 5
240 136 184 -1 4
241 68 240 29 5
242 66 162 -1 4
243 110 242 30 5
244 112 173 -1 4
245 73 244 12 5
246 143 183 -1 4
247 68 246 23 5
248 147 171 -1 4
249 68 248 6 5
