32 3 7 -1 1
33 19 23 -1 1
34 11 15 -1 1
35 27 31 -1 1
36 0 17 -1 1
37 12 29 -1 1
38 8 25 -1 1
39 4 21 -1 1
40 9 24 -1 1
41 5 20 -1 1
42 13 28 -1 1
43 1 16 -1 1
44 10 22 -1 1
45 6 26 -1 1
46 14 18 -1 1
47 2 30 -1 1
48 2 40 -1 2
49 34 47 -1 2
50 45 48 -1 3
51 11 33 -1 2
52 15 44 -1 2
53 22 37 -1 2
54 46 53 -1 3
55 42 51 -1 3
56 35 52 -1 3
57 36 49 -1 3
58 41 57 -1 4
59 31 32 -1 2
60 27 43 -1 2
61 38 59 -1 3
62 19 25 -1 1
63 12 24 -1 1
64 14 36 -1 2
65 39 46 -1 2
66 7 62 -1 2
67 3 29 -1 1
68 0 18 -1 1
69 9 51 -1 3
70 13 38 -1 2
71 60 70 -1 3
72 29 33 -1 2
73 0 20 -1 1
74 5 6 -1 1
75 1 65 -1 3
76 30 43 -1 2
77 19 21 -1 1
78 50 61 -1 4
79 55 56 -1 4
80 26 41 -1 2
81 64 80 -1 3
82 35 67 -1 2
83 39 63 -1 2
84 40 82 -1 3
85 4 16 -1 1
86 59 72 -1 3
87 69 81 -1 4
88 15 17 -1 1
89 42 74 -1 2
90 41 88 -1 2
91 73 84 -1 4
92 54 69 -1 4
93 31 44 -1 2
94 37 68 -1 2
95 71 89 -1 4
96 39 66 -1 3
97 10 76 -1 3
98 53 90 -1 3
99 56 89 -1 4
100 7 18 -1 1
101 61 94 -1 4
102 39 100 -1 2
103 3 31 -1 1
104 63 68 -1 2
105 67 85 -1 2
106 50 83 -1 4
107 14 41 -1 2
108 64 70 -1 3
109 36 76 -1 3
110 55 81 -1 4
111 3 97 -1 4
112 19 45 -1 2
113 52 66 -1 3
114 47 112 -1 3
115 55 61 -1 4
116 9 26 -1 1
117 2 46 -1 2
118 21 25 -1 1
119 51 93 -1 3
120 18 43 -1 2
121 25 32 -1 2
122 13 100 -1 2
123 26 118 -1 2
124 81 114 -1 4
125 56 76 -1 4
126 2 13 -1 1
127 38 40 -1 2
128 27 42 -1 2
129 75 86 -1 4
130 49 60 -1 3
131 15 32 -1 2
132 1 38 -1 2
133 28 88 -1 2
134 69 98 -1 4
135 6 77 -1 2
136 42 135 -1 3
137 84 93 -1 4
138 84 98 -1 4
139 10 19 -1 1
140 19 44 -1 2
141 1 117 -1 3
142 45 73 -1 2
143 21 63 -1 2
144 4 45 -1 2
145 23 103 -1 2
146 5 19 -1 1
147 10 41 -1 2
148 85 116 -1 2
149 105 140 -1 3
150 57 71 -1 4
151 120 139 -1 3
152 80 128 -1 3
153 10 26 -1 1
154 85 102 -1 3
155 25 133 -1 3
156 60 147 -1 3
157 25 102 -1 3
158 74 127 -1 3
159 52 121 -1 3
160 104 132 -1 3
161 21 53 -1 3
162 65 126 -1 3
163 42 62 -1 2
164 31 77 -1 2
165 51 123 -1 3
166 83 131 -1 3
167 5 66 -1 3
168 43 142 -1 3
169 48 53 -1 3
170 66 148 -1 3
171 53 135 -1 3
172 7 145 -1 3
173 28 107 -1 3
174 94 122 -1 3
175 70 144 -1 3
176 47 89 -1 3
177 34 73 -1 2
178 59 143 -1 3
179 48 146 -1 3
180 107 145 -1 3
181 68 136 -1 4
182 150 181 12 5
183 84 151 -1 4
184 87 183 15 5
185 86 176 -1 4
186 138 185 3 5
187 141 177 -1 4
188 138 187 28 5
189 130 161 -1 4
190 78 189 13 5
191 96 173 -1 4
192 125 191 11 5
193 50 164 -1 4
194 134 193 8 5
195 57 174 -1 4
196 87 195 16 5
197 97 163 -1 4
198 129 197 0 5
199 54 165 -1 4
200 95 199 2 5
201 56 179 -1 4
202 101 201 23 5
203 119 160 -1 4
204 58 203 6 5
205 69 175 -1 4
206 111 205 20 5
207 75 171 -1 4
208 115 207 19 5
209 113 168 -1 4
210 92 209 30 5
211 108 149 -1 4
212 58 211 26 5
213 55 154 -1 4
214 78 213 7 5
215 132 157 -1 4
216 99 215 24 5
217 109 166 -1 4
218 92 217 5 5
219 96 153 -1 4
220 150 219 31 5
221 57 180 -1 4
222 106 221 27 5
223 86 156 -1 4
224 106 223 17 5
225 75 169 -1 4
226 79 225 25 5
227 57 152 -1 4
228 101 227 9 5
229 114 162 -1 4
230 91 229 10 5
231 57 178 -1 4
232 99 231 18 5
233 64 158 -1 4
234 79 233 29 5
235 81 167 -1 4
236 137 235 4 5
237 75 155 -1 4
238 78 237 22 5
239 71 172 -1 4
240 124 239 21 5
241 57 170 -1 4
242 79 241 14 5
243 65 159 -1 4
244 110 243 1 5
