20 3 14 -1 1
21 5 10 -1 1
22 4 19 -1 1
23 12 13 -1 1
24 9 17 -1 1
25 6 16 -1 1
26 8 18 -1 1
27 0 14 -1 1
28 1 5 -1 1
29 7 15 -1 1
30 2 16 -1 1
31 3 21 -1 2
32 11 20 -1 2
33 4 27 -1 2
34 23 29 -1 2
35 15 22 -1 2
36 1 7 -1 1
37 19 31 -1 3
38 3 13 -1 1
39 17 30 -1 2
40 21 26 -1 2
41 0 26 -1 2
42 8 24 -1 2
43 25 28 -1 2
44 28 35 -1 3
45 22 38 -1 2
46 5 37 -1 4
47 11 40 -1 3
48 45 47 0 4
49 8 34 -1 3
50 44 49 12 4
51 47 49 15 4
52 10 20 -1 2
53 24 25 -1 2
54 0 18 -1 1
55 17 32 -1 3
56 25 29 -1 2
57 24 55 -1 4
58 6 7 -1 1
59 9 36 -1 2
60 33 53 -1 3
61 28 38 -1 2
62 2 42 -1 3
63 37 58 -1 4
64 41 63 3 5
65 33 42 -1 3
66 30 65 13 4
67 40 59 -1 3
68 16 67 19 4
69 9 27 -1 2
70 34 69 6 3
71 20 42 -1 3
72 49 71 17 4
73 33 36 -1 3
74 43 73 9 4
75 3 60 -1 4
76 16 75 7 5
77 30 36 -1 2
78 45 77 11 3
79 32 62 -1 4
80 21 79 2 5
81 39 43 -1 3
82 46 81 10 5
83 27 44 -1 4
84 11 83 14 5
85 23 53 -1 3
86 41 85 1 4
87 27 61 -1 3
88 8 87 5 4
89 45 55 -1 4
90 46 89 8 5
91 39 54 -1 3
92 35 91 18 4
93 2 56 -1 3
94 52 93 16 4
95 12 43 -1 3
96 57 95 4 5
