26 1 11 -1 1
27 8 15 -1 1
28 13 23 -1 1
29 21 25 -1 1
30 12 24 -1 1
31 10 13 -1 1
32 19 20 -1 1
33 1 31 -1 2
34 21 26 -1 2
35 2 16 -1 1
36 6 17 -1 1
37 25 27 -1 2
38 4 8 -1 1
39 29 30 -1 2
40 14 18 -1 1
41 9 22 -1 1
42 3 12 -1 1
43 0 34 -1 3
44 7 14 -1 1
45 15 44 -1 2
46 5 13 -1 1
47 11 45 -1 3
48 10 32 -1 2
49 40 41 -1 2
50 2 37 -1 3
51 0 35 -1 2
52 24 28 -1 2
53 33 46 -1 3
54 18 33 -1 3
55 22 28 -1 2
56 27 51 -1 3
57 0 36 -1 2
58 38 42 -1 2
59 5 9 -1 1
60 39 55 -1 3
61 17 19 -1 1
62 6 38 -1 2
63 3 43 -1 4
64 26 60 -1 4
65 17 47 -1 4
66 12 46 -1 2
67 16 40 -1 2
68 3 50 -1 4
69 33 50 -1 4
70 23 49 -1 3
71 4 26 -1 2
72 48 59 -1 3
73 7 42 -1 2
74 12 52 -1 3
75 6 30 -1 2
76 39 75 -1 3
77 16 21 -1 1
78 46 61 -1 2
79 28 37 -1 3
80 22 79 -1 4
81 4 24 -1 1
82 11 67 -1 3
83 11 20 -1 1
84 25 57 -1 3
85 14 46 -1 2
86 10 57 -1 3
87 48 51 -1 3
88 23 57 -1 3
89 9 17 -1 1
90 43 81 -1 4
91 24 32 -1 2
92 22 36 -1 2
93 64 92 3 5
94 53 81 -1 4
95 65 94 5 5
96 27 75 -1 3
97 54 96 19 4
98 56 61 -1 4
99 43 98 18 5
100 4 70 -1 4
101 76 100 17 5
102 58 77 -1 3
103 49 102 2 4
104 32 79 -1 4
105 58 104 22 5
106 36 59 -1 2
107 74 106 11 4
108 62 86 -1 4
109 39 108 24 5
110 13 15 -1 1
111 64 110 23 5
112 34 41 -1 3
113 78 112 25 4
114 66 83 -1 3
115 51 114 10 4
116 19 60 -1 4
117 8 116 16 5
118 22 84 -1 4
119 54 118 15 5
120 28 53 -1 4
121 62 120 7 5
122 55 85 -1 3
123 63 122 21 5
124 33 52 -1 3
125 80 124 8 5
126 31 56 -1 4
127 73 126 0 5
128 52 91 -1 3
129 90 128 1 5
130 10 37 -1 3
131 63 130 20 5
132 2 72 -1 4
133 29 132 6 5
134 7 89 -1 2
135 69 134 4 5
136 16 47 -1 4
137 88 136 12 5
138 1 91 -1 3
139 68 138 14 5
140 71 87 -1 4
141 63 140 9 5
142 27 82 -1 4
143 52 142 13 5
