26 4 14 -1 1
27 1 24 -1 1
28 20 23 -1 1
29 0 25 -1 1
30 17 22 -1 1
31 16 19 -1 1
32 7 12 -1 1
33 3 6 -1 1
34 2 5 -1 1
35 13 21 -1 1
36 11 15 -1 1
37 10 26 -1 2
38 8 14 -1 1
39 13 27 -1 2
40 1 18 -1 1
41 27 38 -1 2
42 2 35 -1 2
43 9 37 -1 3
44 4 28 -1 2
45 11 20 -1 1
46 0 36 -1 2
47 19 29 -1 2
48 32 38 -1 2
49 17 25 -1 1
50 30 33 -1 2
51 6 30 -1 2
52 4 41 -1 3
53 31 40 -1 2
54 33 34 -1 2
55 15 17 -1 1
56 39 49 -1 3
57 0 9 -1 1
58 46 52 -1 4
59 5 53 -1 3
60 16 43 -1 4
61 7 34 -1 2
62 37 51 -1 3
63 8 23 -1 1
64 7 51 -1 3
65 39 43 -1 4
66 28 59 -1 4
67 44 50 -1 3
68 16 42 -1 3
69 40 47 -1 3
70 18 45 -1 2
71 10 56 -1 4
72 52 54 -1 4
73 32 69 -1 4
74 68 73 25 5
75 37 41 -1 3
76 2 11 -1 1
77 30 35 -1 2
78 0 10 -1 1
79 6 36 -1 2
80 2 3 -1 1
81 28 41 -1 3
82 5 46 -1 3
83 43 61 -1 4
84 15 54 -1 3
85 28 61 -1 3
86 24 67 -1 4
87 20 77 -1 3
88 51 75 -1 4
89 33 59 -1 4
90 49 76 -1 2
91 48 55 -1 3
92 51 63 -1 3
93 18 48 -1 3
94 50 70 -1 3
95 21 44 -1 3
96 24 70 -1 3
97 45 54 -1 3
98 21 50 -1 3
99 49 63 -1 2
100 12 24 -1 1
101 12 62 -1 4
102 97 101 13 5
103 18 81 -1 4
104 64 103 21 5
105 48 57 -1 3
106 90 105 11 4
107 2 92 -1 4
108 60 107 15 5
109 44 91 -1 4
110 65 109 5 5
111 56 67 -1 4
112 11 111 19 5
113 9 42 -1 3
114 94 113 24 4
115 64 68 -1 4
116 29 115 9 5
117 38 105 -1 4
118 86 117 0 5
119 52 96 -1 4
120 71 119 18 5
121 29 98 -1 4
122 72 121 1 5
123 26 87 -1 4
124 47 123 6 5
125 55 85 -1 4
126 71 125 23 5
127 31 70 -1 3
128 65 127 2 5
129 25 93 -1 4
130 66 129 17 5
131 55 69 -1 4
132 88 131 16 5
133 1 84 -1 4
134 73 133 20 5
135 12 42 -1 3
136 72 135 12 5
137 46 80 -1 3
138 66 137 4 5
139 68 100 -1 4
140 58 139 3 5
141 6 99 -1 3
142 58 141 22 5
143 31 49 -1 2
144 83 143 14 5
145 20 78 -1 2
146 89 145 7 5
147 75 82 -1 4
148 60 147 10 5
149 79 95 -1 4
150 60 149 8 5
