24 10 15 -1 1
25 17 18 -1 1
26 14 22 -1 1
27 13 21 -1 1
28 0 12 -1 1
29 3 9 -1 1
30 8 26 -1 2
31 0 23 -1 1
32 6 28 -1 2
33 1 9 -1 1
34 4 20 -1 1
35 2 7 -1 1
36 5 27 -1 2
37 16 25 -1 2
38 1 18 -1 1
39 7 24 -1 2
40 21 28 -1 2
41 2 10 -1 1
42 16 21 -1 1
43 13 19 -1 1
44 13 30 -1 3
45 4 11 -1 1
46 36 37 -1 3
47 29 34 -1 2
48 20 39 -1 3
49 17 48 -1 4
50 8 35 -1 2
51 22 33 -1 2
52 14 43 -1 2
53 31 42 -1 2
54 4 38 -1 2
55 25 32 -1 3
56 6 11 -1 1
57 4 44 -1 4
58 23 38 -1 2
59 16 51 -1 3
60 4 14 -1 1
61 41 58 -1 3
62 35 52 -1 3
63 3 6 -1 1
64 24 40 -1 3
65 33 42 -1 2
66 1 53 -1 3
67 10 40 -1 3
68 3 45 -1 2
69 16 18 -1 1
70 10 31 -1 2
71 24 30 -1 3
72 0 15 -1 1
73 44 67 -1 4
74 10 50 -1 3
75 17 62 -1 4
76 55 75 4 5
77 24 69 -1 2
78 47 77 15 3
79 10 22 -1 1
80 55 79 9 4
81 41 59 -1 4
82 20 81 8 5
83 54 63 -1 3
84 36 83 13 4
85 51 56 -1 3
86 24 85 6 4
87 23 56 -1 2
88 46 87 1 4
89 18 48 -1 4
90 67 89 7 5
91 5 61 -1 4
92 30 91 5 5
93 46 65 -1 4
94 39 93 3 5
95 24 54 -1 3
96 32 95 18 4
97 14 64 -1 4
98 45 97 21 5
99 3 19 -1 1
100 49 99 11 5
101 50 68 -1 3
102 27 101 22 4
103 31 37 -1 3
104 52 103 17 4
105 17 72 -1 2
106 57 105 14 5
107 29 37 -1 3
108 74 107 2 4
109 11 66 -1 4
110 26 109 16 5
111 16 60 -1 2
112 49 111 23 5
113 3 70 -1 3
114 73 113 20 5
115 34 36 -1 3
116 70 115 12 4
117 29 53 -1 3
118 8 117 10 4
119 33 71 -1 4
120 49 119 19 5
121 47 55 -1 4
122 31 121 0 5
