20 17 18 -1 1
21 2 15 -1 1
22 9 19 -1 1
23 8 12 -1 1
24 0 21 -1 2
25 7 18 -1 1
26 1 4 -1 1
27 5 20 -1 2
28 13 14 -1 1
29 6 22 -1 2
30 11 23 -1 2
31 9 12 -1 1
32 10 15 -1 1
33 5 26 -1 2
34 16 27 -1 3
35 6 25 -1 2
36 14 29 -1 3
37 1 13 -1 1
38 25 30 -1 3
39 3 21 -1 2
40 24 33 -1 3
41 31 35 -1 3
42 13 20 -1 2
43 10 36 -1 4
44 32 34 -1 4
45 3 19 -1 1
46 9 30 -1 3
47 23 24 -1 3
48 34 47 16 4
49 14 16 -1 1
50 34 41 -1 4
51 29 39 -1 3
52 38 45 -1 4
53 15 35 -1 3
54 10 27 -1 3
55 8 17 -1 1
56 1 2 -1 1
57 12 35 -1 3
58 38 49 -1 4
59 29 49 -1 3
60 0 42 -1 3
61 0 36 -1 4
62 23 28 -1 2
63 16 51 -1 4
64 11 13 -1 1
65 24 54 -1 4
66 22 65 18 5
67 15 28 -1 2
68 52 67 4 5
69 37 55 -1 2
70 43 69 11 5
71 55 62 -1 3
72 40 71 0 4
73 4 41 -1 4
74 47 73 13 5
75 10 39 -1 3
76 57 75 6 4
77 31 60 -1 4
78 39 77 19 5
79 30 33 -1 3
80 34 79 9 4
81 37 40 -1 4
82 45 81 7 5
83 39 40 -1 4
84 46 83 17 5
85 23 59 -1 4
86 42 85 2 5
87 17 56 -1 2
88 50 87 8 5
89 33 53 -1 4
90 43 89 1 5
91 36 54 -1 4
92 46 91 3 5
93 8 27 -1 3
94 61 93 14 5
95 8 22 -1 2
96 44 95 15 5
97 1 7 -1 1
98 63 97 12 5
99 4 31 -1 2
100 58 99 5 5
101 33 64 -1 3
102 44 101 10 5
