20 15 18 -1 1
21 0 17 -1 1
22 9 19 -1 1
23 8 16 -1 1
24 2 5 -1 1
25 4 20 -1 2
26 6 22 -1 2
27 12 18 -1 1
28 21 27 -1 2
29 3 11 -1 1
30 1 25 -1 3
31 14 26 -1 3
32 23 28 -1 3
33 9 28 -1 3
34 19 25 -1 3
35 7 12 -1 1
36 10 24 -1 2
37 2 26 -1 3
38 14 33 -1 4
39 20 36 -1 3
40 8 29 -1 2
41 23 37 -1 4
42 1 13 -1 1
43 10 42 -1 2
44 13 34 -1 4
45 22 36 -1 3
46 21 43 -1 3
47 31 32 -1 4
48 13 47 2 5
49 7 40 -1 3
50 0 29 -1 2
51 11 24 -1 2
52 3 15 -1 1
53 26 35 -1 3
54 20 45 -1 4
55 8 10 -1 1
56 7 11 -1 1
57 5 33 -1 4
58 1 50 -1 3
59 1 15 -1 1
60 24 52 -1 2
61 14 35 -1 2
62 16 25 -1 3
63 14 30 -1 4
64 1 24 -1 2
65 25 56 -1 3
66 0 7 -1 1
67 11 55 -1 2
68 25 43 -1 3
69 17 40 -1 3
70 8 46 -1 4
71 31 70 11 5
72 15 51 -1 3
73 32 72 16 4
74 30 69 -1 4
75 57 74 17 5
76 46 62 -1 4
77 11 76 10 5
78 42 60 -1 3
79 57 78 19 5
80 53 64 -1 4
81 16 80 8 5
82 45 68 -1 4
83 38 82 0 5
84 32 65 -1 4
85 38 84 5 5
86 31 67 -1 4
87 57 86 3 5
88 4 58 -1 4
89 32 88 9 5
90 7 45 -1 4
91 63 90 1 5
92 11 21 -1 2
93 54 92 18 5
94 34 66 -1 4
95 41 94 13 5
96 40 61 -1 3
97 44 96 4 5
98 3 53 -1 4
99 54 98 6 5
100 5 12 -1 1
101 47 100 14 5
102 17 39 -1 4
103 41 102 15 5
104 49 59 -1 4
105 41 104 12 5
106 50 51 -1 3
107 44 106 7 5
