24 10 18 -1 1
25 2 21 -1 1
26 6 15 -1 1
27 7 22 -1 1
28 0 5 -1 1
29 8 14 -1 1
30 4 17 -1 1
31 3 20 -1 1
32 1 19 -1 1
33 11 23 -1 1
34 16 24 -1 2
35 18 25 -1 2
36 12 13 -1 1
37 22 28 -1 2
38 0 21 -1 1
39 24 27 -1 2
40 13 26 -1 2
41 9 37 -1 3
42 23 29 -1 2
43 1 9 -1 1
44 14 41 -1 4
45 27 42 -1 3
46 32 37 -1 3
47 26 35 -1 3
48 5 12 -1 1
49 4 6 -1 1
50 2 36 -1 2
51 33 34 -1 3
52 10 40 -1 3
53 3 29 -1 2
54 25 30 -1 2
55 35 48 -1 3
56 8 39 -1 3
57 46 49 -1 4
58 16 30 -1 2
59 9 56 -1 4
60 33 59 7 5
61 16 27 -1 2
62 10 22 -1 1
63 2 45 -1 4
64 34 38 -1 3
65 15 56 -1 4
66 34 53 -1 3
67 48 61 -1 3
68 32 51 -1 4
69 42 55 -1 4
70 7 29 -1 2
71 20 58 -1 3
72 20 47 -1 4
73 6 64 -1 4
74 30 39 -1 3
75 43 53 -1 3
76 42 52 -1 4
77 33 43 -1 2
78 1 38 -1 2
79 4 39 -1 3
80 50 71 -1 4
81 18 49 -1 2
82 17 50 -1 3
83 38 77 -1 3
84 26 83 9 4
85 42 54 -1 3
86 40 85 4 4
87 33 81 -1 3
88 63 87 14 5
89 5 31 -1 2
90 76 89 5 5
91 66 70 -1 4
92 47 91 8 5
93 29 85 -1 4
94 57 93 3 5
95 1 3 -1 1
96 80 95 17 5
97 43 55 -1 4
98 31 97 21 5
99 70 77 -1 3
100 76 99 10 5
101 6 47 -1 4
102 68 101 20 5
103 21 46 -1 4
104 75 103 23 5
105 19 62 -1 2
106 72 105 18 5
107 31 41 -1 4
108 73 107 1 5
109 43 74 -1 4
110 44 109 13 5
111 11 20 -1 1
112 57 111 22 5
113 36 38 -1 2
114 79 113 15 4
115 45 66 -1 4
116 12 115 6 5
117 46 67 -1 4
118 44 117 19 5
119 1 25 -1 2
120 65 119 16 5
121 30 78 -1 3
122 68 121 2 5
123 45 82 -1 4
124 44 123 0 5
125 19 28 -1 2
126 69 125 12 5
127 27 71 -1 4
128 59 127 11 5
