22 2 4 -1 1
23 9 14 -1 1
24 3 8 -1 1
25 6 12 -1 1
26 17 19 -1 1
27 0 22 -1 2
28 5 11 -1 1
29 15 18 -1 1
30 7 19 -1 1
31 16 23 -1 2
32 21 25 -1 2
33 27 30 -1 3
34 10 20 -1 1
35 4 24 -1 2
36 1 13 -1 1
37 15 20 -1 1
38 1 29 -1 2
39 5 6 -1 1
40 27 28 -1 3
41 9 22 -1 2
42 2 36 -1 2
43 10 33 -1 4
44 13 31 -1 3
45 29 34 -1 2
46 3 12 -1 1
47 14 40 -1 4
48 7 28 -1 2
49 21 23 -1 2
50 26 38 -1 3
51 3 31 -1 3
52 24 39 -1 2
53 32 34 -1 3
54 26 49 -1 3
55 17 52 -1 3
56 37 51 -1 4
57 2 45 -1 3
58 37 38 -1 3
59 10 44 -1 4
60 16 25 -1 2
61 50 60 -1 4
62 21 35 -1 3
63 0 50 -1 4
64 15 25 -1 2
65 18 39 -1 2
66 30 49 -1 3
67 23 48 -1 3
68 11 53 -1 4
69 16 52 -1 3
70 11 25 -1 2
71 12 35 -1 3
72 17 36 -1 2
73 9 65 -1 3
74 43 73 10 5
75 58 70 -1 4
76 33 75 0 5
77 11 71 -1 4
78 59 77 14 5
79 37 54 -1 4
80 47 79 1 5
81 12 41 -1 3
82 61 81 11 5
83 37 55 -1 4
84 41 83 16 5
85 29 40 -1 4
86 56 85 4 5
87 8 42 -1 3
88 66 87 8 4
89 54 60 -1 4
90 13 89 7 5
91 4 54 -1 4
92 61 91 13 5
93 26 62 -1 4
94 45 93 12 5
95 38 42 -1 3
96 67 95 6 4
97 14 46 -1 2
98 63 97 9 5
99 24 42 -1 3
100 53 99 20 4
101 3 41 -1 3
102 68 101 19 5
103 4 69 -1 4
104 43 103 15 5
105 5 36 -1 2
106 56 105 5 5
107 48 60 -1 3
108 57 107 2 4
109 54 64 -1 4
110 28 109 17 5
111 46 72 -1 3
112 43 111 3 5
113 13 55 -1 4
114 47 113 18 5
115 9 28 -1 2
116 44 66 -1 4
117 62 115 -1 4
118 116 117 21 5
