26 11 13 -1 1
27 3 7 -1 1
28 0 6 -1 1
29 16 25 -1 1
30 9 14 -1 1
31 19 24 -1 1
32 2 10 -1 1
33 12 28 -1 2
34 1 22 -1 1
35 5 21 -1 1
36 18 27 -1 2
37 23 26 -1 2
38 8 20 -1 1
39 17 31 -1 2
40 4 30 -1 2
41 29 33 -1 3
42 15 25 -1 1
43 5 37 -1 3
44 35 40 -1 3
45 2 19 -1 1
46 22 29 -1 2
47 21 36 -1 3
48 15 34 -1 2
49 32 46 -1 3
50 24 48 -1 3
51 14 32 -1 2
52 8 9 -1 1
53 12 45 -1 2
54 39 40 -1 3
55 44 51 -1 4
56 41 52 -1 4
57 7 52 -1 2
58 34 44 -1 4
59 20 28 -1 2
60 17 50 -1 4
61 13 27 -1 2
62 24 28 -1 2
63 20 45 -1 2
64 10 42 -1 2
65 0 16 -1 1
66 30 49 -1 4
67 1 4 -1 1
68 26 36 -1 3
69 12 38 -1 2
70 43 59 -1 4
71 17 65 -1 2
72 37 49 -1 4
73 25 47 -1 4
74 26 31 -1 2
75 53 61 -1 3
76 11 29 -1 2
77 35 59 -1 3
78 6 18 -1 1
79 42 78 -1 2
80 18 33 -1 3
81 48 68 -1 4
82 36 64 -1 3
83 31 34 -1 2
84 23 59 -1 3
85 13 22 -1 1
86 7 53 -1 3
87 43 85 -1 4
88 3 8 -1 1
89 3 38 -1 2
90 3 5 -1 1
91 41 45 -1 4
92 32 69 -1 3
93 35 48 -1 3
94 27 83 -1 3
95 65 88 -1 2
96 52 62 -1 3
97 37 67 -1 3
98 26 64 -1 3
99 54 82 -1 4
100 62 65 -1 3
101 25 71 -1 3
102 57 77 -1 4
103 5 32 -1 2
104 11 14 -1 1
105 27 39 -1 3
106 4 69 -1 3
107 62 64 -1 3
108 13 17 -1 1
109 33 34 -1 3
110 42 69 -1 3
111 21 76 -1 3
112 51 79 -1 3
113 74 89 -1 3
114 27 71 -1 3
115 33 90 -1 3
116 49 113 -1 4
117 55 116 3 5
118 80 98 -1 4
119 44 118 5 5
120 42 85 -1 2
121 102 120 9 5
122 16 54 -1 4
123 92 122 10 5
124 63 105 -1 4
125 56 124 12 5
126 47 104 -1 4
127 56 126 25 5
128 43 107 -1 4
129 73 128 16 5
130 0 52 -1 2
131 99 130 24 5
132 57 100 -1 4
133 81 132 8 5
134 86 111 -1 4
135 60 134 22 5
136 38 93 -1 4
137 75 136 23 5
138 38 68 -1 4
139 91 138 1 5
140 47 108 -1 4
141 66 140 15 5
142 43 112 -1 4
143 60 142 0 5
144 14 94 -1 4
145 70 144 4 5
146 84 101 -1 4
147 58 146 21 5
148 54 109 -1 4
149 87 148 13 5
150 51 96 -1 4
151 72 150 6 5
152 43 114 -1 4
153 55 152 17 5
154 75 103 -1 4
155 58 154 11 5
156 54 95 -1 4
157 55 156 7 5
158 63 97 -1 4
159 73 158 18 5
160 67 74 -1 3
161 56 160 14 5
162 68 106 -1 4
163 72 162 20 5
164 49 110 -1 4
165 70 164 19 5
166 50 115 -1 4
167 66 166 2 5
