24 0 14 -1 1
25 18 22 -1 1
26 13 15 -1 1
27 10 11 -1 1
28 3 20 -1 1
29 16 17 -1 1
30 1 24 -1 2
31 8 21 -1 1
32 7 28 -1 2
33 4 5 -1 1
34 19 23 -1 1
35 2 25 -1 2
36 12 18 -1 1
37 31 36 -1 2
38 26 27 -1 2
39 1 9 -1 1
40 6 33 -1 2
41 21 23 -1 1
42 10 29 -1 2
43 4 14 -1 1
44 16 34 -1 2
45 12 25 -1 2
46 6 7 -1 1
47 39 43 -1 2
48 35 42 -1 3
49 24 38 -1 3
50 34 37 -1 3
51 32 40 -1 3
52 15 20 -1 1
53 30 38 -1 3
54 30 40 -1 3
55 29 41 -1 2
56 0 23 -1 1
57 7 17 -1 1
58 13 43 -1 2
59 3 47 -1 3
60 26 28 -1 2
61 52 57 -1 2
62 15 16 -1 1
63 22 46 -1 2
64 41 52 -1 2
65 30 44 -1 3
66 8 22 -1 1
67 28 39 -1 2
68 35 38 -1 3
69 2 15 -1 1
70 5 18 -1 1
71 45 55 -1 3
72 0 3 -1 1
73 27 62 -1 2
74 8 13 -1 1
75 11 31 -1 2
76 2 66 -1 2
77 11 12 -1 1
78 2 9 -1 1
79 9 17 -1 1
80 4 19 -1 1
81 2 13 -1 1
82 42 44 -1 3
83 0 31 -1 2
84 9 18 -1 1
85 66 80 -1 2
86 63 70 -1 3
87 8 25 -1 2
88 33 78 -1 2
89 32 35 -1 3
90 6 77 -1 2
91 7 74 -1 2
92 24 37 -1 3
93 11 20 -1 1
94 26 72 -1 2
95 4 62 -1 2
96 10 69 -1 2
97 0 36 -1 2
98 0 29 -1 2
99 27 70 -1 2
100 56 79 -1 2
101 33 66 -1 2
102 33 57 -1 2
103 25 43 -1 2
104 46 81 -1 2
105 60 103 -1 3
106 50 105 20 4
107 73 84 -1 3
108 51 107 15 4
109 37 94 -1 3
110 54 109 13 4
111 39 63 -1 3
112 49 111 6 4
113 44 83 -1 3
114 59 113 10 4
115 30 104 -1 3
116 50 115 4 4
117 42 85 -1 3
118 53 117 14 4
119 60 63 -1 3
120 82 119 11 4
121 11 61 -1 3
122 92 121 7 4
123 61 95 -1 3
124 53 123 23 4
125 67 97 -1 3
126 48 125 8 4
127 30 93 -1 3
128 71 127 16 4
129 45 96 -1 3
130 54 129 18 4
131 58 75 -1 3
132 89 131 22 4
133 61 87 -1 3
134 59 133 19 4
135 45 100 -1 3
136 51 135 0 4
137 38 101 -1 3
138 92 137 21 4
139 47 102 -1 3
140 68 139 3 4
141 64 88 -1 3
142 49 141 12 4
143 56 90 -1 3
144 48 143 9 4
145 76 99 -1 3
146 65 145 5 4
147 67 91 -1 3
148 48 147 2 4
149 58 98 -1 3
150 50 149 17 4
151 38 55 -1 3
152 86 151 1 4
