22 15 18 -1 1
23 1 22 -1 2
24 8 9 -1 1
25 3 11 -1 1
26 12 16 -1 1
27 0 7 -1 1
28 6 17 -1 1
29 4 21 -1 1
30 5 14 -1 1
31 13 20 -1 1
32 8 23 -1 3
33 19 24 -1 2
34 8 29 -1 2
35 10 26 -1 2
36 27 35 -1 3
37 2 11 -1 1
38 0 28 -1 2
39 6 24 -1 2
40 17 21 -1 1
41 5 7 -1 1
42 7 19 -1 1
43 16 41 -1 2
44 31 34 -1 3
45 13 25 -1 2
46 10 23 -1 3
47 25 33 -1 3
48 16 20 -1 1
49 13 14 -1 1
50 20 27 -1 2
51 1 25 -1 2
52 15 30 -1 2
53 18 39 -1 3
54 12 34 -1 3
55 38 43 -1 3
56 12 29 -1 2
57 7 14 -1 1
58 4 43 -1 3
59 2 3 -1 1
60 23 33 -1 3
61 50 60 10 4
62 22 26 -1 2
63 11 42 -1 2
64 2 22 -1 2
65 8 49 -1 2
66 40 48 -1 2
67 21 57 -1 2
68 6 7 -1 1
69 24 31 -1 2
70 24 52 -1 3
71 18 41 -1 2
72 3 30 -1 2
73 2 7 -1 1
74 11 30 -1 2
75 50 64 -1 3
76 53 75 8 4
77 17 65 -1 3
78 36 77 12 4
79 56 72 -1 3
80 36 79 21 4
81 26 67 -1 3
82 32 81 13 4
83 33 62 -1 3
84 44 83 3 4
85 12 71 -1 3
86 47 85 14 4
87 51 73 -1 3
88 44 87 2 4
89 11 69 -1 3
90 46 89 16 4
91 63 64 -1 3
92 55 91 0 4
93 40 45 -1 3
94 53 93 19 4
95 31 51 -1 3
96 36 95 1 4
97 23 28 -1 3
98 58 97 11 4
99 8 59 -1 2
100 97 99 7 4
101 35 66 -1 3
102 32 101 20 4
103 13 35 -1 3
104 70 103 15 4
105 37 48 -1 2
106 53 105 5 4
107 15 63 -1 3
108 54 107 9 4
109 65 68 -1 3
110 60 109 18 4
111 0 59 -1 2
112 60 111 17 4
113 45 52 -1 3
114 32 113 6 4
115 38 74 -1 3
116 46 115 4 4
