26 15 18 -1 1
27 0 1 -1 1
28 20 25 -1 1
29 12 21 -1 1
30 6 16 -1 1
31 2 23 -1 1
32 4 9 -1 1
33 7 22 -1 1
34 11 17 -1 1
35 9 13 -1 1
36 3 21 -1 1
37 8 27 -1 2
38 0 14 -1 1
39 24 28 -1 2
40 10 32 -1 2
41 13 20 -1 1
42 17 26 -1 2
43 11 22 -1 1
44 4 19 -1 1
45 19 29 -1 2
46 33 39 -1 3
47 18 34 -1 2
48 26 31 -1 2
49 15 30 -1 2
50 28 49 -1 3
51 6 12 -1 1
52 10 51 -1 2
53 36 44 -1 2
54 16 36 -1 2
55 0 41 -1 2
56 22 24 -1 1
57 33 35 -1 2
58 21 48 -1 3
59 37 50 -1 4
60 5 14 -1 1
61 24 38 -1 2
62 25 57 -1 3
63 16 40 -1 3
64 1 58 -1 4
65 23 45 -1 3
66 27 35 -1 2
67 35 56 -1 2
68 48 67 -1 3
69 46 49 -1 4
70 68 69 15 5
71 23 42 -1 3
72 5 31 -1 2
73 26 60 -1 2
74 6 61 -1 3
75 10 27 -1 2
76 39 53 -1 3
77 7 23 -1 1
78 38 48 -1 3
79 32 43 -1 2
80 4 25 -1 1
81 30 71 -1 4
82 9 74 -1 4
83 37 44 -1 3
84 8 18 -1 1
85 31 62 -1 4
86 38 63 -1 4
87 29 54 -1 3
88 21 46 -1 4
89 43 65 -1 4
90 0 39 -1 3
91 7 54 -1 3
92 58 77 -1 4
93 32 33 -1 2
94 18 80 -1 2
95 43 50 -1 4
96 29 72 -1 3
97 29 41 -1 2
98 25 54 -1 3
99 21 67 -1 3
100 25 47 -1 3
101 40 49 -1 3
102 66 87 -1 4
103 81 102 4 5
104 43 98 -1 4
105 61 104 9 5
106 29 93 -1 3
107 64 106 14 5
108 52 60 -1 3
109 69 108 1 5
110 19 66 -1 3
111 68 110 7 4
112 71 96 -1 4
113 55 112 24 5
114 37 47 -1 3
115 82 114 10 5
116 0 63 -1 4
117 95 116 12 5
118 9 76 -1 4
119 84 118 22 5
120 8 99 -1 4
121 96 120 11 5
122 47 65 -1 4
123 39 122 25 5
124 53 78 -1 4
125 81 124 21 5
126 27 79 -1 3
127 88 126 19 5
128 73 83 -1 4
129 11 128 13 5
130 1 65 -1 4
131 85 130 18 5
132 14 101 -1 4
133 47 132 23 5
134 42 57 -1 3
135 86 134 0 5
136 24 97 -1 3
137 59 136 3 5
138 8 40 -1 3
139 92 138 8 5
140 12 83 -1 4
141 50 140 5 5
142 18 55 -1 3
143 89 142 16 5
144 47 91 -1 4
145 75 144 17 5
146 52 100 -1 4
147 64 146 2 5
148 78 90 -1 4
149 85 148 6 5
150 58 94 -1 4
151 59 150 20 5
