22 6 12 -1 1
23 5 11 -1 1
24 17 19 -1 1
25 2 3 -1 1
26 4 9 -1 1
27 15 18 -1 1
28 13 14 -1 1
29 8 25 -1 2
30 0 20 -1 1
31 7 19 -1 1
32 9 21 -1 1
33 10 26 -1 2
34 1 14 -1 1
35 9 16 -1 1
36 3 34 -1 2
37 2 23 -1 2
38 0 7 -1 1
39 22 30 -1 2
40 5 29 -1 3
41 15 17 -1 1
42 22 34 -1 2
43 18 31 -1 2
44 24 27 -1 2
45 11 28 -1 2
46 12 24 -1 2
47 5 33 -1 3
48 10 38 -1 2
49 4 18 -1 1
50 23 35 -1 2
51 3 50 -1 3
52 4 13 -1 1
53 0 18 -1 1
54 17 29 -1 3
55 30 32 -1 2
56 23 39 -1 3
57 4 42 -1 3
58 2 56 -1 4
59 33 55 -1 3
60 1 5 -1 1
61 7 29 -1 3
62 40 41 -1 4
63 1 26 -1 2
64 12 16 -1 1
65 25 38 -1 2
66 10 28 -1 2
67 14 49 -1 2
68 29 42 -1 3
69 66 68 20 4
70 27 57 -1 4
71 21 70 13 5
72 6 47 -1 4
73 43 72 10 5
74 8 51 -1 4
75 31 74 21 5
76 0 47 -1 4
77 58 76 19 5
78 27 28 -1 2
79 37 78 6 3
80 36 61 -1 4
81 32 80 8 5
82 28 35 -1 2
83 46 82 7 3
84 33 64 -1 3
85 45 84 14 4
86 55 56 -1 4
87 41 86 17 5
88 45 54 -1 4
89 6 88 18 5
90 40 48 -1 4
91 16 90 15 5
92 1 51 -1 4
93 45 92 5 5
94 36 44 -1 3
95 53 94 9 4
96 43 60 -1 3
97 56 96 0 4
98 44 63 -1 3
99 2 98 11 4
100 27 48 -1 3
101 56 100 2 4
102 30 50 -1 3
103 67 102 4 4
104 44 59 -1 4
105 0 104 12 5
106 24 55 -1 3
107 37 106 1 4
108 46 52 -1 3
109 65 108 3 4
110 4 20 -1 1
111 62 110 16 5
