24 13 22 -1 1
25 11 18 -1 1
26 2 17 -1 1
27 6 16 -1 1
28 14 15 -1 1
29 4 19 -1 1
30 1 10 -1 1
31 7 8 -1 1
32 9 20 -1 1
33 21 24 -1 2
34 5 29 -1 2
35 3 31 -1 2
36 0 5 -1 1
37 16 25 -1 2
38 27 32 -1 2
39 23 35 -1 3
40 1 9 -1 1
41 0 26 -1 2
42 2 28 -1 2
43 15 37 -1 3
44 13 28 -1 2
45 6 40 -1 2
46 3 43 -1 4
47 11 33 -1 3
48 18 30 -1 2
49 25 34 -1 3
50 22 43 -1 4
51 35 44 -1 3
52 38 42 -1 3
53 14 21 -1 1
54 7 10 -1 1
55 19 24 -1 2
56 1 29 -1 2
57 4 42 -1 3
58 20 48 -1 3
59 8 47 -1 4
60 36 51 -1 4
61 26 34 -1 3
62 47 58 -1 4
63 12 30 -1 2
64 60 63 22 5
65 39 61 -1 4
66 24 65 16 5
67 9 49 -1 4
68 39 67 9 5
69 8 36 -1 2
70 47 56 -1 4
71 18 53 -1 2
72 54 71 -1 3
73 20 36 -1 2
74 22 73 -1 3
75 41 56 -1 3
76 55 63 -1 3
77 10 32 -1 2
78 58 74 -1 4
79 57 77 -1 4
80 2 27 -1 2
81 12 69 -1 3
82 17 45 -1 3
83 19 54 -1 2
84 5 28 -1 2
85 11 45 -1 3
86 32 53 -1 2
87 18 45 -1 3
88 17 33 -1 3
89 57 74 -1 4
90 46 89 20 5
91 3 80 -1 3
92 70 91 13 5
93 72 75 -1 4
94 36 93 21 5
95 23 81 -1 4
96 50 95 6 5
97 55 75 -1 4
98 46 97 1 5
99 41 72 -1 4
100 38 99 3 5
101 12 28 -1 2
102 62 101 14 5
103 52 77 -1 4
104 59 103 18 5
105 52 88 -1 4
106 46 105 2 5
107 26 38 -1 3
108 76 107 5 4
109 40 83 -1 3
110 59 109 10 5
111 41 49 -1 4
112 62 111 0 5
113 44 52 -1 4
114 67 113 8 5
115 51 82 -1 4
116 46 115 15 5
117 7 49 -1 4
118 79 117 12 5
119 5 52 -1 4
120 78 119 4 5
121 11 84 -1 3
122 65 121 17 5
123 39 87 -1 4
124 50 123 23 5
125 55 86 -1 3
126 50 125 7 5
127 7 85 -1 4
128 60 127 19 5
129 53 75 -1 4
130 2 36 -1 2
131 16 130 -1 3
132 23 33 -1 3
133 131 132 -1 4
134 129 133 11 5
