26 11 13 -1 1
27 3 7 -1 1
28 8 16 -1 1
29 6 25 -1 1
30 10 14 -1 1
31 0 26 -1 2
32 2 12 -1 1
33 4 9 -1 1
34 19 24 -1 1
35 5 21 -1 1
36 20 27 -1 2
37 15 22 -1 1
38 17 30 -1 2
39 10 23 -1 1
40 31 39 -1 3
41 9 18 -1 1
42 1 33 -1 2
43 24 29 -1 2
44 28 36 -1 3
45 21 27 -1 2
46 32 44 -1 4
47 2 38 -1 3
48 3 16 -1 1
49 25 34 -1 2
50 12 29 -1 2
51 25 41 -1 2
52 0 48 -1 2
53 22 33 -1 2
54 1 30 -1 2
55 9 43 -1 3
56 13 45 -1 3
57 37 52 -1 3
58 38 49 -1 3
59 23 42 -1 3
60 16 35 -1 2
61 41 50 -1 3
62 22 54 -1 3
63 26 53 -1 3
64 7 15 -1 1
65 31 57 -1 4
66 42 50 -1 3
67 19 60 -1 3
68 5 62 -1 4
69 51 56 -1 4
70 39 53 -1 3
71 28 40 -1 4
72 28 52 -1 3
73 33 40 -1 4
74 29 57 -1 4
75 5 66 -1 4
76 20 60 -1 3
77 35 51 -1 3
78 45 72 -1 4
79 47 59 -1 4
80 15 61 -1 4
81 44 63 -1 4
82 0 6 -1 1
83 2 19 -1 1
84 27 33 -1 2
85 1 32 -1 2
86 30 35 -1 2
87 4 58 -1 4
88 24 28 -1 2
89 53 56 -1 4
90 40 64 -1 4
91 17 82 -1 2
92 37 44 -1 4
93 29 70 -1 4
94 6 32 -1 2
95 5 49 -1 3
96 16 45 -1 3
97 8 51 -1 3
98 34 84 -1 3
99 18 29 -1 2
100 24 99 -1 3
101 9 35 -1 2
102 32 43 -1 3
103 34 36 -1 3
104 20 83 -1 2
105 14 48 -1 2
106 49 85 -1 3
107 11 39 -1 2
108 7 95 -1 4
109 81 108 3 5
110 58 107 -1 4
111 75 110 13 5
112 38 76 -1 4
113 93 112 21 5
114 22 47 -1 4
115 69 114 15 5
116 57 102 -1 4
117 68 116 2 5
118 31 66 -1 4
119 88 118 14 5
120 12 54 -1 3
121 89 120 11 5
122 67 85 -1 4
123 92 122 23 5
124 55 91 -1 4
125 46 124 12 5
126 55 77 -1 4
127 90 126 16 5
128 67 72 -1 4
129 47 128 7 5
130 30 55 -1 4
131 71 130 6 5
132 44 101 -1 4
133 74 132 9 5
134 56 106 -1 4
135 65 134 22 5
136 61 105 -1 4
137 78 136 25 5
138 63 100 -1 4
139 79 138 0 5
140 41 70 -1 4
141 46 140 20 5
142 47 98 -1 4
143 46 142 10 5
144 37 94 -1 3
145 71 144 19 5
146 64 72 -1 4
147 87 146 24 5
148 31 99 -1 3
149 46 148 1 5
150 59 104 -1 4
151 69 150 18 5
152 17 96 -1 4
153 73 152 17 5
154 31 86 -1 3
155 80 154 5 5
156 43 97 -1 4
157 65 156 8 5
158 40 103 -1 4
159 68 158 4 5
