26 9 18 -1 1
27 0 15 -1 1
28 2 23 -1 1
29 24 25 -1 1
30 7 22 -1 1
31 10 17 -1 1
32 4 20 -1 1
33 11 18 -1 1
34 14 16 -1 1
35 1 8 -1 1
36 13 27 -1 2
37 0 21 -1 1
38 19 23 -1 1
39 20 26 -1 2
40 27 32 -1 2
41 5 20 -1 1
42 7 37 -1 2
43 35 40 -1 3
44 1 25 -1 1
45 6 17 -1 1
46 15 44 -1 2
47 12 22 -1 1
48 12 36 -1 3
49 10 34 -1 2
50 9 22 -1 1
51 22 29 -1 2
52 28 39 -1 3
53 21 33 -1 2
54 11 45 -1 2
55 17 48 -1 4
56 4 45 -1 2
57 42 50 -1 3
58 30 49 -1 3
59 10 40 -1 3
60 38 53 -1 3
61 24 28 -1 2
62 30 52 -1 4
63 16 36 -1 3
64 3 8 -1 1
65 24 41 -1 2
66 15 43 -1 4
67 43 63 -1 4
68 18 51 -1 3
69 16 33 -1 2
70 39 64 -1 3
71 14 54 -1 3
72 8 47 -1 2
73 6 40 -1 3
74 3 23 -1 1
75 46 54 -1 3
76 2 46 -1 3
77 7 52 -1 4
78 3 34 -1 2
79 12 58 -1 4
80 55 79 0 5
81 1 32 -1 2
82 62 81 14 5
83 26 71 -1 4
84 8 83 10 5
85 17 29 -1 2
86 60 85 25 4
87 50 59 -1 4
88 11 87 12 5
89 68 69 -1 4
90 37 89 9 5
91 13 72 -1 3
92 61 91 11 4
93 51 57 -1 4
94 32 93 19 5
95 33 43 -1 4
96 41 95 13 5
97 36 57 -1 4
98 76 97 18 5
99 39 42 -1 3
100 59 99 8 4
101 13 25 -1 1
102 77 101 15 5
103 15 58 -1 4
104 65 103 1 5
105 29 70 -1 4
106 19 105 22 5
107 49 56 -1 3
108 26 107 23 4
109 21 41 -1 2
110 55 109 24 5
111 14 61 -1 3
112 62 111 6 5
113 31 69 -1 3
114 42 113 17 4
115 46 68 -1 4
116 38 115 7 5
117 6 28 -1 2
118 66 117 20 5
119 47 60 -1 4
120 20 119 16 5
121 37 78 -1 3
122 56 121 21 4
123 26 74 -1 2
124 55 123 4 5
125 10 28 -1 2
126 75 125 2 4
127 29 73 -1 4
128 67 127 3 5
129 25 48 -1 4
130 67 129 5 5
