18 7 10 -1 1
19 4 6 -1 1
20 13 17 -1 1
21 2 16 -1 1
22 18 19 -1 2
23 11 12 -1 1
24 0 14 -1 1
25 1 9 -1 1
26 5 20 -1 2
27 4 12 -1 1
28 15 24 -1 2
29 8 9 -1 1
30 16 26 -1 3
31 3 26 -1 3
32 6 11 -1 1
33 13 27 -1 2
34 14 21 -1 2
35 3 23 -1 2
36 0 26 -1 3
37 28 32 -1 3
38 8 15 -1 1
39 22 35 -1 3
40 10 27 -1 2
41 21 29 -1 2
42 22 41 12 3
43 22 30 -1 4
44 11 43 3 5
45 2 33 -1 3
46 37 45 0 4
47 18 28 -1 3
48 1 22 -1 3
49 17 35 -1 3
50 4 48 -1 4
51 36 50 14 5
52 33 38 -1 3
53 30 52 5 4
54 31 45 -1 4
55 25 54 16 5
56 9 17 -1 1
57 43 56 9 5
58 14 39 -1 4
59 13 58 2 5
60 0 41 -1 3
61 23 60 6 4
62 7 29 -1 2
63 49 62 4 4
64 21 39 -1 4
65 12 64 10 5
66 1 20 -1 2
67 37 66 17 4
68 3 25 -1 2
69 39 68 13 4
70 20 40 -1 3
71 34 70 15 4
72 19 34 -1 3
73 38 72 7 4
74 16 25 -1 2
75 47 74 11 4
76 34 36 -1 4
77 25 76 1 5
78 36 40 -1 4
79 39 78 8 5
