16 0 1 -1 1
17 8 10 -1 1
18 14 16 -1 2
19 5 12 -1 1
20 2 4 -1 1
21 3 17 -1 2
22 11 13 -1 1
23 6 15 -1 1
24 5 18 -1 3
25 19 21 -1 3
26 20 25 -1 4
27 24 26 1 5
28 22 24 -1 4
29 4 16 -1 2
30 11 18 -1 3
31 23 29 -1 3
32 18 20 -1 3
33 6 9 -1 1
34 0 3 -1 1
35 2 10 -1 1
36 13 24 -1 4
37 8 32 -1 4
38 2 3 -1 1
39 22 25 -1 4
40 5 14 -1 1
41 16 21 -1 3
42 6 7 -1 1
43 15 19 -1 2
44 32 43 9 4
45 2 25 -1 4
46 1 45 4 5
47 23 30 -1 4
48 38 47 15 5
49 25 33 -1 4
50 14 49 13 5
51 34 42 -1 2
52 26 51 0 5
53 30 33 -1 4
54 17 53 12 5
55 4 8 -1 1
56 36 55 6 5
57 7 40 -1 2
58 39 57 14 5
59 8 9 -1 1
60 39 59 7 5
61 13 17 -1 2
62 31 61 10 4
63 6 35 -1 2
64 28 63 3 5
65 57 63 -1 3
66 44 65 11 5
67 3 15 -1 1
68 28 67 8 5
69 1 23 -1 2
70 37 69 5 5
71 32 41 -1 4
72 36 71 2 5
