18 0 15 -1 1
19 5 10 -1 1
20 1 6 -1 1
21 13 18 -1 2
22 8 16 -1 1
23 2 21 -1 3
24 17 19 -1 2
25 3 9 -1 1
26 11 14 -1 1
27 5 12 -1 1
28 4 7 -1 1
29 15 24 -1 3
30 0 25 -1 2
31 19 21 -1 3
32 1 22 -1 2
33 20 31 -1 4
34 23 27 -1 4
35 2 32 -1 3
36 5 11 -1 1
37 14 16 -1 1
38 19 26 -1 2
39 30 32 -1 3
40 27 28 -1 2
41 29 37 -1 4
42 26 31 -1 4
43 40 42 10 5
44 15 36 -1 2
45 25 37 -1 2
46 9 35 -1 4
47 20 24 -1 3
48 23 28 -1 4
49 9 27 -1 2
50 48 49 16 5
51 15 47 -1 4
52 4 35 -1 4
53 3 8 -1 1
54 16 39 -1 4
55 38 54 13 5
56 3 36 -1 2
57 48 56 12 5
58 18 49 -1 3
59 32 58 7 4
60 4 39 -1 4
61 33 60 2 5
62 21 29 -1 4
63 32 62 4 5
64 47 49 -1 4
65 23 64 0 5
66 8 14 -1 1
67 33 66 14 5
68 38 45 -1 3
69 33 68 11 5
70 17 22 -1 2
71 42 70 1 5
72 29 53 -1 4
73 34 72 5 5
74 12 30 -1 3
75 51 74 3 5
76 13 40 -1 3
77 33 76 6 5
78 4 20 -1 2
79 41 78 17 5
80 4 23 -1 4
81 41 80 8 5
82 6 44 -1 3
83 46 82 15 5
84 18 26 -1 2
85 52 84 9 5
