24 9 12 -1 1
25 3 6 -1 1
26 15 22 -1 1
27 7 24 -1 2
28 18 20 -1 1
29 4 13 -1 1
30 2 23 -1 1
31 1 19 -1 1
32 0 11 -1 1
33 8 26 -1 2
34 0 5 -1 1
35 4 10 -1 1
36 27 29 -1 3
37 25 30 -1 2
38 9 21 -1 1
39 15 17 -1 1
40 11 23 -1 1
41 14 28 -1 2
42 16 32 -1 2
43 31 35 -1 2
44 25 27 -1 3
45 14 44 -1 4
46 24 37 -1 3
47 43 46 14 4
48 7 16 -1 1
49 2 6 -1 1
50 18 39 -1 2
51 33 40 -1 3
52 21 26 -1 2
53 0 25 -1 2
54 21 34 -1 2
55 10 49 -1 2
56 8 17 -1 1
57 19 36 -1 4
58 5 28 -1 2
59 13 51 -1 4
60 2 34 -1 2
61 6 36 -1 4
62 8 20 -1 1
63 1 15 -1 1
64 13 52 -1 3
65 3 31 -1 2
66 14 65 -1 3
67 61 66 20 5
68 31 41 -1 3
69 38 43 -1 3
70 19 48 -1 2
71 12 50 -1 3
72 24 60 -1 3
73 12 35 -1 2
74 13 70 -1 3
75 26 44 -1 4
76 41 54 -1 3
77 56 69 -1 4
78 9 18 -1 1
79 42 55 -1 3
80 54 56 -1 3
81 62 63 -1 2
82 29 71 -1 4
83 27 34 -1 3
84 33 50 -1 3
85 5 10 -1 1
86 1 28 -1 2
87 26 55 -1 3
88 11 38 -1 2
89 15 68 -1 4
90 83 89 0 5
91 53 74 -1 4
92 68 91 19 5
93 37 84 -1 4
94 58 93 7 5
95 60 73 -1 3
96 33 95 8 4
97 30 80 -1 4
98 48 97 10 5
99 31 62 -1 2
100 47 99 13 5
101 43 52 -1 3
102 61 101 3 5
103 63 79 -1 4
104 38 103 23 5
105 7 76 -1 4
106 57 105 5 5
107 42 62 -1 3
108 61 107 2 5
109 19 87 -1 4
110 45 109 18 5
111 64 66 -1 4
112 32 111 12 5
113 8 42 -1 3
114 45 113 16 5
115 36 46 -1 4
116 85 115 9 5
117 66 68 -1 4
118 77 117 4 5
119 40 71 -1 4
120 72 119 11 5
121 49 53 -1 3
122 82 121 6 5
123 37 78 -1 3
124 59 123 17 5
125 44 81 -1 4
126 51 125 22 5
127 10 58 -1 3
128 75 127 1 5
129 6 86 -1 3
130 59 129 15 5
131 51 88 -1 4
132 57 131 21 5
