22 15 18 -1 1
23 8 11 -1 1
24 1 22 -1 2
25 7 21 -1 1
26 0 16 -1 1
27 2 20 -1 1
28 10 24 -1 3
29 3 23 -1 2
30 9 13 -1 1
31 8 26 -1 2
32 4 5 -1 1
33 12 31 -1 3
34 6 17 -1 1
35 22 27 -1 2
36 14 25 -1 2
37 12 19 -1 1
38 28 33 -1 4
39 13 29 -1 3
40 25 30 -1 2
41 37 40 -1 3
42 29 34 -1 3
43 6 7 -1 1
44 17 24 -1 3
45 11 32 -1 2
46 0 20 -1 1
47 18 36 -1 3
48 36 45 -1 3
49 16 35 -1 3
50 31 35 -1 3
51 9 37 -1 2
52 20 51 -1 3
53 2 16 -1 1
54 17 46 -1 2
55 21 54 -1 3
56 28 43 -1 4
57 24 35 -1 3
58 11 13 -1 1
59 3 10 -1 1
60 5 44 -1 4
61 5 50 -1 4
62 15 37 -1 2
63 4 57 -1 4
64 2 24 -1 3
65 30 49 -1 4
66 32 39 -1 4
67 24 25 -1 3
68 0 36 -1 3
69 3 53 -1 2
70 45 53 -1 3
71 36 58 -1 3
72 12 28 -1 4
73 20 42 -1 4
74 5 40 -1 3
75 35 43 -1 3
76 6 23 -1 2
77 65 76 5 5
78 43 70 -1 4
79 44 78 11 5
80 4 41 -1 4
81 49 80 3 5
82 42 64 -1 4
83 9 82 7 5
84 44 71 -1 4
85 38 84 12 5
86 43 50 -1 4
87 9 86 8 5
88 33 67 -1 4
89 52 88 10 5
90 19 68 -1 4
91 38 90 13 5
92 39 47 -1 4
93 63 92 2 5
94 18 40 -1 3
95 73 94 19 5
96 5 55 -1 4
97 38 96 20 5
98 8 62 -1 3
99 48 98 9 4
100 19 42 -1 4
101 61 100 0 5
102 48 55 -1 4
103 56 102 4 5
104 36 41 -1 4
105 56 104 18 5
106 39 75 -1 4
107 38 106 1 5
108 48 59 -1 4
109 31 108 21 5
110 47 74 -1 4
111 38 110 15 5
112 37 94 -1 4
113 66 112 14 5
114 14 39 -1 4
115 60 114 6 5
116 52 69 -1 4
117 38 116 17 5
118 39 52 -1 4
119 72 118 16 5
