48 15 39 -1
49 1 25 -1
50 24 46 -1
51 48 49 -1
52 50 51 1
53 0 22 -1
54 51 53 25
55 7 21 -1
56 52 54 -1
57 55 56 46
58 31 45 -1
59 56 58 22
60 23 47 -1
61 32 46 -1
62 49 60 -1
63 61 62 23
64 8 22 -1
65 62 64 47
66 7 17 -1
67 63 65 -1
68 66 67 32
69 31 41 -1
70 67 69 8
71 9 33 -1
72 8 18 -1
73 60 71 -1
74 72 73 33
75 32 42 -1
76 73 75 9
77 5 29 -1
78 0 38 -1
79 48 77 -1
80 78 79 15
81 14 24 -1
82 79 81 39
83 11 21 -1
84 80 82 -1
85 83 84 24
86 35 45 -1
87 84 86 0
88 6 20 -1
89 85 87 -1
90 88 89 45
91 30 44 -1
92 89 91 21
93 27 41 -1
94 72 75 -1
95 34 94 -1
96 93 95 18
97 3 17 -1
98 10 94 -1
99 97 98 42
100 12 26 -1
101 93 97 -1
102 100 101 3
103 2 36 -1
104 101 103 27
105 102 104 -1
106 33 47 -1
107 105 106 12
108 73 107 36
109 30 40 -1
110 57 59 -1
111 47 110 -1
112 109 111 7
113 6 16 -1
114 60 111 -1
115 113 114 31
116 109 113 -1
117 15 116 -1
118 25 117 40
119 51 118 16
120 26 40 -1
121 66 106 -1
122 69 121 -1
123 120 122 17
124 2 16 -1
125 122 124 -1
126 73 125 41
127 123 125 -1
128 25 127 -1
129 47 128 2
130 62 129 26
131 88 91 -1
132 5 22 -1
133 131 132 -1
134 15 133 30
135 39 131 -1
136 29 135 -1
137 46 136 6
138 19 43 -1
139 28 38 -1
140 77 138 -1
141 86 139 -1
142 140 141 5
143 4 14 -1
144 83 143 -1
145 140 144 29
146 35 37 -1
147 139 143 -1
148 146 147 14
149 11 13 -1
150 147 149 38
151 10 20 -1
152 148 150 -1
153 151 152 35
154 34 44 -1
155 152 154 11
156 151 154 -1
157 19 156 -1
158 5 157 44
159 140 158 20
160 28 42 -1
161 71 138 -1
162 160 161 -1
163 35 162 19
164 4 18 -1
165 161 164 -1
166 11 165 43
167 3 37 -1
168 162 165 -1
169 167 168 28
170 13 27 -1
171 168 170 4
172 169 171 -1
173 10 12 -1
174 172 173 37
175 34 36 -1
176 172 175 13
177 174 176 -1
178 19 177 -1
179 9 178 34
180 161 179 10
