48 11 35 -1
49 22 46 -1
50 24 37 -1
51 48 49 -1
52 50 51 11
53 0 13 -1
54 51 53 35
55 27 38 -1
56 50 53 -1
57 55 56 13
58 3 14 -1
59 56 58 37
60 12 36 -1
61 2 13 -1
62 48 60 -1
63 61 62 36
64 26 37 -1
65 62 64 12
66 3 16 -1
67 63 65 -1
68 66 67 26
69 27 40 -1
70 67 69 2
71 1 25 -1
72 2 15 -1
73 60 71 -1
74 72 73 25
75 26 39 -1
76 73 75 1
77 9 33 -1
78 0 23 -1
79 49 77 -1
80 78 79 46
81 24 47 -1
82 79 81 22
83 80 82 -1
84 25 38 -1
85 83 84 0
86 1 14 -1
87 83 86 24
88 28 39 -1
89 84 86 -1
90 88 89 14
91 4 15 -1
92 89 91 38
93 20 44 -1
94 34 47 -1
95 77 93 -1
96 94 95 9
97 10 23 -1
98 95 97 33
99 96 98 -1
100 1 12 -1
101 99 100 47
102 73 101 23
103 7 31 -1
104 10 21 -1
105 93 103 -1
106 104 105 44
107 34 45 -1
108 105 107 20
109 104 107 -1
110 11 12 -1
111 109 110 34
112 62 111 10
113 18 42 -1
114 8 21 -1
115 103 113 -1
116 114 115 31
117 32 45 -1
118 115 117 7
119 114 117 -1
120 22 119 -1
121 11 120 45
122 51 121 21
123 5 29 -1
124 32 43 -1
125 113 123 -1
126 124 125 18
127 8 19 -1
128 125 127 42
129 124 127 -1
130 33 46 -1
131 129 130 8
132 79 131 32
133 6 17 -1
134 68 100 -1
135 70 134 -1
136 133 135 40
137 30 41 -1
138 73 137 -1
139 135 138 16
140 133 137 -1
141 44 140 -1
142 31 141 6
143 105 142 30
144 28 41 -1
145 57 59 -1
146 36 145 -1
147 144 146 3
148 4 17 -1
149 12 148 -1
150 145 149 27
151 90 92 -1
152 29 50 -1
153 151 152 -1
154 42 153 4
155 56 125 -1
156 154 155 28
157 48 148 -1
158 144 157 -1
159 31 42 -1
160 158 159 17
161 115 160 41
162 74 76 -1
163 5 162 -1
164 0 16 -1
165 163 164 39
166 24 123 -1
167 40 166 -1
168 163 167 15
169 30 43 -1
170 83 168 -1
171 165 170 -1
172 169 171 5
173 6 19 -1
174 171 173 29
175 172 174 -1
176 9 175 -1
177 20 176 43
178 95 177 19
