48 0 24 -1
49 23 47 -1
50 9 22 -1
51 48 49 -1
52 50 51 47
53 33 46 -1
54 51 53 23
55 32 43 -1
56 52 54 -1
57 55 56 9
58 8 19 -1
59 56 58 33
60 29 42 -1
61 57 59 -1
62 60 61 19
63 5 18 -1
64 61 63 43
65 10 34 -1
66 33 44 -1
67 49 65 -1
68 66 67 10
69 9 20 -1
70 67 69 34
71 6 19 -1
72 68 70 -1
73 71 72 44
74 30 43 -1
75 72 74 20
76 13 37 -1
77 35 46 -1
78 48 76 -1
79 77 78 0
80 11 22 -1
81 78 80 24
82 8 21 -1
83 77 80 -1
84 82 83 46
85 32 45 -1
86 83 85 22
87 31 42 -1
88 82 85 -1
89 87 88 8
90 7 18 -1
91 88 90 32
92 2 26 -1
93 35 36 -1
94 76 92 -1
95 93 94 13
96 11 12 -1
97 94 96 37
98 95 97 -1
99 34 98 -1
100 45 99 11
101 21 65 -1
102 99 101 35
103 7 20 -1
104 45 101 -1
105 103 104 45
106 31 44 -1
107 104 106 21
108 30 41 -1
109 105 107 -1
110 108 109 7
111 6 17 -1
112 109 111 31
113 15 39 -1
114 25 36 -1
115 92 113 -1
116 114 115 2
117 1 12 -1
118 115 117 26
119 114 117 -1
120 34 47 -1
121 119 120 12
122 67 121 36
123 4 28 -1
124 25 38 -1
125 113 123 -1
126 124 125 15
127 1 14 -1
128 125 127 39
129 124 127 -1
130 23 129 -1
131 0 130 25
132 51 131 1
133 27 40 -1
134 112 120 -1
135 110 134 -1
136 133 135 17
137 3 16 -1
138 67 135 -1
139 137 138 41
140 133 137 -1
141 13 140 -1
142 2 141 27
143 94 142 3
144 29 40 -1
145 71 74 -1
146 47 145 -1
147 144 146 6
148 5 16 -1
149 49 146 -1
150 148 149 30
151 48 148 -1
152 144 151 -1
153 26 152 -1
154 39 153 16
155 115 154 40
156 62 64 -1
157 15 80 -1
158 156 157 -1
159 4 158 29
160 83 125 -1
161 159 160 5
162 89 91 -1
163 28 41 -1
164 35 163 -1
165 162 164 18
166 4 11 -1
167 17 166 -1
168 162 167 42
169 27 38 -1
170 98 168 -1
171 165 170 -1
172 169 171 4
173 3 14 -1
174 171 173 28
175 169 173 -1
176 13 175 -1
177 0 176 38
178 78 177 14
