48 0 36 -1
49 15 27 -1
50 34 37 -1
51 48 49 -1
52 50 51 0
53 1 22 -1
54 51 53 36
55 35 44 -1
56 50 53 -1
57 55 56 22
58 8 23 -1
59 56 58 34
60 9 18 -1
61 55 58 -1
62 60 61 44
63 30 45 -1
64 61 63 8
65 6 42 -1
66 1 28 -1
67 49 65 -1
68 66 67 15
69 16 37 -1
70 67 69 27
71 2 23 -1
72 66 69 -1
73 71 72 37
74 35 38 -1
75 72 74 1
76 9 12 -1
77 73 75 -1
78 76 77 35
79 24 45 -1
80 77 79 23
81 31 46 -1
82 76 79 -1
83 81 82 9
84 10 19 -1
85 82 84 45
86 5 20 -1
87 83 85 -1
88 86 87 31
89 32 41 -1
90 87 89 19
91 21 33 -1
92 34 43 -1
93 48 91 -1
94 92 93 21
95 7 22 -1
96 93 95 33
97 94 96 -1
98 29 44 -1
99 97 98 7
100 8 17 -1
101 97 100 43
102 98 100 -1
103 30 39 -1
104 102 103 -1
105 46 104 17
106 3 18 -1
107 10 102 -1
108 106 107 29
109 13 40 -1
110 103 106 -1
111 109 110 3
112 4 25 -1
113 110 112 39
114 26 47 -1
115 109 112 -1
116 114 115 13
117 11 14 -1
118 115 117 25
119 116 118 -1
120 33 36 -1
121 119 120 11
122 93 121 47
123 60 63 -1
124 4 19 -1
125 123 124 -1
126 11 125 30
127 31 40 -1
128 47 127 -1
129 123 128 18
130 5 26 -1
131 0 130 -1
132 124 127 -1
133 131 132 40
134 14 41 -1
135 131 134 -1
136 27 135 14
137 51 136 26
138 36 132 -1
139 134 138 4
140 86 89 -1
141 6 140 -1
142 15 141 -1
143 22 142 41
144 135 141 -1
145 122 144 32
146 65 91 -1
147 145 146 20
148 67 142 -1
149 34 148 5
150 16 146 -1
151 7 150 -1
152 23 151 42
153 35 146 -1
154 28 153 -1
155 43 154 6
156 82 110 -1
157 123 156 -1
158 10 13 -1
159 157 158 24
160 25 46 -1
161 157 160 12
162 159 161 -1
163 20 162 -1
164 11 163 46
165 32 162 -1
166 47 165 10
167 80 104 -1
168 64 167 -1
169 39 168 -1
170 3 169 38
171 157 170 2
172 74 155 -1
173 17 172 -1
174 151 173 -1
175 169 174 16
176 12 174 28
