48 4 34 -1
49 23 41 -1
50 48 49 -1
51 29 50 23
52 6 18 -1
53 50 52 41
54 24 36 -1
55 52 54 -1
56 49 55 24
57 11 29 -1
58 55 57 36
59 16 46 -1
60 57 59 -1
61 41 60 11
62 52 60 29
63 21 39 -1
64 48 59 -1
65 63 64 4
66 9 27 -1
67 64 66 16
68 2 32 -1
69 65 67 -1
70 68 69 39
71 14 44 -1
72 69 71 27
73 19 37 -1
74 70 72 -1
75 73 74 2
76 7 25 -1
77 74 76 14
78 12 42 -1
79 73 76 -1
80 78 79 25
81 0 30 -1
82 79 81 37
83 31 43 -1
84 18 83 -1
85 56 84 6
86 52 84 -1
87 58 86 18
88 5 35 -1
89 80 82 -1
90 88 89 12
91 17 47 -1
92 89 91 0
93 22 40 -1
94 88 93 -1
95 17 94 35
96 30 42 -1
97 94 96 5
98 10 28 -1
99 91 98 -1
100 96 99 17
101 5 99 47
102 15 45 -1
103 93 98 -1
104 102 103 28
105 3 33 -1
106 103 105 40
107 20 38 -1
108 102 105 -1
109 107 108 3
110 8 26 -1
111 108 110 15
112 1 13 -1
113 36 84 -1
114 112 113 1
115 55 114 13
116 8 20 -1
117 115 116 -1
118 31 117 43
119 55 83 -1
120 118 119 31
121 109 111 -1
122 13 121 -1
123 43 122 26
124 31 112 -1
125 122 124 38
126 10 22 -1
127 33 111 -1
128 126 127 45
129 45 126 -1
130 109 129 33
131 9 21 -1
132 32 77 -1
133 131 132 44
134 44 131 -1
135 75 134 32
136 35 47 -1
137 22 136 -1
138 104 137 10
139 10 136 -1
140 106 139 22
141 133 135 -1
142 81 141 -1
143 7 142 19
144 19 89 -1
145 142 144 7
146 34 46 -1
147 21 146 -1
148 72 147 9
149 74 131 -1
150 148 149 21
151 7 144 -1
152 42 151 -1
153 91 152 30
154 88 151 -1
155 30 154 42
156 33 45 -1
157 123 156 -1
158 20 157 8
159 8 125 -1
160 156 159 20
161 11 23 -1
162 65 161 -1
163 46 162 34
164 67 161 -1
165 34 164 46
