32 8 16 -1
33 0 24 -1
34 9 32 -1
35 10 18 -1
36 34 35 -1
37 26 33 -1
38 36 37 0
39 2 38 -1
40 17 39 -1
41 26 40 8
42 1 9 -1
43 40 42 -1
44 10 43 24
45 17 25 -1
46 44 45 -1
47 35 46 16
48 15 23 -1
49 7 31 -1
50 16 45 -1
51 48 49 -1
52 34 51 -1
53 50 52 7
54 17 52 -1
55 1 54 15
56 33 50 -1
57 55 56 -1
58 8 57 23
59 51 57 -1
60 54 59 -1
61 24 60 31
62 3 27 -1
63 11 62 -1
64 41 63 -1
65 38 64 -1
66 59 65 17
67 12 20 -1
68 28 67 -1
69 11 39 -1
70 56 68 -1
71 69 70 2
72 19 53 -1
73 4 71 -1
74 72 73 -1
75 28 74 -1
76 55 75 10
77 19 63 -1
78 20 77 -1
79 74 78 -1
80 58 79 18
81 3 61 -1
82 11 81 -1
83 12 82 -1
84 74 83 26
85 44 72 -1
86 82 85 -1
87 47 86 9
88 51 69 -1
89 85 88 -1
90 64 89 25
91 58 63 -1
92 88 91 -1
93 86 92 1
94 5 21 -1
95 13 29 -1
96 94 95 -1
97 14 96 -1
98 53 97 -1
99 7 98 5
100 55 97 -1
101 22 100 -1
102 31 101 13
103 6 30 -1
104 96 103 -1
105 58 104 -1
106 23 105 21
107 101 105 -1
108 49 50 -1
109 107 108 22
110 45 107 -1
111 24 110 -1
112 48 111 14
113 15 111 -1
114 33 113 6
115 42 98 -1
116 30 115 -1
117 113 116 29
118 7 110 -1
119 8 118 -1
120 23 119 30
121 73 88 -1
122 111 121 -1
123 13 122 -1
124 6 52 -1
125 123 124 4
126 30 57 -1
127 21 126 -1
128 123 127 12
129 29 45 -1
130 115 129 -1
131 123 130 28
132 98 127 -1
133 111 125 -1
134 132 133 20
135 78 94 -1
136 56 135 -1
137 4 129 -1
138 136 137 27
139 12 32 -1
140 13 139 -1
141 0 135 -1
142 140 141 11
143 21 140 -1
144 68 143 -1
145 138 144 19
146 24 29 -1
147 77 146 -1
148 143 147 3
