32 6 23 -1
33 10 27 -1
34 3 7 -1
35 8 14 -1
36 29 34 -1
37 1 32 -1
38 20 30 -1
39 17 33 -1
40 28 39 -1
41 35 36 -1
42 37 40 -1
43 38 41 -1
44 42 43 8
45 11 15 -1
46 21 31 -1
47 12 26 -1
48 0 45 -1
49 46 48 -1
50 25 30 -1
51 49 50 -1
52 42 47 -1
53 27 52 -1
54 51 53 23
55 2 19 -1
56 9 22 -1
57 28 55 -1
58 14 57 -1
59 6 51 -1
60 56 59 -1
61 58 60 -1
62 38 61 0
63 4 13 -1
64 16 29 -1
65 9 63 -1
66 26 64 -1
67 65 66 -1
68 41 67 -1
69 59 68 6
70 5 16 -1
71 7 70 -1
72 39 65 -1
73 50 71 -1
74 72 73 -1
75 61 74 13
76 2 48 -1
77 72 76 -1
78 35 44 -1
79 52 77 -1
80 78 79 2
81 18 22 -1
82 54 81 -1
83 78 82 -1
84 73 83 -1
85 37 84 29
86 24 81 -1
87 32 56 -1
88 0 87 -1
89 64 88 -1
90 86 89 -1
91 77 90 4
92 14 15 -1
93 31 92 -1
94 71 87 -1
95 52 94 -1
96 93 95 7
97 25 61 -1
98 90 92 -1
99 68 97 -1
100 2 98 -1
101 99 100 21
102 4 62 -1
103 16 102 -1
104 80 103 -1
105 46 98 -1
106 104 105 17
107 84 93 -1
108 57 66 -1
109 107 108 -1
110 22 103 -1
111 109 110 16
112 3 88 -1
113 13 112 -1
114 5 11 -1
115 113 114 -1
116 108 115 11
117 11 17 -1
118 81 117 -1
119 84 118 -1
120 30 119 -1
121 58 98 -1
122 120 121 26
123 21 119 -1
124 62 77 -1
125 85 123 -1
126 66 125 -1
127 124 126 18
128 81 99 -1
129 123 128 -1
130 32 80 -1
131 129 130 28
132 86 97 -1
133 7 132 -1
134 79 133 -1
135 118 134 -1
136 46 135 24
137 19 64 -1
138 62 134 -1
139 137 138 -1
140 104 139 -1
141 6 140 9
142 111 120 -1
143 76 142 -1
144 80 143 -1
145 137 144 27
146 109 140 -1
147 122 146 -1
148 90 147 -1
149 47 145 -1
150 148 149 15
151 108 147 -1
152 18 128 -1
153 151 152 -1
154 10 153 20
155 100 146 -1
156 94 112 -1
157 129 155 -1
158 156 157 -1
159 86 158 3
160 17 69 -1
161 67 155 -1
162 160 161 -1
163 16 162 10
164 54 89 -1
165 14 156 -1
166 85 165 -1
167 164 166 -1
168 122 167 12
169 106 164 -1
170 121 169 -1
171 5 125 -1
172 170 171 -1
173 101 172 19
174 143 169 -1
175 86 115 -1
176 174 175 -1
177 8 176 25
178 128 161 -1
179 93 105 -1
180 4 179 -1
181 10 178 -1
182 180 181 14
183 36 49 -1
184 26 178 -1
185 183 184 -1
186 174 185 5
187 12 179 -1
188 183 187 -1
189 74 188 -1
190 162 189 30
191 84 188 -1
192 82 184 -1
193 4 191 -1
194 131 193 -1
195 192 194 22
196 178 194 -1
197 174 196 -1
198 96 197 -1
199 157 198 31
200 152 196 -1
201 57 200 -1
202 95 138 -1
203 201 202 1
