32 7 18 -1
33 27 30 -1
34 6 19 -1
35 8 12 -1
36 3 17 -1
37 10 21 -1
38 0 33 -1
39 1 34 -1
40 35 39 -1
41 32 38 -1
42 36 40 -1
43 37 41 -1
44 42 43 11
45 26 31 -1
46 23 25 -1
47 20 45 -1
48 14 46 -1
49 33 47 -1
50 21 40 -1
51 48 50 -1
52 49 51 3
53 11 29 -1
54 2 13 -1
55 9 41 -1
56 47 55 -1
57 53 56 -1
58 8 57 -1
59 54 58 27
60 15 28 -1
61 45 60 -1
62 54 61 -1
63 11 38 -1
64 50 63 -1
65 17 64 -1
66 62 65 29
67 10 42 -1
68 30 67 -1
69 46 68 -1
70 19 69 -1
71 29 61 -1
72 70 71 26
73 16 24 -1
74 53 73 -1
75 1 74 -1
76 20 75 -1
77 69 76 4
78 4 14 -1
79 1 5 -1
80 70 78 -1
81 43 79 -1
82 63 80 -1
83 81 82 14
84 2 34 -1
85 16 84 -1
86 80 85 -1
87 35 60 -1
88 86 87 31
89 23 59 -1
90 65 67 -1
91 0 90 -1
92 85 89 -1
93 91 92 5
94 75 81 -1
95 44 94 -1
96 92 95 -1
97 17 96 -1
98 14 97 21
99 7 22 -1
100 94 99 -1
101 8 100 -1
102 89 101 -1
103 19 102 18
104 22 28 -1
105 82 104 -1
106 0 105 -1
107 34 106 -1
108 50 107 -1
109 24 108 19
110 52 105 -1
111 66 95 -1
112 23 110 -1
113 6 111 -1
114 112 113 13
115 55 61 -1
116 70 112 -1
117 115 116 17
118 5 59 -1
119 88 106 -1
120 16 29 -1
121 119 120 -1
122 118 121 15
123 27 87 -1
124 101 118 -1
125 20 124 -1
126 10 123 -1
127 125 126 0
128 31 111 -1
129 105 128 -1
130 21 129 -1
131 7 130 -1
132 70 131 23
133 18 100 -1
134 4 29 -1
135 108 134 -1
136 133 135 -1
137 123 136 20
138 48 125 -1
139 128 138 -1
140 112 139 -1
141 86 140 -1
142 44 141 10
143 77 115 -1
144 124 133 -1
145 42 143 -1
146 139 145 -1
147 144 146 30
148 129 136 -1
149 81 102 -1
150 148 149 -1
151 147 150 -1
152 119 151 12
153 19 115 -1
154 91 153 -1
155 148 154 -1
156 74 155 8
157 109 142 -1
158 65 80 -1
159 10 157 -1
160 158 159 -1
161 47 160 7
162 96 133 -1
163 103 162 -1
164 83 163 -1
165 61 68 -1
166 164 165 1
167 157 162 -1
168 11 127 -1
169 167 168 -1
170 154 169 -1
171 15 170 9
172 36 156 -1
173 68 159 -1
174 124 172 -1
175 6 173 -1
176 174 175 25
177 76 166 -1
178 120 177 -1
179 81 178 -1
180 33 48 -1
181 179 180 28
182 3 175 -1
183 112 178 -1
184 182 183 -1
185 146 184 6
186 99 149 -1
187 73 137 -1
188 186 187 -1
189 184 188 22
190 132 138 -1
191 58 190 -1
192 29 91 -1
193 191 192 -1
194 104 193 16
195 120 131 -1
196 63 143 -1
197 54 100 -1
198 195 197 -1
199 196 198 24
200 132 194 -1
201 17 159 -1
202 169 200 -1
203 146 201 -1
204 202 203 2
