32 0 14 -1
33 10 20 -1
34 19 29 -1
35 31 32 -1
36 2 18 -1
37 5 35 -1
38 3 34 -1
39 6 33 -1
40 36 37 -1
41 8 26 -1
42 27 38 -1
43 39 42 -1
44 40 41 -1
45 43 44 8
46 17 25 -1
47 9 16 -1
48 11 23 -1
49 44 48 -1
50 12 26 -1
51 46 49 -1
52 47 51 -1
53 50 52 -1
54 27 53 26
55 1 21 -1
56 4 12 -1
57 51 55 -1
58 56 57 -1
59 33 58 -1
60 14 59 -1
61 34 60 0
62 9 28 -1
63 46 62 -1
64 23 63 -1
65 38 64 -1
66 59 65 -1
67 18 66 29
68 7 13 -1
69 50 68 -1
70 16 69 -1
71 65 70 -1
72 25 71 -1
73 40 72 -1
74 31 73 21
75 15 22 -1
76 24 75 -1
77 57 76 -1
78 5 77 -1
79 31 78 -1
80 68 79 -1
81 62 80 18
82 30 52 -1
83 11 82 -1
84 5 83 -1
85 73 84 -1
86 33 85 -1
87 75 86 6
88 54 84 -1
89 10 78 -1
90 36 88 -1
91 23 43 -1
92 89 91 -1
93 90 92 20
94 1 82 -1
95 18 94 -1
96 92 95 -1
97 13 20 -1
98 25 96 -1
99 97 98 15
100 60 96 -1
101 26 100 -1
102 9 101 10
103 52 67 -1
104 15 103 -1
105 90 97 -1
106 17 105 -1
107 104 106 16
108 76 94 -1
109 6 108 -1
110 3 104 -1
111 72 110 -1
112 109 111 31
113 105 109 -1
114 74 113 -1
115 45 114 -1
116 61 115 14
117 9 10 -1
118 19 117 -1
119 27 118 -1
120 113 119 -1
121 21 120 17
122 22 120 -1
123 41 122 -1
124 53 123 -1
125 108 124 -1
126 70 125 12
127 8 125 -1
128 32 127 -1
129 42 128 -1
130 62 129 1
131 56 101 -1
132 111 124 -1
133 14 132 -1
134 131 133 4
135 31 61 -1
136 67 135 -1
137 123 136 -1
138 17 137 27
139 49 138 -1
140 57 139 -1
141 80 140 -1
142 99 132 -1
143 141 142 22
144 15 105 -1
145 68 116 -1
146 139 145 -1
147 144 146 30
148 10 129 -1
149 17 141 -1
150 101 149 -1
151 109 148 -1
152 150 151 11
153 94 147 -1
154 149 153 -1
155 123 154 -1
156 33 155 5
157 91 154 -1
158 101 157 -1
159 25 104 -1
160 158 159 25
161 51 160 -1
162 121 161 -1
163 73 162 -1
164 27 163 7
165 34 81 -1
166 43 165 -1
167 148 166 -1
168 5 167 9
169 7 77 -1
170 102 161 -1
171 74 169 -1
172 170 171 28
173 4 97 -1
174 118 168 -1
175 1 174 -1
176 173 175 -1
177 26 176 23
178 77 155 -1
179 174 178 -1
180 150 179 -1
181 113 180 24
182 110 173 -1
183 114 148 -1
184 53 182 -1
185 183 184 2
186 71 183 -1
187 143 186 -1
188 36 187 -1
189 84 188 -1
190 77 189 13
191 28 102 -1
192 187 191 -1
193 165 192 -1
194 134 193 19
195 37 191 -1
196 45 119 -1
197 50 195 -1
198 196 197 3
