32 11 23 -1
33 5 22 -1
34 6 21 -1
35 2 15 -1
36 12 29 -1
37 17 24 -1
38 20 26 -1
39 31 34 -1
40 35 36 -1
41 32 39 -1
42 38 40 -1
43 33 37 -1
44 41 42 -1
45 43 44 8
46 9 19 -1
47 13 30 -1
48 0 14 -1
49 5 7 -1
50 46 49 -1
51 23 47 -1
52 50 51 -1
53 42 48 -1
54 52 53 16
55 27 28 -1
56 45 55 -1
57 52 56 -1
58 6 26 -1
59 57 58 -1
60 41 59 3
61 8 25 -1
62 3 18 -1
63 24 62 -1
64 46 61 -1
65 33 64 -1
66 63 65 -1
67 34 57 -1
68 66 67 9
69 7 10 -1
70 0 69 -1
71 27 40 -1
72 66 71 -1
73 70 72 23
74 2 16 -1
75 13 74 -1
76 56 72 -1
77 75 76 -1
78 20 37 -1
79 77 78 7
80 1 9 -1
81 18 80 -1
82 77 81 -1
83 60 82 -1
84 6 83 13
85 13 31 -1
86 45 48 -1
87 83 86 -1
88 85 87 -1
89 46 88 21
90 25 88 -1
91 68 90 -1
92 28 91 -1
93 20 92 -1
94 69 93 30
95 15 21 -1
96 92 95 -1
97 0 96 -1
98 65 97 -1
99 55 98 2
100 10 54 -1
101 13 100 -1
102 95 101 -1
103 64 102 -1
104 57 103 29
105 5 8 -1
106 17 105 -1
107 102 106 -1
108 94 107 -1
109 55 108 12
110 14 73 -1
111 18 29 -1
112 106 110 -1
113 42 111 -1
114 112 113 4
115 109 111 -1
116 47 86 -1
117 115 116 -1
118 39 117 -1
119 77 118 28
120 73 81 -1
121 75 120 -1
122 115 121 -1
123 27 122 18
124 4 9 -1
125 2 124 -1
126 68 125 -1
127 21 126 -1
128 117 127 5
129 79 124 -1
130 96 129 -1
131 61 130 -1
132 110 131 -1
133 34 132 24
134 87 131 -1
135 70 134 -1
136 81 135 -1
137 84 136 1
138 14 134 -1
139 17 103 -1
140 138 139 -1
141 92 140 25
142 43 140 -1
143 34 142 -1
144 13 143 -1
145 52 144 14
146 75 110 -1
147 1 36 -1
148 142 147 -1
149 146 148 22
150 6 105 -1
151 29 150 -1
152 146 151 -1
153 90 152 6
154 23 109 -1
155 127 154 -1
156 104 155 -1
157 48 60 -1
158 156 157 20
159 9 152 -1
160 123 159 -1
161 117 156 -1
162 160 161 0
163 23 157 -1
164 159 163 -1
165 103 164 -1
166 134 165 10
167 106 149 -1
168 116 167 -1
169 133 168 -1
170 155 169 31
171 13 155 -1
172 21 27 -1
173 10 172 -1
174 171 173 17
175 156 166 -1
176 42 175 -1
177 167 176 -1
178 37 177 26
179 7 86 -1
180 152 179 -1
181 29 53 -1
182 168 181 -1
183 180 182 11
184 18 176 -1
185 50 184 -1
186 68 179 -1
187 185 186 15
188 117 125 -1
189 22 188 -1
190 13 189 -1
191 109 190 -1
192 63 191 27
193 117 182 -1
194 49 157 -1
195 193 194 -1
196 147 195 -1
197 16 196 19
