32 3 26 -1
33 15 30 -1
34 7 25 -1
35 8 22 -1
36 10 17 -1
37 33 34 -1
38 32 35 -1
39 14 36 -1
40 37 39 -1
41 38 40 18
42 0 23 -1
43 11 18 -1
44 4 42 -1
45 6 22 -1
46 2 43 -1
47 16 45 -1
48 37 44 -1
49 46 47 -1
50 48 49 26
51 1 28 -1
52 19 30 -1
53 10 18 -1
54 51 53 -1
55 32 52 -1
56 48 55 -1
57 54 56 11
58 27 29 -1
59 5 58 -1
60 7 59 -1
61 11 60 -1
62 36 61 -1
63 41 56 -1
64 62 63 15
65 21 24 -1
66 3 65 -1
67 19 45 -1
68 1 67 -1
69 66 68 -1
70 39 60 -1
71 69 70 25
72 33 51 -1
73 0 72 -1
74 71 73 -1
75 62 74 7
76 12 20 -1
77 28 76 -1
78 26 68 -1
79 18 59 -1
80 49 77 -1
81 79 80 -1
82 78 81 8
83 2 9 -1
84 5 83 -1
85 14 21 -1
86 23 84 -1
87 85 86 -1
88 40 87 -1
89 77 88 13
90 26 31 -1
91 87 90 -1
92 11 54 -1
93 91 92 -1
94 34 93 29
95 13 20 -1
96 58 95 -1
97 91 96 -1
98 9 97 -1
99 53 98 -1
100 32 99 6
101 12 82 -1
102 3 22 -1
103 59 75 -1
104 102 103 -1
105 101 104 -1
106 91 105 12
107 61 66 -1
108 94 107 -1
109 14 101 -1
110 100 109 -1
111 6 108 -1
112 110 111 17
113 16 29 -1
114 44 113 -1
115 110 114 -1
116 68 115 -1
117 0 116 14
118 9 107 -1
119 76 118 -1
120 30 119 -1
121 114 120 31
122 86 89 -1
123 50 105 -1
124 122 123 -1
125 100 118 -1
126 124 125 5
127 80 119 -1
128 35 94 -1
129 122 128 -1
130 127 129 -1
131 104 130 27
132 31 60 -1
133 101 132 -1
134 127 133 -1
135 116 134 16
136 95 124 -1
137 42 136 -1
138 129 137 -1
139 39 138 20
140 30 97 -1
141 75 140 -1
142 138 141 -1
143 2 142 30
144 5 137 -1
145 135 144 -1
146 10 145 -1
147 63 146 -1
148 31 147 19
149 13 17 -1
150 138 148 -1
151 149 150 -1
152 74 151 -1
153 45 152 22
154 77 132 -1
155 151 154 3
156 16 150 -1
157 0 156 -1
158 64 157 -1
159 118 158 -1
160 93 159 23
161 83 157 -1
162 81 88 -1
163 140 161 -1
164 162 163 10
165 143 156 -1
166 136 165 -1
167 62 99 -1
168 166 167 -1
169 155 168 9
170 29 159 -1
171 35 170 -1
172 166 171 24
173 146 151 -1
174 28 112 -1
175 173 174 -1
176 165 175 0
177 15 114 -1
178 133 139 -1
179 128 178 -1
180 69 179 -1
181 177 180 21
182 13 172 -1
183 177 182 -1
184 85 164 -1
185 183 184 4
186 79 115 -1
187 72 158 -1
188 186 187 -1
189 140 188 -1
190 154 189 1
191 20 180 -1
192 186 191 -1
193 30 192 -1
194 93 193 2
195 102 119 -1
196 163 172 -1
197 14 195 -1
198 48 197 -1
199 196 198 28
