32 6 25 -1
33 5 26 -1
34 12 22 -1
35 18 27 -1
36 1 30 -1
37 19 28 -1
38 7 8 -1
39 4 11 -1
40 16 33 -1
41 32 34 -1
42 40 41 -1
43 37 42 -1
44 35 43 -1
45 36 44 -1
46 38 39 -1
47 45 46 28
48 0 15 -1
49 20 29 -1
50 13 21 -1
51 9 48 -1
52 16 51 -1
53 49 50 -1
54 44 52 -1
55 53 54 25
56 14 17 -1
57 11 56 -1
58 53 57 -1
59 47 58 -1
60 42 59 -1
61 33 60 17
62 1 10 -1
63 21 51 -1
64 34 63 -1
65 62 64 -1
66 38 65 -1
67 56 66 -1
68 43 67 5
69 2 24 -1
70 10 69 -1
71 53 70 -1
72 44 71 -1
73 41 72 -1
74 68 73 13
75 3 23 -1
76 36 75 -1
77 5 12 -1
78 39 76 -1
79 77 78 -1
80 71 79 -1
81 56 80 1
82 2 25 -1
83 20 28 -1
84 82 83 -1
85 61 84 -1
86 16 79 -1
87 85 86 23
88 5 49 -1
89 3 85 -1
90 88 89 -1
91 25 90 -1
92 66 91 -1
93 70 92 20
94 31 50 -1
95 9 94 -1
96 59 91 -1
97 95 96 -1
98 39 97 -1
99 10 98 9
100 17 64 -1
101 88 100 -1
102 98 101 -1
103 73 102 31
104 54 97 -1
105 37 104 -1
106 84 105 -1
107 66 106 -1
108 102 107 6
109 27 99 -1
110 50 102 -1
111 109 110 -1
112 22 111 -1
113 89 112 14
114 8 80 -1
115 26 114 -1
116 106 115 -1
117 20 111 -1
118 116 117 29
119 22 115 -1
120 18 51 -1
121 96 99 -1
122 120 121 -1
123 119 122 24
124 76 90 -1
125 62 117 -1
126 47 124 -1
127 103 125 -1
128 126 127 30
129 15 116 -1
130 4 129 -1
131 108 130 -1
132 13 124 -1
133 131 132 18
134 62 130 -1
135 35 134 -1
136 29 135 -1
137 74 136 11
138 7 121 -1
139 123 138 -1
140 131 139 -1
141 17 140 -1
142 54 141 15
143 0 43 -1
144 139 143 -1
145 97 144 -1
146 126 145 8
147 36 111 -1
148 138 147 -1
149 3 148 -1
150 74 149 -1
151 51 150 2
152 14 23 -1
153 148 152 -1
154 77 153 -1
155 84 154 27
156 64 144 -1
157 128 156 -1
158 136 147 -1
159 157 158 0
160 2 85 -1
161 40 160 -1
162 156 161 -1
163 9 162 12
164 24 119 -1
165 94 164 -1
166 43 152 -1
167 165 166 4
168 83 114 -1
169 19 168 -1
170 11 169 -1
171 133 161 -1
172 170 171 19
173 107 169 -1
174 119 173 -1
175 135 174 7
176 137 170 -1
177 112 165 -1
178 35 176 -1
179 177 178 26
180 96 166 -1
181 49 180 -1
182 17 181 -1
183 171 182 3
184 49 52 -1
185 156 184 -1
186 154 173 -1
187 185 186 10
188 36 177 -1
189 129 188 -1
190 95 120 -1
191 189 190 -1
192 23 191 21
193 15 188 -1
194 70 141 -1
195 121 194 -1
196 193 195 22
197 19 86 -1
198 91 131 -1
199 159 197 -1
200 198 199 -1
201 5 200 16
