32 13 29 -1
33 5 21 -1
34 6 22 -1
35 32 33 -1
36 34 35 -1
37 7 15 -1
38 8 24 -1
39 36 37 -1
40 16 38 -1
41 39 40 0
42 23 31 -1
43 36 42 -1
44 0 43 -1
45 38 44 16
46 1 17 -1
47 25 40 -1
48 24 46 -1
49 43 48 -1
50 47 49 9
51 0 9 -1
52 39 51 -1
53 48 52 25
54 14 30 -1
55 23 54 -1
56 15 55 -1
57 35 56 -1
58 45 57 -1
59 8 58 -1
60 41 59 24
61 43 59 -1
62 16 61 8
63 17 47 -1
64 9 63 -1
65 62 64 1
66 58 63 -1
67 53 66 17
68 10 26 -1
69 2 68 -1
70 66 69 18
71 18 50 -1
72 65 68 -1
73 71 72 2
74 10 53 -1
75 71 74 -1
76 70 75 10
77 18 69 -1
78 73 77 -1
79 75 78 26
80 3 19 -1
81 27 80 -1
82 57 81 -1
83 75 82 11
84 11 39 -1
85 81 84 -1
86 3 76 -1
87 73 86 -1
88 85 87 3
89 77 80 -1
90 43 89 -1
91 39 88 -1
92 90 91 19
93 83 85 -1
94 90 93 27
95 12 28 -1
96 20 95 -1
97 83 96 -1
98 91 97 4
99 4 85 -1
100 20 43 -1
101 99 100 -1
102 98 101 20
103 12 90 -1
104 56 103 -1
105 4 104 -1
106 5 105 5
107 96 104 -1
108 21 107 21
109 13 101 -1
110 105 109 13
111 32 109 -1
112 107 111 29
113 35 98 -1
114 105 113 12
115 101 107 -1
116 113 115 28
117 30 106 -1
118 112 117 -1
119 36 118 14
120 34 54 -1
121 118 120 30
122 22 117 -1
123 108 122 -1
124 121 123 22
125 36 124 6
126 31 123 -1
127 37 126 23
128 57 127 15
129 39 128 7
130 43 127 31
