32 17 29 -1
33 21 25 -1
34 15 30 -1
35 3 18 -1
36 14 20 -1
37 27 28 -1
38 33 35 -1
39 34 38 -1
40 4 9 -1
41 32 36 -1
42 37 41 -1
43 40 42 -1
44 39 43 4
45 2 24 -1
46 16 23 -1
47 5 8 -1
48 45 47 -1
49 39 46 -1
50 48 49 -1
51 32 50 8
52 11 26 -1
53 5 19 -1
54 7 13 -1
55 16 52 -1
56 53 55 -1
57 48 54 -1
58 42 57 -1
59 56 58 7
60 12 23 -1
61 41 60 -1
62 52 61 -1
63 8 34 -1
64 62 63 -1
65 57 64 17
66 0 22 -1
67 6 20 -1
68 7 66 -1
69 56 67 -1
70 61 68 -1
71 69 70 26
72 6 10 -1
73 1 72 -1
74 4 24 -1
75 50 73 -1
76 52 69 -1
77 74 76 -1
78 75 77 30
79 28 46 -1
80 9 45 -1
81 79 80 -1
82 18 75 -1
83 81 82 -1
84 56 83 21
85 15 58 -1
86 25 66 -1
87 82 85 -1
88 86 87 -1
89 41 88 10
90 55 70 -1
91 88 90 -1
92 49 91 6
93 24 31 -1
94 36 93 -1
95 90 94 -1
96 27 95 -1
97 10 96 -1
98 81 97 22
99 13 27 -1
100 33 60 -1
101 99 100 -1
102 97 101 0
103 22 63 -1
104 17 103 -1
105 83 104 -1
106 4 101 -1
107 105 106 28
108 11 80 -1
109 31 108 -1
110 41 109 -1
111 53 110 -1
112 104 111 2
113 4 39 -1
114 99 113 -1
115 8 67 -1
116 94 115 -1
117 114 116 18
118 1 68 -1
119 0 118 -1
120 79 119 -1
121 110 120 -1
122 40 121 11
123 41 118 -1
124 108 123 -1
125 35 124 -1
126 27 125 29
127 5 32 -1
128 69 127 -1
129 100 128 -1
130 120 129 12
131 30 66 -1
132 78 131 -1
133 117 132 -1
134 55 133 -1
135 112 134 16
136 130 132 -1
137 57 136 -1
138 33 95 -1
139 137 138 25
140 128 137 -1
141 6 106 -1
142 140 141 15
143 44 91 -1
144 51 133 -1
145 2 144 -1
146 27 143 -1
147 145 146 31
148 93 143 -1
149 52 130 -1
150 107 149 -1
151 126 148 -1
152 150 151 9
153 20 104 -1
154 141 153 -1
155 33 154 -1
156 18 155 -1
157 118 156 27
158 145 149 -1
159 122 153 -1
160 47 159 -1
161 158 160 23
162 10 75 -1
163 12 81 -1
164 129 159 -1
165 162 164 -1
166 163 165 14
167 88 102 -1
168 57 60 -1
169 165 168 -1
170 167 169 13
171 83 95 -1
172 52 171 -1
173 14 47 -1
174 172 173 -1
175 123 174 3
176 116 172 -1
177 129 176 -1
178 37 151 -1
179 177 178 20
180 29 85 -1
181 115 178 -1
182 40 180 -1
183 19 182 -1
184 181 183 5
185 78 152 -1
186 87 135 -1
187 185 186 -1
188 4 187 -1
189 155 188 1
190 24 104 -1
191 165 174 -1
192 188 190 -1
193 191 192 19
194 53 161 -1
195 40 179 -1
196 194 195 -1
197 1 196 -1
198 150 197 24
