48 0 11 -1
49 12 24 -1
50 37 48 -1
51 49 50 12
52 23 36 -1
53 1 52 -1
54 49 53 24
55 35 47 -1
56 23 55 -1
57 22 56 -1
58 48 57 35
59 11 56 -1
60 10 59 -1
61 36 60 23
62 12 34 -1
63 59 62 47
64 46 59 -1
65 24 64 11
66 34 46 -1
67 57 66 -1
68 60 67 -1
69 21 68 34
70 11 68 -1
71 9 47 -1
72 70 71 22
73 33 70 -1
74 23 73 46
75 35 45 -1
76 70 75 10
77 13 25 -1
78 1 77 -1
79 38 50 -1
80 78 79 13
81 37 78 -1
82 24 35 -1
83 81 82 -1
84 14 83 37
85 0 36 -1
86 13 82 -1
87 85 86 36
88 12 47 -1
89 85 88 -1
90 25 89 0
91 2 23 -1
92 12 81 -1
93 91 92 25
94 26 89 -1
95 92 94 -1
96 0 95 1
97 14 38 -1
98 26 97 -1
99 2 98 -1
100 3 13 -1
101 99 100 26
102 27 37 -1
103 99 102 2
104 15 99 -1
105 25 104 38
106 1 99 -1
107 39 106 14
108 28 40 -1
109 4 16 -1
110 108 109 -1
111 5 15 -1
112 110 111 28
113 17 110 -1
114 27 113 40
115 39 110 -1
116 29 115 4
117 3 41 -1
118 110 117 16
119 9 45 -1
120 33 119 -1
121 21 120 -1
122 46 121 -1
123 8 122 21
124 20 121 -1
125 10 124 33
126 34 121 -1
127 44 126 9
128 22 121 -1
129 32 128 45
130 3 15 -1
131 27 39 -1
132 130 131 -1
133 2 40 -1
134 132 133 15
135 16 132 -1
136 26 135 39
137 28 132 -1
138 38 137 3
139 14 109 -1
140 135 139 27
141 5 41 -1
142 17 29 -1
143 141 142 -1
144 16 143 -1
145 6 144 29
146 18 143 -1
147 28 146 41
148 30 143 -1
149 40 148 5
150 109 144 -1
151 42 150 17
152 30 42 -1
153 6 18 -1
154 152 153 -1
155 36 43 -1
156 5 154 -1
157 155 156 18
158 24 31 -1
159 156 158 -1
160 141 159 6
161 0 7 -1
162 17 154 -1
163 161 162 30
164 12 19 -1
165 154 164 -1
166 29 165 42
167 8 20 -1
168 32 44 -1
169 167 168 -1
170 19 23 -1
171 9 169 -1
172 170 171 32
173 43 47 -1
174 169 173 -1
175 33 174 8
176 31 35 -1
177 21 169 -1
178 176 177 44
179 48 161 -1
180 119 171 -1
181 179 180 20
182 19 179 -1
183 31 44 -1
184 182 183 -1
185 155 184 -1
186 6 185 19
187 52 185 -1
188 44 187 -1
189 18 48 -1
190 8 189 -1
191 188 190 31
192 59 188 -1
193 82 192 -1
194 32 42 -1
195 193 194 7
196 20 88 -1
197 30 192 -1
198 196 197 43
