48 25 37 -1
49 3 15 -1
50 13 49 -1
51 48 50 25
52 5 41 -1
53 27 49 -1
54 52 53 15
55 29 39 -1
56 41 55 -1
57 49 56 3
58 1 15 -1
59 27 58 -1
60 48 59 37
61 39 51 -1
62 37 61 -1
63 58 62 13
64 3 62 -1
65 60 64 1
66 17 27 -1
67 3 55 -1
68 66 67 39
69 5 29 -1
70 49 68 -1
71 69 70 27
72 24 36 -1
73 10 46 -1
74 22 72 -1
75 73 74 10
76 12 24 -1
77 34 73 -1
78 76 77 46
79 8 20 -1
80 32 73 -1
81 79 80 20
82 10 77 -1
83 44 82 -1
84 79 83 8
85 0 12 -1
86 82 85 -1
87 22 86 34
88 75 86 -1
89 76 88 22
90 4 40 -1
91 14 26 -1
92 2 91 -1
93 90 92 14
94 18 30 -1
95 90 94 -1
96 28 95 40
97 4 16 -1
98 38 97 -1
99 91 98 26
100 6 42 -1
101 97 100 -1
102 28 101 16
103 42 90 -1
104 16 103 -1
105 30 104 4
106 18 103 -1
107 102 106 28
108 1 13 -1
109 79 95 -1
110 103 109 -1
111 108 110 30
112 13 25 -1
113 85 91 -1
114 36 113 -1
115 112 114 36
116 2 14 -1
117 28 116 -1
118 38 117 -1
119 40 118 2
120 4 117 -1
121 99 120 38
122 0 72 -1
123 116 122 -1
124 108 123 24
125 11 47 -1
126 9 21 -1
127 125 126 -1
128 33 127 21
129 48 72 -1
130 23 129 -1
131 125 130 11
132 35 47 -1
133 45 126 -1
134 132 133 9
135 85 108 -1
136 132 135 -1
137 23 136 35
138 76 112 -1
139 136 138 -1
140 131 139 23
141 125 138 -1
142 35 141 47
143 38 129 -1
144 14 143 -1
145 114 144 0
146 20 32 -1
147 22 146 -1
148 77 83 -1
149 147 148 32
150 46 147 -1
151 84 150 44
152 100 112 -1
153 146 152 -1
154 30 153 42
155 33 45 -1
156 23 155 -1
157 9 35 -1
158 156 157 45
159 11 21 -1
160 156 159 33
161 31 43 -1
162 17 52 -1
163 72 161 -1
164 162 163 5
165 19 161 -1
166 126 135 -1
167 165 166 31
168 7 19 -1
169 129 168 -1
170 43 155 -1
171 169 170 7
172 69 162 -1
173 85 172 -1
174 168 173 29
175 32 48 -1
176 44 175 -1
177 153 176 -1
178 111 177 18
179 18 100 -1
180 176 179 6
181 24 122 -1
182 124 144 -1
183 138 181 -1
184 182 183 12
185 43 69 -1
186 41 76 -1
187 185 186 -1
188 165 187 41
189 174 188 -1
190 163 189 -1
191 29 190 17
192 33 165 -1
193 21 168 -1
194 138 193 -1
195 192 194 43
196 7 166 -1
197 171 195 -1
198 196 197 19
