48 22 34 -1
49 20 46 -1
50 8 48 -1
51 49 50 34
52 10 44 -1
53 50 52 22
54 24 36 -1
55 0 48 -1
56 54 55 36
57 10 22 -1
58 12 54 -1
59 57 58 24
60 32 57 -1
61 44 60 -1
62 46 61 10
63 51 60 -1
64 8 63 46
65 11 23 -1
66 9 35 -1
67 45 65 -1
68 66 67 23
69 33 47 -1
70 67 69 11
71 21 47 -1
72 66 71 -1
73 23 72 35
74 11 33 -1
75 71 74 -1
76 35 75 47
77 31 43 -1
78 72 77 -1
79 45 78 9
80 7 19 -1
81 70 80 -1
82 71 81 33
83 43 66 -1
84 7 83 -1
85 76 84 21
86 31 74 -1
87 68 86 -1
88 19 87 45
89 10 46 -1
90 24 89 -1
91 0 12 -1
92 90 91 12
93 55 90 -1
94 59 93 0
95 16 28 -1
96 6 42 -1
97 30 96 -1
98 95 97 42
99 2 14 -1
100 40 95 -1
101 99 100 28
102 18 100 -1
103 96 102 -1
104 16 103 6
105 4 38 -1
106 2 95 -1
107 105 106 16
108 26 28 -1
109 100 108 -1
110 105 109 4
111 4 42 -1
112 98 111 -1
113 102 112 18
114 40 112 -1
115 104 114 30
116 38 99 -1
117 109 116 -1
118 107 117 40
119 35 47 -1
120 54 119 -1
121 116 120 2
122 3 15 -1
123 17 29 -1
124 41 122 -1
125 123 124 29
126 25 37 -1
127 39 122 -1
128 126 127 3
129 27 37 -1
130 1 129 -1
131 122 130 15
132 3 5 -1
133 39 123 -1
134 132 133 17
135 13 15 -1
136 128 135 -1
137 129 136 39
138 131 136 -1
139 25 138 27
140 17 27 -1
141 125 140 -1
142 132 141 41
143 133 142 -1
144 15 143 5
145 48 123 -1
146 77 145 -1
147 7 146 43
148 65 126 -1
149 13 148 -1
150 57 149 25
151 69 74 -1
152 34 151 -1
153 63 152 -1
154 96 153 20
155 23 35 -1
156 1 155 -1
157 48 126 -1
158 156 157 37
159 37 89 -1
160 150 158 -1
161 151 159 -1
162 160 161 1
163 65 149 -1
164 1 161 -1
165 163 164 13
166 26 116 -1
167 2 166 -1
168 65 167 -1
169 91 168 26
170 36 99 -1
171 0 26 -1
172 151 170 -1
173 171 172 14
174 58 155 -1
175 170 174 -1
176 167 175 38
177 18 61 -1
178 6 65 -1
179 20 178 -1
180 177 179 32
181 30 155 -1
182 177 181 -1
183 50 182 -1
184 57 183 44
185 41 80 -1
186 5 89 -1
187 31 185 -1
188 186 187 19
189 5 57 -1
190 17 189 -1
191 188 190 -1
192 146 191 7
193 19 77 -1
194 190 193 31
195 8 178 -1
196 18 183 -1
197 154 196 -1
198 195 197 8
