48 11 23 -1
49 34 46 -1
50 47 48 -1
51 49 50 11
52 21 33 -1
53 10 49 -1
54 52 53 46
55 24 36 -1
56 12 48 -1
57 55 56 24
58 23 35 -1
59 0 58 -1
60 55 59 36
61 22 46 -1
62 51 58 -1
63 61 62 47
64 9 45 -1
65 53 61 -1
66 64 65 22
67 32 44 -1
68 21 64 -1
69 67 68 9
70 8 20 -1
71 45 70 -1
72 52 71 33
73 46 48 -1
74 62 73 -1
75 65 74 35
76 35 73 -1
77 10 76 23
78 20 44 -1
79 52 69 -1
80 78 79 45
81 64 78 -1
82 72 81 21
83 45 49 -1
84 22 68 -1
85 83 84 34
86 65 83 -1
87 33 86 10
88 35 47 -1
89 36 88 -1
90 59 89 -1
91 57 90 12
92 12 58 -1
93 90 92 0
94 5 17 -1
95 4 40 -1
96 29 94 -1
97 95 96 17
98 15 27 -1
99 28 95 -1
100 98 99 40
101 2 38 -1
102 98 101 -1
103 3 102 15
104 25 37 -1
105 14 104 -1
106 101 105 2
107 27 39 -1
108 16 95 -1
109 107 108 4
110 4 99 -1
111 41 110 -1
112 94 111 5
113 14 26 -1
114 107 113 -1
115 3 114 39
116 1 13 -1
117 113 116 -1
118 38 117 26
119 30 42 -1
120 18 119 -1
121 94 120 30
122 5 96 -1
123 119 122 -1
124 6 123 42
125 4 122 -1
126 108 125 -1
127 112 126 41
128 41 95 -1
129 126 128 29
130 13 37 -1
131 118 130 -1
132 101 131 14
133 113 130 -1
134 106 133 38
135 14 102 -1
136 38 135 -1
137 39 136 27
138 115 136 -1
139 101 138 3
140 1 24 -1
141 104 140 -1
142 92 141 37
143 89 130 -1
144 140 143 1
145 3 110 -1
146 27 109 -1
147 145 146 16
148 15 145 -1
149 16 148 28
150 25 48 -1
151 90 150 -1
152 116 151 13
153 93 150 -1
154 143 153 25
155 6 18 -1
156 41 155 -1
157 5 156 -1
158 30 157 18
159 123 158 -1
160 94 159 6
161 31 43 -1
162 19 48 -1
163 155 162 -1
164 161 163 31
165 7 32 -1
166 162 165 -1
167 78 166 32
168 44 161 -1
169 70 88 -1
170 168 169 8
171 19 58 -1
172 31 171 -1
173 67 172 -1
174 8 173 44
175 20 170 -1
176 172 175 -1
177 167 176 20
178 7 88 -1
179 19 43 -1
180 119 179 -1
181 178 180 7
182 42 120 -1
183 7 179 -1
184 172 183 -1
185 182 184 43
186 164 181 -1
187 171 182 -1
188 186 187 19
