48 12 24 -1
49 25 37 -1
50 0 48 -1
51 49 50 0
52 14 26 -1
53 1 52 -1
54 49 53 37
55 35 47 -1
56 11 48 -1
57 55 56 47
58 0 12 -1
59 23 58 -1
60 55 59 35
61 10 22 -1
62 46 61 -1
63 55 62 10
64 11 47 -1
65 34 61 -1
66 64 65 22
67 24 36 -1
68 64 67 -1
69 23 68 11
70 48 68 -1
71 60 70 23
72 3 39 -1
73 52 72 -1
74 2 73 14
75 1 13 -1
76 0 75 -1
77 67 76 24
78 16 28 -1
79 27 72 -1
80 78 79 39
81 21 33 -1
82 45 81 -1
83 61 82 33
84 3 15 -1
85 38 84 -1
86 52 85 26
87 2 26 -1
88 75 87 -1
89 54 88 25
90 10 46 -1
91 9 90 -1
92 81 91 21
93 4 40 -1
94 27 93 -1
95 84 94 15
96 5 41 -1
97 4 96 -1
98 78 97 16
99 17 29 -1
100 28 99 -1
101 93 100 40
102 32 44 -1
103 81 102 -1
104 8 103 44
105 9 21 -1
106 102 105 -1
107 20 106 32
108 30 42 -1
109 96 108 -1
110 17 109 5
111 6 18 -1
112 41 111 -1
113 99 112 29
114 18 30 -1
115 96 114 -1
116 29 115 41
117 109 114 -1
118 113 117 17
119 40 72 -1
120 16 95 -1
121 119 120 27
122 15 119 -1
123 28 122 3
124 23 90 -1
125 34 124 -1
126 35 125 46
127 66 124 -1
128 47 127 34
129 17 78 -1
130 101 129 -1
131 41 130 4
132 97 100 -1
133 131 132 28
134 13 37 -1
135 77 134 -1
136 58 135 12
137 51 134 -1
138 67 137 36
139 34 105 -1
140 46 139 -1
141 45 140 9
142 83 139 -1
143 10 142 45
144 26 38 -1
145 1 134 -1
146 144 145 1
147 87 146 -1
148 49 147 13
149 27 144 -1
150 15 149 -1
151 2 150 38
152 73 151 -1
153 84 152 2
154 20 32 -1
155 45 154 -1
156 8 9 -1
157 155 156 20
158 21 155 -1
159 104 158 8
160 31 43 -1
161 42 111 -1
162 67 161 -1
163 160 162 6
164 7 48 -1
165 154 160 -1
166 164 165 43
167 7 19 -1
168 108 167 -1
169 58 168 -1
170 18 169 30
171 31 164 -1
172 168 171 -1
173 6 172 42
174 169 172 -1
175 108 174 -1
176 163 175 18
177 43 167 -1
178 67 102 -1
179 177 178 7
180 8 32 -1
181 19 180 -1
182 165 181 -1
183 58 182 31
184 174 178 -1
185 181 184 19
