42 7 12 -1
43 3 8 -1
44 17 37 -1
45 21 34 -1
46 10 11 -1
47 26 31 -1
48 4 35 -1
49 15 25 -1
50 9 38 -1
51 6 39 -1
52 19 29 -1
53 32 48 -1
54 18 24 -1
55 20 28 -1
56 30 43 -1
57 13 26 -1
58 0 33 -1
59 42 56 -1
60 5 47 -1
61 40 45 -1
62 13 27 -1
63 4 8 -1
64 5 17 -1
65 21 46 -1
66 14 52 -1
67 30 44 -1
68 22 54 -1
69 10 50 -1
70 38 60 -1
71 39 67 -1
72 23 51 -1
73 53 72 -1
74 29 65 -1
75 47 55 -1
76 16 24 -1
77 16 37 -1
78 28 66 -1
79 65 69 -1
80 52 57 -1
81 46 75 -1
82 28 74 -1
83 49 58 -1
84 1 25 -1
85 12 43 -1
86 33 40 -1
87 0 41 -1
88 15 29 -1
89 18 34 -1
90 10 81 -1
91 9 87 -1
92 39 80 -1
93 14 33 -1
94 2 88 -1
95 20 89 -1
96 13 23 -1
97 32 36 -1
98 7 27 -1
99 82 98 -1
100 59 68 -1
101 1 34 -1
102 22 84 -1
103 70 85 -1
104 100 101 -1
105 14 61 -1
106 60 62 -1
107 8 102 -1
108 76 83 -1
109 20 92 -1
110 79 109 -1
111 67 110 10
112 53 93 -1
113 64 112 -1
114 41 59 -1
115 38 68 -1
116 42 86 -1
117 83 84 -1
118 4 11 -1
119 31 51 -1
120 21 36 -1
121 62 87 -1
122 92 94 -1
123 27 54 -1
124 17 61 -1
125 118 124 -1
126 51 63 -1
127 33 77 -1
128 24 78 -1
129 40 97 -1
130 27 71 -1
131 63 105 -1
132 37 129 -1
133 78 132 -1
134 3 96 -1
135 6 120 -1
136 12 24 -1
137 1 81 -1
138 36 41 -1
139 7 126 -1
140 101 103 -1
141 112 140 23
142 82 104 -1
143 11 142 36
144 106 131 -1
145 49 144 19
146 91 133 -1
147 130 146 26
148 59 108 -1
149 79 148 4
150 84 99 -1
151 73 150 1
152 92 125 -1
153 117 152 2
154 53 105 -1
155 67 154 -1
156 114 155 40
157 73 115 -1
158 19 116 -1
159 157 158 6
160 95 126 -1
161 79 127 -1
162 160 161 31
163 100 119 -1
164 107 163 -1
165 120 164 17
166 18 32 -1
167 113 166 -1
168 99 167 33
169 104 107 -1
170 106 169 -1
171 71 170 5
172 64 123 -1
173 86 137 -1
174 80 127 -1
175 43 173 -1
176 174 175 25
177 50 122 -1
178 71 102 -1
179 3 138 -1
180 84 179 -1
181 177 180 16
182 65 115 -1
183 55 117 -1
184 14 182 -1
185 183 184 28
186 15 172 -1
187 46 115 -1
188 186 187 -1
189 114 188 34
190 32 178 -1
191 62 190 -1
192 174 177 -1
193 191 192 8
194 4 73 -1
195 53 121 -1
196 44 195 -1
197 108 122 -1
198 196 197 3
199 77 194 -1
200 74 195 -1
201 199 200 27
202 0 46 -1
203 48 202 -1
204 19 103 -1
205 203 204 11
206 8 128 -1
207 41 90 -1
208 206 207 -1
209 116 208 21
210 67 70 -1
211 16 89 -1
212 134 210 -1
213 211 212 13
214 12 190 -1
215 117 194 -1
216 45 214 -1
217 215 216 37
218 91 137 -1
219 61 136 -1
220 218 219 -1
221 84 220 9
222 15 124 -1
223 2 83 -1
224 86 123 -1
225 223 224 -1
226 194 225 12
227 9 222 -1
228 74 139 -1
229 227 228 -1
230 32 229 38
231 81 100 -1
232 85 231 -1
233 32 49 -1
234 232 233 35
235 49 135 -1
236 17 53 -1
237 235 236 -1
238 57 237 -1
239 95 238 41
240 126 172 -1
241 163 240 -1
242 170 241 -1
243 128 242 -1
244 9 243 14
245 58 135 -1
246 116 133 -1
247 245 246 -1
248 26 247 -1
249 70 248 29
250 78 96 -1
251 118 250 -1
252 18 251 -1
253 56 252 -1
254 110 253 30
255 45 232 -1
256 14 207 -1
257 179 256 -1
258 8 130 -1
259 38 257 -1
260 258 259 0
261 62 155 -1
262 139 261 -1
263 162 262 -1
264 144 263 -1
265 255 264 15
266 163 250 -1
267 114 255 -1
268 266 267 -1
269 111 268 -1
270 196 269 24
271 50 264 -1
272 85 271 -1
273 20 272 -1
274 166 273 -1
275 175 274 7
276 94 131 -1
277 31 276 -1
278 219 222 -1
279 277 278 -1
280 133 279 39
281 4 71 -1
282 76 119 -1
283 85 88 -1
284 281 283 -1
285 282 284 18
286 158 259 -1
287 222 283 -1
288 252 286 -1
289 141 288 -1
290 287 289 -1
291 35 290 22
292 156 270 -1
293 47 292 -1
294 36 99 -1
295 286 294 -1
296 293 295 20
297 56 61 -1
298 153 179 -1
299 297 298 -1
300 52 178 -1
301 299 300 -1
302 139 301 32
