32 17 23 -1
33 12 27 -1
34 9 26 -1
35 20 31 -1
36 8 14 -1
37 21 22 -1
38 3 24 -1
39 18 28 -1
40 2 32 -1
41 10 16 -1
42 7 29 -1
43 6 15 -1
44 0 34 -1
45 25 30 -1
46 1 37 -1
47 4 19 -1
48 35 39 -1
49 42 48 -1
50 33 41 -1
51 27 44 -1
52 28 46 -1
53 11 16 -1
54 40 50 -1
55 15 36 -1
56 2 53 -1
57 45 54 -1
58 38 43 -1
59 3 5 -1
60 13 49 -1
61 21 30 -1
62 6 36 -1
63 52 59 -1
64 18 62 -1
65 48 57 -1
66 37 58 -1
67 24 51 -1
68 22 26 -1
69 47 54 -1
70 8 49 -1
71 7 69 -1
72 29 59 -1
73 34 50 -1
74 56 73 -1
75 1 17 -1
76 23 60 -1
77 31 56 -1
78 55 57 -1
79 44 71 -1
80 4 10 -1
81 13 35 -1
82 71 72 -1
83 61 82 9
84 19 65 -1
85 1 43 -1
86 84 85 5
87 52 81 -1
88 48 62 -1
89 32 80 -1
90 8 87 -1
91 30 64 -1
92 9 76 -1
93 63 67 -1
94 43 67 -1
95 68 78 -1
96 41 72 -1
97 94 96 -1
98 66 75 -1
99 3 81 -1
100 78 99 20
101 10 77 -1
102 15 51 -1
103 56 102 -1
104 5 69 -1
105 17 96 -1
106 0 25 -1
107 14 74 -1
108 88 98 -1
109 34 108 15
110 91 92 -1
111 66 110 23
112 67 87 -1
113 89 112 24
114 11 71 -1
115 70 114 17
116 23 37 -1
117 97 116 12
118 55 74 -1
119 63 118 26
120 77 95 -1
121 94 120 -1
122 71 121 0
123 45 103 -1
124 46 48 -1
125 123 124 1
126 61 64 -1
127 0 126 -1
128 65 127 27
129 26 60 -1
130 101 129 -1
131 58 130 10
132 11 93 -1
133 19 40 -1
134 132 133 30
135 30 35 -1
136 12 87 -1
137 36 104 -1
138 97 137 -1
139 106 138 28
140 73 88 -1
141 136 140 -1
142 79 141 21
143 27 53 -1
144 90 143 -1
145 86 144 25
146 74 90 -1
147 135 146 -1
148 38 147 18
149 60 69 -1
150 75 149 -1
151 102 133 -1
152 150 151 3
153 12 68 -1
154 92 153 -1
155 93 154 -1
156 45 155 6
157 14 35 -1
158 67 157 -1
159 105 158 -1
160 57 159 14
161 68 84 -1
162 23 161 -1
163 94 103 -1
164 162 163 22
165 89 91 -1
166 16 63 -1
167 7 165 -1
168 166 167 7
169 31 149 -1
170 10 105 -1
171 68 170 -1
172 0 171 -1
173 88 172 8
174 57 66 -1
175 90 174 -1
176 166 169 -1
177 175 176 4
178 6 101 -1
179 83 178 -1
180 79 179 -1
181 104 180 31
182 110 147 -1
183 101 109 -1
184 25 183 -1
185 16 182 -1
186 184 185 16
187 16 95 -1
188 135 136 -1
189 60 187 -1
190 188 189 2
191 181 182 -1
192 161 191 -1
193 71 150 -1
194 192 193 19
195 107 126 -1
196 23 169 -1
197 195 196 -1
198 88 197 11
199 30 102 -1
200 161 199 -1
201 66 200 -1
202 29 201 -1
203 190 202 29
204 59 152 -1
205 114 204 -1
206 45 202 -1
207 205 206 13
