40 11 28 -1
41 0 38 -1
42 33 34 -1
43 23 36 -1
44 4 31 -1
45 18 25 -1
46 12 21 -1
47 35 39 -1
48 5 9 -1
49 1 2 -1
50 10 37 -1
51 15 27 -1
52 22 32 -1
53 17 19 -1
54 26 40 -1
55 16 30 -1
56 28 29 -1
57 6 7 -1
58 27 42 -1
59 13 14 -1
60 45 51 -1
61 34 43 -1
62 20 25 -1
63 40 50 -1
64 48 49 -1
65 3 64 -1
66 53 61 -1
67 9 63 -1
68 0 47 -1
69 41 58 -1
70 36 68 -1
71 35 54 -1
72 3 11 -1
73 1 33 -1
74 7 52 -1
75 26 74 -1
76 57 60 -1
77 23 32 -1
78 67 77 -1
79 46 54 -1
80 2 29 -1
81 56 70 -1
82 19 69 -1
83 24 76 -1
84 18 44 -1
85 14 73 -1
86 21 75 -1
87 46 64 -1
88 8 79 -1
89 17 84 -1
90 31 38 -1
91 37 90 -1
92 55 89 -1
93 5 30 -1
94 8 62 -1
95 29 34 -1
96 10 16 -1
97 23 58 -1
98 13 97 -1
99 81 87 -1
100 47 78 -1
101 22 65 -1
102 46 74 -1
103 27 59 -1
104 55 60 -1
105 66 80 -1
106 28 89 -1
107 11 101 -1
108 36 85 -1
109 6 56 -1
110 17 83 -1
111 12 104 -1
112 44 98 -1
113 22 69 -1
114 31 93 -1
115 111 112 -1
116 3 31 -1
117 39 94 -1
118 21 72 -1
119 35 95 -1
120 54 90 -1
121 79 109 -1
122 59 119 -1
123 9 82 -1
124 80 91 -1
125 57 114 -1
126 86 124 -1
127 48 62 -1
128 0 20 -1
129 120 128 -1
130 104 129 12
131 44 50 -1
132 46 117 -1
133 4 14 -1
134 24 85 -1
135 79 128 -1
136 33 86 -1
137 2 117 -1
138 19 137 -1
139 77 81 -1
140 76 139 37
141 4 67 -1
142 99 141 33
143 105 111 -1
144 69 143 9
145 66 78 -1
146 103 145 19
147 51 88 -1
148 101 147 32
149 44 82 -1
150 121 149 36
151 122 126 -1
152 51 151 7
153 79 114 -1
154 100 153 13
155 75 76 -1
156 42 155 -1
157 131 156 38
158 41 66 -1
159 102 108 -1
160 158 159 28
161 107 110 -1
162 127 161 -1
163 97 162 2
164 31 100 -1
165 149 164 -1
166 70 165 23
167 63 138 -1
168 36 167 -1
169 60 168 14
170 85 94 -1
171 52 170 -1
172 106 171 18
173 1 115 -1
174 7 173 -1
175 110 174 35
176 31 99 -1
177 7 176 -1
178 96 177 -1
179 28 178 3
180 72 124 -1
181 15 135 -1
182 127 181 -1
183 180 182 1
184 21 24 -1
185 128 184 -1
186 30 71 -1
187 80 186 -1
188 113 187 -1
189 112 188 31
190 13 113 -1
191 123 190 -1
192 92 191 -1
193 136 192 20
194 87 107 -1
195 92 194 -1
196 61 90 -1
197 195 196 29
198 68 190 -1
199 74 194 -1
200 198 199 30
201 66 86 -1
202 10 101 -1
203 201 202 -1
204 57 203 4
205 182 185 -1
206 19 205 -1
207 4 206 -1
208 170 207 21
209 7 84 -1
210 61 65 -1
211 20 209 -1
212 210 211 15
213 56 131 -1
214 127 132 -1
215 126 214 -1
216 213 215 -1
217 24 216 0
218 98 213 -1
219 211 218 -1
220 76 219 -1
221 108 220 25
222 68 116 -1
223 81 222 -1
224 110 223 -1
225 9 224 24
226 96 103 -1
227 125 226 -1
228 122 227 -1
229 120 228 27
230 33 118 -1
231 62 105 -1
232 230 231 -1
233 71 232 8
234 5 51 -1
235 113 133 -1
236 83 234 -1
237 235 236 39
238 37 123 -1
239 118 238 -1
240 20 239 -1
241 119 240 17
242 37 45 -1
243 132 242 -1
244 114 243 -1
245 115 244 22
246 135 138 -1
247 108 136 -1
248 246 247 -1
249 32 248 -1
250 16 249 6
251 10 232 -1
252 108 151 -1
253 251 252 -1
254 69 253 -1
255 219 254 34
256 7 185 -1
257 236 256 -1
258 135 257 -1
259 122 258 -1
260 81 259 10
261 59 134 -1
262 7 261 -1
263 70 262 -1
264 25 263 -1
265 91 264 16
266 179 185 -1
267 90 176 -1
268 133 266 -1
269 267 268 -1
270 39 269 11
271 93 106 -1
272 43 60 -1
273 47 272 -1
274 103 273 -1
275 271 274 26
276 49 174 -1
277 12 83 -1
278 58 271 -1
279 263 277 -1
280 276 278 -1
281 279 280 5
