46 4 17 -1
47 6 33 -1
48 39 42 -1
49 12 29 -1
50 20 32 -1
51 26 36 -1
52 5 23 -1
53 7 9 -1
54 15 40 -1
55 18 27 -1
56 30 41 -1
57 0 3 -1
58 2 24 -1
59 28 35 -1
60 11 16 -1
61 4 27 -1
62 1 17 -1
63 14 31 -1
64 48 61 -1
65 13 64 -1
66 44 46 -1
67 37 45 -1
68 0 10 -1
69 8 23 -1
70 18 66 -1
71 21 47 -1
72 29 33 -1
73 50 72 -1
74 32 38 -1
75 6 37 -1
76 45 62 -1
77 3 25 -1
78 18 22 -1
79 39 73 -1
80 30 42 -1
81 31 34 -1
82 63 70 -1
83 35 36 -1
84 12 51 -1
85 53 68 -1
86 9 41 -1
87 71 84 -1
88 52 85 -1
89 20 26 -1
90 40 58 -1
91 45 58 -1
92 57 91 -1
93 2 75 -1
94 49 65 -1
95 11 74 -1
96 32 46 -1
97 23 47 -1
98 38 71 -1
99 36 64 -1
100 16 80 -1
101 13 43 -1
102 22 56 -1
103 34 53 -1
104 60 97 -1
105 75 76 -1
106 25 96 -1
107 3 7 -1
108 19 42 -1
109 54 60 -1
110 83 101 -1
111 99 105 -1
112 54 87 -1
113 66 98 -1
114 90 97 -1
115 59 85 -1
116 78 88 -1
117 10 79 -1
118 13 84 -1
119 61 82 -1
120 54 119 -1
121 56 89 -1
122 108 115 -1
123 28 106 -1
124 43 47 -1
125 22 95 -1
126 44 102 -1
127 1 104 -1
128 36 55 -1
129 26 92 -1
130 50 70 -1
131 72 123 -1
132 70 122 -1
133 5 71 -1
134 11 120 -1
135 1 69 -1
136 93 135 -1
137 8 109 -1
138 72 108 -1
139 12 64 -1
140 31 139 -1
141 37 71 -1
142 1 74 -1
143 52 67 -1
144 27 77 -1
145 54 103 -1
146 93 107 -1
147 55 100 -1
148 15 81 -1
149 24 120 -1
150 105 148 -1
151 33 86 -1
152 39 138 -1
153 52 113 -1
154 111 153 19
155 116 118 -1
156 25 155 13
157 63 136 -1
158 134 157 21
159 77 114 -1
160 115 159 29
161 86 129 -1
162 130 161 30
163 107 149 -1
164 0 50 -1
165 163 164 43
166 49 103 -1
167 119 166 -1
168 89 167 11
169 7 125 -1
170 113 132 -1
171 117 170 -1
172 103 171 39
173 9 100 -1
174 59 112 -1
175 173 174 41
176 106 128 -1
177 94 176 -1
178 104 177 0
179 45 84 -1
180 169 179 -1
181 94 180 36
182 61 117 -1
183 143 182 -1
184 83 183 33
185 14 56 -1
186 50 185 -1
187 111 186 9
188 86 93 -1
189 94 133 -1
190 188 189 38
191 101 126 -1
192 57 191 -1
193 127 192 32
194 137 138 -1
195 46 67 -1
196 0 194 -1
197 195 196 34
198 32 101 -1
199 137 140 -1
200 198 199 -1
201 3 200 1
202 0 1 -1
203 88 121 -1
204 202 203 -1
205 141 204 26
206 110 121 -1
207 69 206 -1
208 75 207 -1
209 46 208 31
210 79 142 -1
211 118 144 -1
212 41 211 -1
213 210 212 23
214 73 94 -1
215 64 214 -1
216 113 215 -1
217 114 216 40
218 30 71 -1
219 25 218 -1
220 83 219 -1
221 82 220 14
222 125 146 -1
223 67 222 -1
224 79 223 -1
225 126 224 37
226 20 76 -1
227 112 226 -1
228 14 227 -1
229 29 228 25
230 95 115 -1
231 48 230 -1
232 124 231 -1
233 96 232 3
234 10 51 -1
235 31 104 -1
236 150 235 -1
237 234 236 -1
238 151 237 24
239 148 166 -1
240 14 169 -1
241 57 239 -1
242 23 241 -1
243 240 242 12
244 5 28 -1
245 90 152 -1
246 9 244 -1
247 245 246 -1
248 62 247 17
249 19 107 -1
250 128 249 -1
251 89 142 -1
252 148 251 -1
253 250 252 35
254 28 124 -1
255 102 144 -1
256 145 255 -1
257 55 135 -1
258 254 256 -1
259 141 258 4
260 30 32 -1
261 39 260 -1
262 256 261 -1
263 257 262 5
264 69 131 -1
265 58 124 -1
266 31 265 -1
267 16 266 -1
268 264 267 28
269 34 64 -1
270 101 147 -1
271 254 269 -1
272 91 271 -1
273 270 272 16
274 20 126 -1
275 45 131 -1
276 12 77 -1
277 274 276 -1
278 275 277 27
279 92 252 -1
280 135 149 -1
281 279 280 -1
282 103 281 -1
283 130 282 45
284 62 83 -1
285 88 151 -1
286 284 285 -1
287 257 286 -1
288 87 287 22
289 16 146 -1
290 49 96 -1
291 289 290 -1
292 52 291 -1
293 150 292 6
294 76 110 -1
295 80 294 -1
296 142 295 -1
297 25 143 -1
298 296 297 15
299 80 81 -1
300 21 122 -1
301 299 300 -1
302 88 92 -1
303 301 302 42
304 9 115 -1
305 116 140 -1
306 40 305 -1
307 6 304 -1
308 306 307 7
309 178 224 -1
310 152 309 -1
311 74 102 -1
312 51 212 -1
313 310 312 -1
314 311 313 10
315 71 93 -1
316 114 264 -1
317 147 316 -1
318 73 317 -1
319 315 318 -1
320 137 319 2
321 116 127 -1
322 44 80 -1
323 14 322 -1
324 103 321 -1
325 218 324 -1
326 323 325 20
327 42 87 -1
328 131 232 -1
329 241 328 -1
330 154 329 -1
331 327 330 -1
332 236 331 8
333 122 165 -1
334 8 333 -1
335 104 243 -1
336 80 335 -1
337 318 336 -1
338 334 337 18
339 133 134 -1
340 62 130 -1
341 124 340 -1
342 15 339 -1
343 341 342 -1
344 41 343 44
