36 12 23 -1
37 3 22 -1
38 2 7 -1
39 17 31 -1
40 5 18 -1
41 11 27 -1
42 6 29 -1
43 20 28 -1
44 9 10 -1
45 13 21 -1
46 16 30 -1
47 8 34 -1
48 36 38 -1
49 35 39 -1
50 15 41 -1
51 0 31 -1
52 28 32 -1
53 23 33 -1
54 37 42 -1
55 26 50 -1
56 4 8 -1
57 1 51 -1
58 40 43 -1
59 14 47 -1
60 24 36 -1
61 25 48 -1
62 3 58 -1
63 2 62 -1
64 19 52 -1
65 10 37 -1
66 44 49 -1
67 23 63 -1
68 16 39 -1
69 6 46 -1
70 22 68 -1
71 15 17 -1
72 33 70 -1
73 25 57 -1
74 46 61 -1
75 30 48 -1
76 45 71 -1
77 21 67 -1
78 20 69 -1
79 34 53 -1
80 19 76 -1
81 9 27 -1
82 3 64 -1
83 52 60 -1
84 14 83 -1
85 16 56 -1
86 55 73 -1
87 45 79 -1
88 51 59 -1
89 5 57 -1
90 7 54 -1
91 86 90 17
92 38 89 -1
93 64 88 -1
94 21 62 -1
95 48 66 -1
96 70 81 -1
97 62 79 -1
98 4 44 -1
99 82 98 -1
100 20 77 -1
101 28 72 -1
102 8 43 -1
103 11 33 -1
104 11 49 -1
105 50 69 -1
106 52 105 -1
107 29 82 -1
108 40 72 -1
109 23 55 -1
110 8 63 -1
111 109 110 -1
112 26 34 -1
113 5 111 -1
114 32 110 -1
115 65 113 -1
116 50 85 -1
117 1 66 -1
118 10 87 -1
119 86 118 27
120 96 112 -1
121 94 120 31
122 87 99 -1
123 41 122 34
124 74 102 -1
125 65 124 16
126 28 94 -1
127 95 126 26
128 75 93 -1
129 29 128 20
130 61 104 -1
131 111 130 6
132 19 29 -1
133 112 115 -1
134 132 133 24
135 13 75 -1
136 42 114 -1
137 135 136 19
138 54 80 -1
139 61 138 -1
140 24 139 5
141 25 83 -1
142 45 141 -1
143 96 142 35
144 35 88 -1
145 58 144 -1
146 54 145 28
147 56 95 -1
148 10 109 -1
149 147 148 12
150 8 78 -1
151 86 148 -1
152 31 75 -1
153 114 151 -1
154 84 153 -1
155 150 154 3
156 89 100 -1
157 93 156 -1
158 68 157 30
159 38 76 -1
160 98 159 -1
161 150 160 33
162 23 42 -1
163 132 162 -1
164 92 101 -1
165 163 164 14
166 106 156 -1
167 34 166 -1
168 38 51 -1
169 167 168 32
170 0 12 -1
171 100 170 -1
172 99 171 -1
173 26 172 15
174 84 108 -1
175 107 174 -1
176 34 175 -1
177 104 176 1
178 70 78 -1
179 152 178 -1
180 116 120 -1
181 179 180 21
182 108 162 -1
183 94 159 -1
184 14 183 -1
185 182 184 2
186 69 84 -1
187 4 97 -1
188 186 187 -1
189 0 188 0
190 14 115 -1
191 66 190 -1
192 80 113 -1
193 114 116 -1
194 191 193 23
195 72 85 -1
196 100 192 -1
197 60 195 -1
198 196 197 25
199 27 29 -1
200 7 117 -1
201 199 200 -1
202 78 201 9
203 12 72 -1
204 106 203 -1
205 44 204 -1
206 31 205 13
207 35 192 -1
208 57 190 -1
209 103 208 -1
210 207 209 4
211 22 55 -1
212 152 201 -1
213 204 212 -1
214 211 213 18
215 74 103 -1
216 7 32 -1
217 59 215 -1
218 39 217 -1
219 216 218 29
220 45 203 -1
221 1 90 -1
222 195 221 -1
223 11 222 -1
224 220 223 11
225 0 107 -1
226 15 225 -1
227 18 226 -1
228 56 60 -1
229 227 228 10
230 141 183 -1
231 134 152 -1
232 151 230 -1
233 64 231 -1
234 232 233 7
235 8 124 -1
236 73 117 -1
237 97 235 -1
238 236 237 -1
239 96 238 8
240 30 65 -1
241 178 239 -1
242 224 240 -1
243 234 241 -1
244 235 243 -1
245 242 244 22
