32 1 3 -1
33 9 17 -1
34 8 10 -1
35 0 29 -1
36 16 18 -1
37 2 31 -1
38 25 34 -1
39 23 30 -1
40 4 27 -1
41 6 37 -1
42 19 21 -1
43 24 38 -1
44 12 32 -1
45 35 41 -1
46 7 15 -1
47 11 14 -1
48 28 29 -1
49 33 39 -1
50 13 32 -1
51 24 35 -1
52 4 36 -1
53 1 33 -1
54 9 30 -1
55 16 49 -1
56 14 22 -1
57 20 47 -1
58 5 10 -1
59 8 31 -1
60 18 19 -1
61 50 51 -1
62 42 57 -1
63 26 38 -1
64 28 46 -1
65 53 56 -1
66 48 65 -1
67 7 52 -1
68 13 28 -1
69 9 60 -1
70 21 45 -1
71 11 43 -1
72 54 61 -1
73 67 72 19
74 25 49 -1
75 40 55 -1
76 27 64 -1
77 36 68 -1
78 44 63 -1
79 5 38 -1
80 7 58 -1
81 2 4 -1
82 69 80 -1
83 12 37 -1
84 5 76 -1
85 6 44 -1
86 22 40 -1
87 48 81 -1
88 20 55 -1
89 78 88 2
90 43 52 -1
91 85 90 8
92 52 78 -1
93 57 59 -1
94 15 54 -1
95 46 66 -1
96 71 94 -1
97 47 60 -1
98 47 68 -1
99 3 44 -1
100 53 97 -1
101 64 99 -1
102 93 96 -1
103 95 102 27
104 50 82 -1
105 41 104 20
106 83 86 -1
107 61 106 30
108 34 70 -1
109 76 108 24
110 64 74 -1
111 50 110 11
112 28 110 -1
113 72 112 13
114 80 81 -1
115 95 114 18
116 25 45 -1
117 40 116 -1
118 62 117 7
119 58 100 -1
120 62 119 -1
121 93 120 10
122 31 99 -1
123 71 122 -1
124 100 123 15
125 56 62 -1
126 51 77 -1
127 125 126 28
128 12 92 -1
129 9 93 -1
130 128 129 3
131 50 77 -1
132 78 131 -1
133 66 132 1
134 11 55 -1
135 69 134 -1
136 84 135 22
137 41 94 -1
138 13 137 -1
139 62 138 29
140 79 98 -1
141 101 140 -1
142 30 141 25
143 71 84 -1
144 82 87 -1
145 143 144 16
146 19 26 -1
147 39 67 -1
148 83 146 -1
149 147 148 12
150 56 80 -1
151 30 45 -1
152 150 151 -1
153 16 152 17
154 42 79 -1
155 23 87 -1
156 92 154 -1
157 155 156 0
158 0 21 -1
159 5 96 -1
160 16 158 -1
161 159 160 26
162 22 75 -1
163 32 162 -1
164 15 42 -1
165 163 164 4
166 160 162 -1
167 154 166 -1
168 81 167 6
169 39 81 -1
170 8 169 -1
171 44 170 -1
172 108 171 31
173 41 75 -1
174 155 173 -1
175 170 174 21
176 65 98 -1
177 85 86 -1
178 8 176 -1
179 177 178 14
180 17 40 -1
181 88 95 -1
182 180 181 -1
183 112 182 9
184 58 91 -1
185 94 101 -1
186 184 185 -1
187 88 186 5
188 23 59 -1
189 70 188 -1
190 77 189 -1
191 69 190 23
