34 9 18 -1
35 17 22 -1
36 23 32 -1
37 1 33 -1
38 14 19 -1
39 15 26 -1
40 12 16 -1
41 7 20 -1
42 25 29 -1
43 10 31 -1
44 8 30 -1
45 2 3 -1
46 5 39 -1
47 34 41 -1
48 0 21 -1
49 35 43 -1
50 11 24 -1
51 6 42 -1
52 28 29 -1
53 13 38 -1
54 16 27 -1
55 37 40 -1
56 17 51 -1
57 47 53 -1
58 9 45 -1
59 32 57 -1
60 36 46 -1
61 23 49 -1
62 11 59 -1
63 2 50 -1
64 48 58 -1
65 42 55 -1
66 3 65 -1
67 4 44 -1
68 30 63 -1
69 1 52 -1
70 35 45 -1
71 10 64 -1
72 22 37 -1
73 69 70 -1
74 12 62 -1
75 15 72 -1
76 19 68 -1
77 61 66 -1
78 60 67 -1
79 6 44 -1
80 30 59 -1
81 29 71 -1
82 28 49 -1
83 50 82 -1
84 46 58 -1
85 79 81 -1
86 21 54 -1
87 0 38 -1
88 37 79 -1
89 74 75 -1
90 21 70 -1
91 20 77 -1
92 39 85 -1
93 76 89 -1
94 12 36 -1
95 19 81 -1
96 33 44 -1
97 13 78 -1
98 65 97 -1
99 56 63 -1
100 4 53 -1
101 13 86 -1
102 61 73 -1
103 27 34 -1
104 36 51 -1
105 16 93 -1
106 25 105 1
107 49 103 -1
108 55 80 -1
109 24 73 -1
110 69 80 -1
111 10 54 -1
112 18 77 -1
113 64 108 -1
114 8 104 -1
115 5 14 -1
116 24 87 -1
117 103 115 -1
118 61 74 -1
119 2 118 28
120 17 89 -1
121 48 120 4
122 40 83 -1
123 84 122 8
124 72 87 -1
125 72 98 -1
126 80 125 2
127 99 101 -1
128 84 127 14
129 90 115 -1
130 91 129 -1
131 19 130 13
132 11 18 -1
133 91 96 -1
134 132 133 22
135 0 7 -1
136 92 135 -1
137 94 136 9
138 20 60 -1
139 94 117 -1
140 110 139 -1
141 105 140 17
142 48 107 -1
143 76 142 -1
144 36 143 24
145 17 116 -1
146 108 145 -1
147 52 146 31
148 0 100 -1
149 35 102 -1
150 148 149 15
151 44 75 -1
152 82 95 -1
153 151 152 10
154 11 41 -1
155 16 154 -1
156 92 155 26
157 76 90 -1
158 33 157 -1
159 78 158 11
160 28 88 -1
161 31 160 -1
162 138 161 -1
163 86 162 20
164 6 110 -1
165 46 164 -1
166 41 165 -1
167 111 166 5
168 14 111 -1
169 52 168 -1
170 112 169 -1
171 67 170 18
172 127 155 -1
173 2 67 -1
174 117 172 -1
175 173 174 21
176 69 124 -1
177 99 176 -1
178 18 123 -1
179 177 178 30
180 43 83 -1
181 75 114 -1
182 111 180 -1
183 181 182 29
184 30 87 -1
185 39 88 -1
186 107 184 -1
187 185 186 27
188 15 109 -1
189 11 104 -1
190 13 124 -1
191 117 189 -1
192 190 191 19
193 70 81 -1
194 46 125 -1
195 26 193 -1
196 194 195 12
197 52 56 -1
198 4 95 -1
199 197 198 -1
200 94 199 33
201 30 125 -1
202 34 201 -1
203 199 202 -1
204 162 203 6
205 14 185 -1
206 78 205 -1
207 41 188 -1
208 206 207 0
209 10 93 -1
210 22 83 -1
211 96 210 -1
212 209 211 3
213 165 201 -1
214 64 213 -1
215 37 214 -1
216 198 215 7
217 99 100 -1
218 26 217 -1
219 96 218 -1
220 58 219 32
221 149 185 -1
222 42 181 -1
223 221 222 -1
224 127 223 25
225 25 48 -1
226 8 225 -1
227 53 188 -1
228 226 227 23
229 52 138 -1
230 66 229 -1
231 22 230 -1
232 135 231 16
