58 12 23 -1
59 10 47 -1
60 37 40 -1
61 7 32 -1
62 43 60 -1
63 19 49 -1
64 16 34 -1
65 29 45 -1
66 6 14 -1
67 28 30 -1
68 53 57 -1
69 24 58 -1
70 15 48 -1
71 32 44 -1
72 39 43 -1
73 1 2 -1
74 4 33 -1
75 9 27 -1
76 12 36 -1
77 18 52 -1
78 3 34 -1
79 25 46 -1
80 17 54 -1
81 16 51 -1
82 4 9 -1
83 31 49 -1
84 54 66 -1
85 55 69 -1
86 64 76 -1
87 6 34 -1
88 5 26 -1
89 11 55 -1
90 10 35 -1
91 29 59 -1
92 7 64 -1
93 13 20 -1
94 22 30 -1
95 18 25 -1
96 0 80 -1
97 9 67 -1
98 39 40 -1
99 22 47 -1
100 36 39 -1
101 6 42 -1
102 58 70 -1
103 71 99 -1
104 73 74 -1
105 26 97 -1
106 45 63 -1
107 41 85 -1
108 5 68 -1
109 12 87 -1
110 61 82 -1
111 10 98 -1
112 38 79 -1
113 2 38 -1
114 0 1 -1
115 2 77 -1
116 46 71 -1
117 7 65 -1
118 4 88 -1
119 35 43 -1
120 59 118 -1
121 47 86 -1
122 50 65 -1
123 16 117 -1
124 72 73 -1
125 5 33 -1
126 21 78 -1
127 23 41 -1
128 40 44 -1
129 51 115 -1
130 57 75 -1
131 89 91 -1
132 20 24 -1
133 30 83 -1
134 23 53 -1
135 17 21 -1
136 53 56 -1
137 18 132 -1
138 8 93 -1
139 1 138 -1
140 16 55 -1
141 36 51 -1
142 64 108 -1
143 61 74 -1
144 20 81 -1
145 8 96 -1
146 4 145 -1
147 49 72 -1
148 95 125 -1
149 53 79 -1
150 0 50 -1
151 44 88 -1
152 103 105 -1
153 36 152 14
154 121 130 -1
155 19 154 27
156 96 129 -1
157 126 156 36
158 2 137 -1
159 142 158 26
160 84 123 -1
161 124 160 6
162 120 141 -1
163 82 122 -1
164 162 163 32
165 61 66 -1
166 111 136 -1
167 58 110 -1
168 166 167 7
169 94 102 -1
170 92 169 -1
171 27 170 55
172 107 108 -1
173 48 172 -1
174 6 173 40
175 43 78 -1
176 104 175 -1
177 67 176 25
178 52 62 -1
179 81 178 -1
180 102 179 45
181 75 106 -1
182 77 87 -1
183 181 182 22
184 21 143 -1
185 13 184 -1
186 149 185 21
187 75 139 -1
188 7 133 -1
189 187 188 46
190 67 111 -1
191 109 190 -1
192 113 191 37
193 43 122 -1
194 57 193 -1
195 148 194 17
196 44 109 -1
197 110 196 -1
198 89 197 33
199 120 121 -1
200 23 25 -1
201 199 200 29
202 5 147 -1
203 131 202 -1
204 27 203 56
205 62 93 -1
206 84 205 -1
207 116 206 5
208 17 97 -1
209 137 139 -1
210 136 208 -1
211 209 210 11
212 7 106 -1
213 18 119 -1
214 85 212 -1
215 213 214 10
216 57 134 -1
217 72 216 -1
218 165 217 -1
219 46 218 41
220 114 124 -1
221 59 220 -1
222 133 221 -1
223 134 222 1
224 84 100 -1
225 146 224 -1
226 56 225 -1
227 34 226 43
228 160 163 -1
229 13 59 -1
230 165 228 -1
231 229 230 20
232 77 107 -1
233 19 232 -1
234 76 233 -1
235 60 234 35
236 95 104 -1
237 11 112 -1
238 42 236 -1
239 237 238 15
240 79 121 -1
241 140 240 -1
242 3 128 -1
243 241 242 38
244 31 70 -1
245 10 95 -1
246 103 244 -1
247 245 246 31
248 54 128 -1
249 117 248 -1
250 19 249 -1
251 114 250 23
252 13 14 -1
253 127 252 -1
254 97 253 -1
255 112 254 47
256 24 28 -1
257 24 90 -1
258 150 257 -1
259 91 146 -1
260 258 259 19
261 112 116 -1
262 70 135 -1
263 119 262 -1
264 261 263 49
265 35 108 -1
266 87 92 -1
267 120 265 -1
268 266 267 42
269 27 35 -1
270 144 269 -1
271 145 270 -1
272 95 271 3
273 63 91 -1
274 25 61 -1
275 273 274 -1
276 62 275 8
277 47 60 -1
278 15 144 -1
279 277 278 -1
280 42 279 -1
281 131 280 0
282 15 63 -1
283 18 140 -1
284 90 283 -1
285 141 282 -1
286 284 285 39
287 49 62 -1
288 42 69 -1
289 50 287 -1
290 94 289 -1
291 288 290 9
292 137 256 -1
293 129 254 -1
294 292 293 -1
295 210 294 -1
296 134 295 50
297 28 114 -1
298 113 297 -1
299 58 88 -1
300 298 299 -1
301 29 300 30
302 31 66 -1
303 148 151 -1
304 149 150 -1
305 303 304 -1
306 16 94 -1
307 305 306 12
308 282 287 -1
309 3 38 -1
310 308 309 -1
311 23 310 -1
312 80 311 54
313 297 302 -1
314 48 313 -1
315 96 262 -1
316 22 314 -1
317 315 316 18
318 98 127 -1
319 82 126 -1
320 31 318 -1
321 11 320 -1
322 319 321 2
323 3 28 -1
324 11 323 -1
325 101 324 -1
326 105 115 -1
327 325 326 48
328 28 86 -1
329 52 125 -1
330 78 329 -1
331 328 330 -1
332 90 331 44
333 45 92 -1
334 25 66 -1
335 256 333 -1
336 224 335 -1
337 334 336 53
338 114 140 -1
339 45 338 -1
340 37 339 -1
341 42 143 -1
342 340 341 13
343 65 302 -1
344 57 252 -1
345 8 69 -1
346 343 345 -1
347 344 346 28
348 2 90 -1
349 17 44 -1
350 83 349 -1
351 134 348 -1
352 350 351 16
353 27 176 -1
354 132 309 -1
355 63 353 -1
356 82 124 -1
357 354 356 -1
358 355 357 57
359 44 101 -1
360 41 46 -1
361 33 359 -1
362 360 361 -1
363 113 362 -1
364 99 363 52
365 42 134 -1
366 136 202 -1
367 119 329 -1
368 365 367 -1
369 366 368 -1
370 141 369 51
371 99 240 -1
372 0 82 -1
373 135 371 -1
374 154 372 -1
375 373 374 -1
376 45 375 4
377 136 142 -1
378 30 43 -1
379 116 378 -1
380 140 151 -1
381 379 380 -1
382 377 381 24
383 303 361 -1
384 37 83 -1
385 16 384 -1
386 283 383 -1
387 21 386 -1
388 245 387 -1
389 385 388 34
