44 8 13 -1
45 21 36 -1
46 5 29 -1
47 23 24 -1
48 12 35 -1
49 3 17 -1
50 26 39 -1
51 0 43 -1
52 27 41 -1
53 31 42 -1
54 15 20 -1
55 9 32 -1
56 19 22 -1
57 6 28 -1
58 37 40 -1
59 7 34 -1
60 33 41 -1
61 1 45 -1
62 36 52 -1
63 25 44 -1
64 30 48 -1
65 2 61 -1
66 4 60 -1
67 20 47 -1
68 11 54 -1
69 16 44 -1
70 9 40 -1
71 38 70 -1
72 8 10 -1
73 19 36 -1
74 10 50 -1
75 5 18 -1
76 28 29 -1
77 31 46 -1
78 20 76 -1
79 43 54 -1
80 7 24 -1
81 17 48 -1
82 39 44 -1
83 53 58 -1
84 29 51 -1
85 59 77 -1
86 61 63 -1
87 53 65 -1
88 30 36 -1
89 8 51 -1
90 71 89 -1
91 49 67 -1
92 0 66 -1
93 34 55 -1
94 13 56 -1
95 35 50 -1
96 6 23 -1
97 17 57 -1
98 22 49 -1
99 39 98 -1
100 30 38 -1
101 9 26 -1
102 4 54 -1
103 25 81 -1
104 19 26 -1
105 12 67 -1
106 59 75 -1
107 80 105 -1
108 7 52 -1
109 23 27 -1
110 1 109 -1
111 4 11 -1
112 32 110 -1
113 56 93 -1
114 74 112 -1
115 14 78 -1
116 31 55 -1
117 64 108 -1
118 13 75 -1
119 110 118 -1
120 18 42 -1
121 35 116 -1
122 53 68 -1
123 83 84 -1
124 96 123 13
125 64 68 -1
126 106 125 23
127 12 45 -1
128 114 127 32
129 65 94 -1
130 95 129 26
131 45 82 -1
132 83 131 12
133 90 113 -1
134 104 133 16
135 46 86 -1
136 48 135 41
137 81 90 -1
138 73 137 10
139 71 92 -1
140 69 139 39
141 74 81 -1
142 79 141 21
143 27 95 -1
144 102 143 -1
145 97 144 43
146 88 103 -1
147 31 72 -1
148 146 147 17
149 8 104 -1
150 85 149 -1
151 3 150 18
152 32 85 -1
153 15 152 -1
154 62 153 25
155 46 100 -1
156 47 155 -1
157 99 156 30
158 7 30 -1
159 113 158 -1
160 112 159 20
161 115 116 -1
162 41 161 -1
163 49 162 38
164 34 91 -1
165 60 72 -1
166 164 165 28
167 45 111 -1
168 66 84 -1
169 63 168 -1
170 32 169 31
171 22 117 -1
172 2 58 -1
173 171 172 36
174 67 87 -1
175 73 174 -1
176 46 175 5
177 42 122 -1
178 70 82 -1
179 177 178 19
180 69 88 -1
181 51 180 -1
182 87 181 9
183 46 55 -1
184 167 183 -1
185 80 184 33
186 66 99 -1
187 91 186 -1
188 97 187 0
189 26 47 -1
190 119 189 -1
191 11 190 -1
192 40 191 14
193 57 108 -1
194 147 193 -1
195 149 194 -1
196 0 195 27
197 0 122 -1
198 19 197 -1
199 91 198 -1
200 28 199 7
201 37 41 -1
202 56 107 -1
203 201 202 -1
204 92 203 22
205 54 101 -1
206 96 100 -1
207 2 206 -1
208 205 207 15
209 43 62 -1
210 16 209 -1
211 105 205 -1
212 210 211 4
213 103 107 -1
214 19 213 -1
215 106 214 -1
216 54 215 11
217 120 165 -1
218 92 217 -1
219 98 218 -1
220 167 219 3
221 0 56 -1
222 78 102 -1
223 221 222 -1
224 121 223 1
225 13 86 -1
226 58 225 -1
227 57 226 -1
228 209 227 8
229 73 120 -1
230 107 229 -1
231 117 230 -1
232 119 231 34
233 24 62 -1
234 10 233 -1
235 94 96 -1
236 234 235 -1
237 37 236 6
238 21 122 -1
239 38 57 -1
240 238 239 -1
241 79 240 -1
242 121 241 35
243 42 78 -1
244 63 243 -1
245 3 10 -1
246 34 244 -1
247 245 246 42
248 37 38 -1
249 3 50 -1
250 69 248 -1
251 111 250 -1
252 249 251 29
253 43 45 -1
254 6 49 -1
255 93 253 -1
256 254 255 -1
257 40 256 40
258 79 118 -1
259 12 98 -1
260 97 258 -1
261 259 260 -1
262 78 261 37
263 51 161 -1
264 38 263 -1
265 25 264 -1
266 183 265 -1
267 4 266 24
268 67 108 -1
269 25 268 -1
270 5 114 -1
271 269 270 -1
272 60 271 2
