32 7 21 -1
33 0 16 -1
34 12 24 -1
35 1 25 -1
36 9 16 -1
37 3 27 -1
38 18 29 -1
39 6 8 -1
40 10 30 -1
41 22 23 -1
42 17 36 -1
43 14 33 -1
44 19 32 -1
45 2 29 -1
46 17 25 -1
47 20 27 -1
48 5 30 -1
49 7 35 -1
50 41 48 -1
51 6 24 -1
52 8 11 -1
53 42 51 -1
54 21 52 -1
55 53 54 25
56 8 40 -1
57 3 39 -1
58 15 30 -1
59 26 56 -1
60 0 58 -1
61 13 49 -1
62 23 38 -1
63 26 62 -1
64 12 46 -1
65 11 25 -1
66 34 47 -1
67 29 40 -1
68 15 27 -1
69 24 63 -1
70 13 38 -1
71 45 57 -1
72 19 34 -1
73 6 37 -1
74 4 32 -1
75 31 74 -1
76 10 65 -1
77 4 18 -1
78 31 63 -1
79 33 78 13
80 50 61 -1
81 64 80 6
82 32 39 -1
83 66 82 31
84 56 68 -1
85 61 84 2
86 36 56 -1
87 44 86 21
88 35 60 -1
89 59 88 15
90 33 72 -1
91 35 90 9
92 23 53 -1
93 35 92 23
94 2 75 -1
95 9 11 -1
96 94 95 11
97 65 95 -1
98 23 97 -1
99 71 98 18
100 44 46 -1
101 5 100 -1
102 51 101 19
103 70 71 -1
104 21 103 -1
105 47 104 3
106 5 45 -1
107 37 94 -1
108 106 107 20
109 9 49 -1
110 48 109 -1
111 28 110 10
112 41 54 -1
113 12 112 -1
114 36 113 17
115 52 69 -1
116 58 115 -1
117 112 116 26
118 3 5 -1
119 70 118 -1
120 42 119 30
121 34 62 -1
122 20 121 -1
123 60 122 5
124 10 33 -1
125 44 45 -1
126 124 125 16
127 9 37 -1
128 115 127 -1
129 38 128 28
130 14 57 -1
131 50 59 -1
132 130 131 27
133 13 17 -1
134 43 133 -1
135 67 134 29
136 22 71 -1
137 73 136 -1
138 130 137 12
139 21 46 -1
140 43 139 -1
141 31 140 14
142 66 121 -1
143 67 142 -1
144 64 143 1
145 36 77 -1
146 50 97 -1
147 145 146 24
148 2 66 -1
149 49 76 -1
150 148 149 4
151 2 72 -1
152 73 151 -1
153 7 28 -1
154 152 153 7
155 28 76 -1
156 3 155 -1
157 34 156 -1
158 77 157 0
159 48 65 -1
160 88 159 -1
161 0 160 -1
162 43 161 8
163 22 32 -1
164 64 68 -1
165 65 163 -1
166 164 165 22
