40 34 35 -1
41 10 25 -1
42 6 39 -1
43 15 38 -1
44 13 21 -1
45 19 42 -1
46 0 18 -1
47 4 17 -1
48 14 27 -1
49 20 29 -1
50 14 23 -1
51 28 44 -1
52 3 7 -1
53 31 43 -1
54 5 11 -1
55 25 50 -1
56 8 30 -1
57 5 36 -1
58 0 10 -1
59 2 3 -1
60 4 9 -1
61 21 24 -1
62 12 38 -1
63 41 60 -1
64 10 61 -1
65 11 59 -1
66 2 33 -1
67 22 29 -1
68 12 47 -1
69 15 19 -1
70 28 52 -1
71 0 9 -1
72 57 71 -1
73 28 49 -1
74 30 45 -1
75 37 49 -1
76 8 75 -1
77 29 58 -1
78 1 27 -1
79 48 67 -1
80 6 79 -1
81 12 24 -1
82 3 42 -1
83 31 41 -1
84 32 45 -1
85 18 47 -1
86 8 23 -1
87 9 62 -1
88 4 13 -1
89 5 6 -1
90 3 16 -1
91 35 85 -1
92 4 11 -1
93 33 46 -1
94 76 87 -1
95 88 94 9
96 90 91 -1
97 20 96 15
98 37 69 -1
99 72 98 10
100 70 84 -1
101 27 100 28
102 13 80 -1
103 59 102 32
104 46 53 -1
105 52 104 19
106 64 65 -1
107 63 106 26
108 34 81 -1
109 10 85 -1
110 86 109 -1
111 89 110 38
112 27 83 -1
113 82 112 -1
114 34 113 33
115 2 63 -1
116 47 115 -1
117 40 116 12
118 1 54 -1
119 21 74 -1
120 118 119 27
121 36 53 -1
122 78 121 -1
123 64 122 0
124 27 52 -1
125 90 124 -1
126 76 125 16
127 32 80 -1
128 81 127 -1
129 49 128 21
130 29 56 -1
131 7 63 -1
132 130 131 25
133 32 51 -1
134 17 46 -1
135 133 134 14
136 38 75 -1
137 70 136 -1
138 77 137 23
139 26 66 -1
140 77 139 -1
141 43 140 22
142 55 57 -1
143 35 142 -1
144 67 143 34
145 41 56 -1
146 68 145 -1
147 33 146 37
148 86 87 -1
149 36 40 -1
150 148 149 36
151 84 133 -1
152 2 151 -1
153 43 152 7
154 53 73 -1
155 26 92 -1
156 154 155 4
157 35 69 -1
158 48 68 -1
159 157 158 29
160 52 65 -1
161 18 160 -1
162 55 161 17
163 22 108 -1
164 28 163 -1
165 74 164 2
166 40 73 -1
167 54 166 -1
168 15 24 -1
169 167 168 1
170 25 44 -1
171 40 170 -1
172 1 29 -1
173 171 172 18
174 39 64 -1
175 31 174 -1
176 4 175 -1
177 93 176 3
178 38 107 -1
179 4 108 -1
180 66 178 -1
181 179 180 8
182 55 66 -1
183 20 32 -1
184 39 183 -1
185 182 184 20
186 84 88 -1
187 31 89 -1
188 90 186 -1
189 187 188 5
190 14 58 -1
191 4 190 -1
192 74 82 -1
193 191 192 11
194 16 41 -1
195 37 187 -1
196 194 195 -1
197 11 196 35
198 28 39 -1
199 17 72 -1
200 198 199 -1
201 23 200 31
202 44 59 -1
203 8 35 -1
204 198 203 -1
205 202 204 39
206 30 48 -1
207 40 206 -1
208 0 207 -1
209 26 208 13
210 45 93 -1
211 7 14 -1
212 210 211 -1
213 9 119 -1
214 212 213 30
215 13 25 -1
216 145 215 -1
217 78 216 -1
218 37 217 -1
219 15 218 24
220 50 91 -1
221 38 92 -1
222 6 33 -1
223 220 222 -1
224 221 223 6
