38 26 36 -1
39 0 30 -1
40 21 22 -1
41 10 30 -1
42 7 31 -1
43 28 29 -1
44 19 24 -1
45 12 32 -1
46 5 33 -1
47 11 39 -1
48 6 28 -1
49 17 25 -1
50 16 41 -1
51 15 19 -1
52 16 24 -1
53 14 31 -1
54 8 37 -1
55 11 13 -1
56 20 47 -1
57 21 23 -1
58 14 38 -1
59 4 40 -1
60 44 48 -1
61 2 15 -1
62 22 48 -1
63 3 18 -1
64 20 35 -1
65 26 52 -1
66 7 12 -1
67 17 23 -1
68 10 46 -1
69 32 41 -1
70 34 67 -1
71 57 70 -1
72 3 34 -1
73 27 69 -1
74 36 49 -1
75 20 41 -1
76 29 40 -1
77 43 70 -1
78 1 56 -1
79 23 61 -1
80 44 56 -1
81 68 71 -1
82 29 45 -1
83 39 42 -1
84 4 5 -1
85 19 45 -1
86 72 83 -1
87 33 60 -1
88 41 42 -1
89 29 38 -1
90 87 89 -1
91 7 90 17
92 19 55 -1
93 49 53 -1
94 30 43 -1
95 8 59 -1
96 34 54 -1
97 55 68 -1
98 35 51 -1
99 2 62 -1
100 39 50 -1
101 49 64 -1
102 0 84 -1
103 6 27 -1
104 65 66 -1
105 102 104 -1
106 55 105 37
107 58 75 -1
108 95 107 23
109 51 74 -1
110 73 109 13
111 92 93 -1
112 78 111 35
113 77 84 -1
114 86 113 1
115 9 96 -1
116 80 115 29
117 2 73 -1
118 77 117 21
119 3 75 -1
120 61 76 -1
121 119 120 9
122 16 99 -1
123 31 57 -1
124 78 123 -1
125 50 124 12
126 12 76 -1
127 53 126 -1
128 81 127 31
129 17 99 -1
130 100 129 -1
131 63 130 25
132 38 83 -1
133 51 57 -1
134 132 133 22
135 11 14 -1
136 79 132 -1
137 135 136 6
138 15 94 -1
139 52 86 -1
140 138 139 27
141 16 59 -1
142 101 141 -1
143 63 142 24
144 38 85 -1
145 95 144 -1
146 96 145 30
147 93 122 -1
148 13 147 -1
149 9 148 3
150 26 88 -1
151 18 150 -1
152 62 151 16
153 18 80 -1
154 51 82 -1
155 153 154 36
156 5 90 -1
157 13 156 -1
158 103 157 18
159 10 92 -1
160 89 159 -1
161 35 160 -1
162 54 161 32
163 6 88 -1
164 52 85 -1
165 35 163 -1
166 164 165 7
167 37 69 -1
168 67 97 -1
169 167 168 -1
170 31 169 34
171 5 135 -1
172 31 98 -1
173 171 172 -1
174 72 173 14
175 52 127 -1
176 31 175 -1
177 89 176 -1
178 9 177 15
179 37 98 -1
180 87 179 -1
181 133 180 -1
182 36 181 26
183 27 100 -1
184 22 183 -1
185 8 184 -1
186 85 185 11
187 6 81 -1
188 9 32 -1
189 74 188 -1
190 187 189 19
191 42 183 -1
192 105 191 -1
193 44 187 -1
194 192 193 4
195 21 59 -1
196 65 195 -1
197 94 196 -1
198 98 197 5
199 71 82 -1
200 47 199 -1
201 9 72 -1
202 200 201 20
203 95 135 -1
204 51 60 -1
205 102 203 -1
206 204 205 2
207 1 45 -1
208 97 207 -1
209 27 208 -1
210 63 209 8
211 64 65 -1
212 18 211 -1
213 37 212 -1
214 79 213 33
215 1 36 -1
216 21 66 -1
217 215 216 -1
218 156 217 -1
219 204 218 28
220 54 103 -1
221 16 66 -1
222 18 221 -1
223 220 222 -1
224 15 223 10
225 0 101 -1
226 29 225 -1
227 23 96 -1
228 13 226 -1
229 227 228 0
