36 4 12 -1
37 23 28 -1
38 6 29 -1
39 22 23 -1
40 18 34 -1
41 5 39 -1
42 9 35 -1
43 30 32 -1
44 20 31 -1
45 3 7 -1
46 2 12 -1
47 13 38 -1
48 17 27 -1
49 14 35 -1
50 9 36 -1
51 7 50 -1
52 15 25 -1
53 8 29 -1
54 44 48 -1
55 3 5 -1
56 37 45 -1
57 26 51 -1
58 1 38 -1
59 41 49 -1
60 8 21 -1
61 10 22 -1
62 20 55 -1
63 6 31 -1
64 18 62 -1
65 2 19 -1
66 27 52 -1
67 0 65 -1
68 24 36 -1
69 32 68 -1
70 37 69 -1
71 15 70 10
72 4 48 -1
73 23 32 -1
74 46 53 -1
75 11 43 -1
76 10 33 -1
77 0 30 -1
78 10 16 -1
79 25 46 -1
80 1 5 -1
81 19 39 -1
82 34 75 -1
83 47 81 -1
84 79 83 5
85 16 40 -1
86 30 45 -1
87 11 23 -1
88 35 57 -1
89 72 88 12
90 12 61 -1
91 56 90 16
92 6 54 -1
93 42 92 9
94 40 54 -1
95 55 94 31
96 7 58 -1
97 66 96 17
98 34 57 -1
99 63 98 21
100 21 50 -1
101 67 100 15
102 36 60 -1
103 47 102 11
104 3 4 -1
105 8 104 -1
106 59 105 23
107 14 74 -1
108 67 73 -1
109 107 108 20
110 79 80 -1
111 78 110 -1
112 77 111 3
113 71 72 -1
114 9 66 -1
115 113 114 35
116 26 42 -1
117 40 61 -1
118 37 58 -1
119 116 118 18
120 3 40 -1
121 69 77 -1
122 120 121 0
123 17 80 -1
124 6 123 -1
125 81 124 14
126 59 117 -1
127 29 90 -1
128 126 127 1
129 75 76 -1
130 28 129 -1
131 9 130 13
132 21 82 -1
133 27 132 -1
134 38 78 -1
135 51 134 -1
136 74 135 33
137 42 62 -1
138 21 137 -1
139 46 138 26
140 13 23 -1
141 133 140 -1
142 130 141 34
143 31 133 -1
144 72 102 -1
145 143 144 29
146 86 132 -1
147 6 146 -1
148 85 147 32
149 20 65 -1
150 15 149 -1
151 117 150 24
152 45 53 -1
153 64 152 -1
154 43 153 19
155 52 87 -1
156 2 56 -1
157 31 47 -1
158 156 157 2
159 23 59 -1
160 63 159 -1
161 64 160 28
162 2 60 -1
163 85 162 -1
164 73 163 30
165 28 44 -1
166 114 116 -1
167 8 166 -1
168 165 167 6
169 76 117 -1
170 25 116 -1
171 169 170 -1
172 98 171 22
173 35 143 -1
174 46 146 -1
175 22 173 -1
176 174 175 8
177 0 157 -1
178 38 177 -1
179 33 178 -1
180 155 179 27
181 4 74 -1
182 69 80 -1
183 82 181 -1
184 182 183 7
185 26 39 -1
186 24 185 -1
187 11 104 -1
188 62 186 -1
189 187 188 25
190 152 155 -1
191 84 96 -1
192 107 191 -1
193 190 192 -1
194 21 193 4
