46 27 41 -1
47 0 42 -1
48 24 31 -1
49 7 8 -1
50 25 44 -1
51 3 35 -1
52 5 15 -1
53 4 45 -1
54 21 46 -1
55 0 24 -1
56 40 45 -1
57 25 52 -1
58 28 43 -1
59 33 39 -1
60 31 53 -1
61 12 20 -1
62 11 30 -1
63 20 23 -1
64 8 23 -1
65 7 13 -1
66 1 10 -1
67 36 44 -1
68 28 50 -1
69 4 6 -1
70 27 38 -1
71 37 39 -1
72 26 48 -1
73 9 47 -1
74 12 26 -1
75 32 64 -1
76 48 67 -1
77 15 61 -1
78 34 46 -1
79 38 43 -1
80 29 47 -1
81 7 34 -1
82 16 66 -1
83 36 56 -1
84 3 16 -1
85 17 51 -1
86 44 70 -1
87 17 67 -1
88 31 36 -1
89 19 34 -1
90 22 77 -1
91 53 90 -1
92 17 91 14
93 2 7 -1
94 41 65 -1
95 32 80 -1
96 12 18 -1
97 39 42 -1
98 12 19 -1
99 3 88 -1
100 30 93 -1
101 30 39 -1
102 0 45 -1
103 5 10 -1
104 29 44 -1
105 13 102 -1
106 1 45 -1
107 35 106 -1
108 6 98 -1
109 11 32 -1
110 66 74 -1
111 94 110 11
112 55 56 -1
113 68 112 17
114 60 65 -1
115 73 114 39
116 54 82 -1
117 89 116 30
118 19 80 -1
119 83 118 15
120 51 57 -1
121 59 120 21
122 60 76 -1
123 75 122 36
124 72 85 -1
125 50 124 38
126 28 101 -1
127 103 126 -1
128 105 127 24
129 84 101 -1
130 86 129 -1
131 17 130 25
132 11 84 -1
133 76 132 -1
134 59 133 4
135 43 62 -1
136 24 135 -1
137 108 136 20
138 57 79 -1
139 103 138 -1
140 104 139 12
141 51 55 -1
142 64 141 -1
143 65 142 32
144 75 78 -1
145 14 43 -1
146 144 145 33
147 33 58 -1
148 11 55 -1
149 93 148 -1
150 58 149 16
151 62 81 -1
152 18 151 -1
153 77 152 22
154 29 63 -1
155 72 154 -1
156 39 155 13
157 96 97 -1
158 16 157 -1
159 91 158 2
160 47 54 -1
161 79 160 -1
162 4 161 28
163 28 86 -1
164 69 82 -1
165 163 164 7
166 1 69 -1
167 20 166 -1
168 95 167 26
169 13 74 -1
170 87 169 -1
171 68 170 18
172 22 106 -1
173 135 138 -1
174 172 173 8
175 8 57 -1
176 31 147 -1
177 175 176 41
178 14 96 -1
179 49 99 -1
180 178 179 31
181 56 71 -1
182 49 181 -1
183 54 70 -1
184 182 183 3
185 9 22 -1
186 32 40 -1
187 144 186 -1
188 185 187 43
189 68 81 -1
190 3 30 -1
191 189 190 -1
192 57 191 44
193 18 51 -1
194 4 100 -1
195 36 194 -1
196 193 195 35
197 12 103 -1
198 56 197 -1
199 21 60 -1
200 198 199 19
201 63 85 -1
202 37 201 -1
203 58 84 -1
204 202 203 23
205 22 97 -1
206 28 205 -1
207 49 98 -1
208 206 207 40
209 48 61 -1
210 73 209 -1
211 25 210 -1
212 21 211 6
213 26 107 -1
214 30 49 -1
215 104 214 -1
216 213 215 1
217 74 109 -1
218 4 105 -1
219 213 218 -1
220 217 219 37
221 7 22 -1
222 14 221 -1
223 48 222 -1
224 54 223 42
225 95 102 -1
226 16 225 -1
227 41 50 -1
228 226 227 29
229 41 108 -1
230 147 217 -1
231 145 229 -1
232 230 231 10
233 48 101 -1
234 34 122 -1
235 104 234 -1
236 181 235 -1
237 233 236 45
238 59 63 -1
239 17 238 -1
240 24 239 -1
241 69 240 -1
242 41 241 0
243 10 71 -1
244 31 243 -1
245 42 94 -1
246 244 245 -1
247 100 246 9
248 81 194 -1
249 3 238 -1
250 156 248 -1
251 237 250 -1
252 249 251 27
253 21 71 -1
254 35 87 -1
255 253 254 -1
256 9 255 -1
257 6 256 5
258 15 87 -1
259 88 258 -1
260 43 89 -1
261 259 260 -1
262 1 261 34
