62 8 14 -1
63 11 61 -1
64 41 42 -1
65 0 43 -1
66 27 28 -1
67 47 56 -1
68 9 18 -1
69 25 33 -1
70 52 54 -1
71 3 40 -1
72 1 26 -1
73 5 23 -1
74 26 29 -1
75 28 43 -1
76 13 20 -1
77 37 53 -1
78 20 44 -1
79 25 45 -1
80 36 46 -1
81 6 58 -1
82 48 56 -1
83 34 62 -1
84 45 64 -1
85 61 67 -1
86 25 72 -1
87 9 50 -1
88 17 68 -1
89 1 23 -1
90 31 49 -1
91 4 32 -1
92 21 27 -1
93 12 28 -1
94 5 30 -1
95 26 59 -1
96 11 29 -1
97 75 96 -1
98 7 53 -1
99 29 39 -1
100 22 32 -1
101 7 57 -1
102 30 50 -1
103 0 52 -1
104 9 70 -1
105 8 61 -1
106 19 46 -1
107 22 53 -1
108 42 60 -1
109 33 56 -1
110 63 65 -1
111 41 110 -1
112 71 87 -1
113 63 91 -1
114 2 90 -1
115 13 96 -1
116 78 106 -1
117 80 89 -1
118 70 92 -1
119 23 66 -1
120 10 79 -1
121 27 65 -1
122 33 74 -1
123 69 73 -1
124 64 123 -1
125 6 93 -1
126 7 88 -1
127 36 62 -1
128 51 56 -1
129 38 47 -1
130 99 129 -1
131 103 105 -1
132 55 121 -1
133 37 108 -1
134 38 76 -1
135 4 18 -1
136 34 43 -1
137 49 53 -1
138 14 98 -1
139 16 57 -1
140 42 134 -1
141 75 108 -1
142 3 34 -1
143 31 67 -1
144 28 77 -1
145 50 106 -1
146 81 145 -1
147 16 52 -1
148 41 147 -1
149 35 104 -1
150 68 72 -1
151 41 137 -1
152 24 48 -1
153 14 16 -1
154 17 109 -1
155 107 154 -1
156 24 25 -1
157 13 81 -1
158 40 43 -1
159 32 38 -1
160 11 15 -1
161 1 55 -1
162 52 71 -1
163 28 79 -1
164 35 44 -1
165 18 51 -1
166 2 5 -1
167 4 23 -1
168 89 111 -1
169 83 168 61
170 104 127 -1
171 130 170 38
172 114 120 -1
173 119 172 24
174 88 117 -1
175 96 116 -1
176 174 175 8
177 85 139 -1
178 95 177 -1
179 165 178 21
180 107 110 -1
181 84 180 -1
182 55 181 43
183 64 113 -1
184 15 183 -1
185 114 184 51
186 126 134 -1
187 159 186 -1
188 128 187 17
189 80 152 -1
190 79 131 -1
191 189 190 35
192 166 167 -1
193 95 97 -1
194 192 193 50
195 101 132 -1
196 29 102 -1
197 195 196 16
198 100 148 -1
199 63 74 -1
200 198 199 20
201 50 150 -1
202 93 201 -1
203 151 202 52
204 78 85 -1
205 25 133 -1
206 204 205 15
207 138 140 -1
208 39 207 -1
209 95 208 41
210 141 166 -1
211 16 210 -1
212 140 211 19
213 118 125 -1
214 55 213 -1
215 88 214 2
216 67 86 -1
217 92 112 -1
218 216 217 5
219 42 105 -1
220 15 146 -1
221 82 220 -1
222 219 221 13
223 42 103 -1
224 40 123 -1
225 223 224 -1
226 101 225 47
227 75 92 -1
228 59 131 -1
229 135 227 -1
230 228 229 6
231 4 10 -1
232 93 231 -1
233 83 232 -1
234 99 233 26
235 66 105 -1
236 113 235 -1
237 58 236 -1
238 98 237 25
239 6 151 -1
240 155 167 -1
241 152 239 -1
242 240 241 0
243 132 158 -1
244 159 243 -1
245 109 244 -1
246 133 245 9
247 48 122 -1
248 62 247 -1
249 102 248 -1
250 91 249 44
251 23 52 -1
252 144 251 -1
253 61 252 -1
254 146 253 1
255 136 156 -1
256 149 255 -1
257 16 256 -1
258 59 257 30
259 34 121 -1
260 60 101 -1
261 0 116 -1
262 260 261 -1
263 104 262 7
264 105 111 -1
265 32 264 -1
266 115 265 -1
267 69 266 22
268 54 79 -1
269 83 268 -1
270 119 124 -1
271 269 270 3
272 58 87 -1
273 12 126 -1
274 272 273 -1
275 127 274 23
276 2 33 -1
277 112 115 -1
278 59 277 -1
279 276 278 54
280 30 36 -1
281 26 153 -1
282 155 281 -1
283 280 282 59
284 22 44 -1
285 95 284 -1
286 94 259 -1
287 285 286 60
288 19 109 -1
289 85 288 -1
290 7 24 -1
291 289 290 -1
292 97 291 57
293 143 144 -1
294 35 293 -1
295 57 294 -1
296 94 295 37
297 128 142 -1
298 49 297 -1
299 157 298 -1
300 9 299 28
301 81 272 -1
302 136 301 -1
303 2 302 -1
304 84 303 29
305 13 21 -1
306 124 305 -1
307 39 306 -1
308 60 307 40
309 28 87 -1
310 305 309 -1
311 117 310 -1
312 104 311 56
313 69 142 -1
314 30 135 -1
315 313 314 -1
316 143 315 46
317 48 161 -1
318 37 317 -1
319 46 158 -1
320 157 319 -1
321 318 320 58
322 15 66 -1
323 53 193 -1
324 285 322 -1
325 130 324 -1
326 323 325 34
327 44 141 -1
328 82 327 -1
329 7 328 -1
330 102 329 -1
331 125 330 11
332 15 156 -1
333 162 163 -1
334 47 332 -1
335 161 334 -1
336 333 335 53
337 39 216 -1
338 48 61 -1
339 3 337 -1
340 338 339 -1
341 2 340 31
342 9 24 -1
343 63 94 -1
344 69 342 -1
345 343 344 -1
346 90 345 42
347 36 119 -1
348 138 347 -1
349 82 348 -1
350 43 349 -1
351 137 350 49
352 14 160 -1
353 13 100 -1
354 259 353 -1
355 352 354 -1
356 255 355 45
357 20 50 -1
358 54 153 -1
359 77 358 -1
360 64 359 -1
361 357 360 18
362 51 62 -1
363 37 149 -1
364 6 363 -1
365 362 364 -1
366 148 365 48
367 86 137 -1
368 12 15 -1
369 367 368 -1
370 30 60 -1
371 369 370 27
372 51 99 -1
373 34 50 -1
374 97 122 -1
375 372 373 -1
376 374 375 32
377 9 120 -1
378 98 164 -1
379 80 377 -1
380 40 378 -1
381 379 380 10
382 276 333 -1
383 122 382 -1
384 79 202 -1
385 37 383 -1
386 357 385 -1
387 384 386 4
388 54 100 -1
389 18 58 -1
390 39 389 -1
391 71 388 -1
392 73 391 -1
393 390 392 33
394 95 204 -1
395 375 394 -1
396 179 218 -1
397 395 396 -1
398 96 397 -1
399 339 398 12
400 46 165 -1
401 39 400 -1
402 55 166 -1
403 12 402 -1
404 164 401 -1
405 403 404 36
406 129 140 -1
407 6 46 -1
408 163 407 -1
409 406 408 -1
410 3 57 -1
411 409 410 14
412 231 352 -1
413 21 117 -1
414 159 413 -1
415 153 167 -1
416 412 414 -1
417 415 416 39
418 37 288 -1
419 284 418 -1
420 73 240 -1
421 419 420 -1
422 8 92 -1
423 421 422 55
