50 1 13 -1
51 27 44 -1
52 2 47 -1
53 11 45 -1
54 4 12 -1
55 7 8 -1
56 21 32 -1
57 38 39 -1
58 16 37 -1
59 26 37 -1
60 19 55 -1
61 8 49 -1
62 34 54 -1
63 48 53 -1
64 10 35 -1
65 3 5 -1
66 41 50 -1
67 20 31 -1
68 9 49 -1
69 24 29 -1
70 30 46 -1
71 18 42 -1
72 30 63 -1
73 26 60 -1
74 9 50 -1
75 23 59 -1
76 4 73 -1
77 22 48 -1
78 34 35 -1
79 40 52 -1
80 21 57 -1
81 15 80 -1
82 38 70 -1
83 32 42 -1
84 22 83 -1
85 3 41 -1
86 9 33 -1
87 26 79 -1
88 2 69 -1
89 17 43 -1
90 23 28 -1
91 1 36 -1
92 0 20 -1
93 10 14 -1
94 44 62 -1
95 42 45 -1
96 10 68 -1
97 34 72 -1
98 30 31 -1
99 11 62 -1
100 3 28 -1
101 45 67 -1
102 61 101 -1
103 6 84 -1
104 0 66 -1
105 2 44 -1
106 34 51 -1
107 5 25 -1
108 65 77 -1
109 17 36 -1
110 52 65 -1
111 55 92 -1
112 24 42 -1
113 32 106 -1
114 8 56 -1
115 111 112 -1
116 11 46 -1
117 89 99 -1
118 19 47 -1
119 39 81 -1
120 80 91 -1
121 4 33 -1
122 21 51 -1
123 4 58 -1
124 26 122 -1
125 24 124 -1
126 71 93 -1
127 56 76 -1
128 110 127 5
129 75 104 -1
130 105 129 23
131 58 64 -1
132 56 94 -1
133 131 132 25
134 3 81 -1
135 103 134 -1
136 86 135 0
137 14 108 -1
138 43 48 -1
139 80 109 -1
140 137 139 48
141 85 87 -1
142 51 96 -1
143 141 142 1
144 39 94 -1
145 65 144 -1
146 95 145 18
147 114 116 -1
148 104 147 -1
149 63 148 42
150 75 83 -1
151 74 98 -1
152 150 151 33
153 39 60 -1
154 99 100 -1
155 153 154 45
156 13 27 -1
157 97 142 -1
158 156 157 26
159 39 66 -1
160 102 159 -1
161 23 160 28
162 47 85 -1
163 64 90 -1
164 7 163 -1
165 125 164 36
166 35 43 -1
167 88 166 -1
168 28 78 -1
169 11 25 -1
170 88 169 -1
171 113 170 17
172 29 117 -1
173 21 67 -1
174 172 173 32
175 114 120 -1
176 75 166 -1
177 175 176 2
178 52 63 -1
179 36 178 -1
180 74 179 13
181 36 86 -1
182 51 181 -1
183 115 182 9
184 82 168 -1
185 95 184 -1
186 12 185 19
187 27 167 -1
188 121 163 -1
189 187 188 24
190 66 137 -1
191 12 166 -1
192 93 190 -1
193 191 192 6
194 44 109 -1
195 4 111 -1
196 194 195 -1
197 68 196 29
198 85 102 -1
199 18 84 -1
200 198 199 -1
201 49 200 47
202 39 97 -1
203 37 202 -1
204 40 203 -1
205 69 204 39
206 107 138 -1
207 1 122 -1
208 206 207 -1
209 110 208 31
210 53 98 -1
211 31 41 -1
212 57 89 -1
213 206 210 -1
214 212 213 41
215 24 65 -1
216 13 82 -1
217 123 216 -1
218 210 217 16
219 118 119 -1
220 210 211 -1
221 219 220 15
222 49 103 -1
223 37 107 -1
224 28 222 -1
225 223 224 20
226 46 120 -1
227 119 226 -1
228 87 227 -1
229 78 228 11
230 106 126 -1
231 118 125 -1
232 4 230 -1
233 231 232 7
234 81 88 -1
235 37 234 -1
236 61 112 -1
237 235 236 38
238 33 41 -1
239 78 238 -1
240 60 239 -1
241 56 240 14
242 52 211 -1
243 29 82 -1
244 242 243 -1
245 59 244 40
246 0 79 -1
247 53 102 -1
248 6 246 -1
249 247 248 46
250 17 167 -1
251 87 250 -1
252 70 251 -1
253 45 252 8
254 137 138 -1
255 134 254 -1
256 105 255 -1
257 82 256 4
258 45 106 -1
259 16 258 -1
260 73 259 -1
261 6 260 34
262 59 121 -1
263 25 262 -1
264 40 61 -1
265 77 263 -1
266 264 265 35
267 1 114 -1
268 9 18 -1
269 10 62 -1
270 17 268 -1
271 239 270 -1
272 269 271 12
273 31 90 -1
274 268 273 -1
275 264 267 -1
276 274 275 43
277 84 267 -1
278 115 277 -1
279 119 278 -1
280 33 279 21
281 14 162 -1
282 154 269 -1
283 58 281 -1
284 159 283 -1
285 282 284 37
286 16 44 -1
287 61 100 -1
288 48 286 -1
289 76 287 -1
290 288 289 27
291 40 113 -1
292 58 291 -1
293 78 292 -1
294 118 293 -1
295 17 294 44
296 34 46 -1
297 212 215 -1
298 134 297 -1
299 132 298 -1
300 296 299 30
301 12 162 -1
302 26 80 -1
303 13 301 -1
304 30 303 -1
305 302 304 49
306 6 74 -1
307 35 306 -1
308 107 123 -1
309 215 307 -1
310 308 309 10
311 7 126 -1
312 91 311 -1
313 29 49 -1
314 116 313 -1
315 312 314 3
316 85 224 -1
317 200 316 -1
318 43 95 -1
319 20 296 -1
320 317 318 -1
321 319 320 22
