42 25 34 -1
43 8 22 -1
44 10 33 -1
45 26 35 -1
46 19 38 -1
47 21 24 -1
48 28 31 -1
49 40 41 -1
50 4 30 -1
51 28 32 -1
52 0 2 -1
53 4 15 -1
54 14 22 -1
55 13 43 -1
56 0 29 -1
57 3 44 -1
58 5 12 -1
59 10 11 -1
60 33 48 -1
61 6 60 -1
62 11 28 -1
63 25 45 -1
64 36 42 -1
65 7 47 -1
66 27 28 -1
67 20 57 -1
68 8 56 -1
69 50 51 -1
70 20 48 -1
71 53 59 -1
72 17 62 -1
73 23 37 -1
74 1 18 -1
75 9 69 -1
76 2 27 -1
77 17 43 -1
78 49 55 -1
79 13 68 -1
80 63 67 -1
81 45 72 -1
82 26 29 -1
83 35 42 -1
84 9 83 -1
85 30 73 -1
86 5 8 -1
87 13 32 -1
88 64 78 -1
89 46 88 40
90 70 86 -1
91 54 66 -1
92 35 50 -1
93 3 47 -1
94 77 92 -1
95 23 36 -1
96 41 94 -1
97 61 96 3
98 39 82 -1
99 54 63 -1
100 24 58 -1
101 22 76 -1
102 5 25 -1
103 4 44 -1
104 83 103 -1
105 18 89 -1
106 16 84 -1
107 38 39 -1
108 95 107 -1
109 48 59 -1
110 45 66 -1
111 51 68 -1
112 19 75 -1
113 21 36 -1
114 16 40 -1
115 12 22 -1
116 21 37 -1
117 54 69 -1
118 78 117 14
119 53 63 -1
120 79 119 11
121 69 93 -1
122 98 121 24
123 52 80 -1
124 12 123 37
125 47 104 -1
126 110 125 27
127 52 64 -1
128 90 127 31
129 0 62 -1
130 65 81 -1
131 56 130 25
132 61 91 -1
133 65 132 -1
134 49 133 4
135 8 80 -1
136 26 135 -1
137 85 136 22
138 71 82 -1
139 38 138 -1
140 70 139 38
141 5 76 -1
142 15 99 -1
143 141 142 19
144 41 111 -1
145 108 144 -1
146 14 145 6
147 83 86 -1
148 87 147 -1
149 105 148 41
150 92 93 -1
151 23 150 -1
152 101 151 21
153 108 109 -1
154 46 153 -1
155 74 154 33
156 49 74 -1
157 84 156 -1
158 82 157 35
159 136 148 -1
160 102 111 -1
161 159 160 2
162 6 99 -1
163 96 162 -1
164 98 163 39
165 52 54 -1
166 1 165 -1
167 104 166 1
168 87 107 -1
169 6 106 -1
170 168 169 36
171 46 71 -1
172 65 171 -1
173 102 172 8
174 35 85 -1
175 60 174 -1
176 100 175 23
177 92 129 -1
178 105 127 -1
179 97 178 -1
180 177 179 9
181 47 75 -1
182 103 109 -1
183 102 181 -1
184 182 183 20
185 18 91 -1
186 90 185 -1
187 39 186 -1
188 13 187 32
189 58 106 -1
190 7 189 -1
191 46 63 -1
192 190 191 10
193 38 147 -1
194 81 84 -1
195 193 194 -1
196 33 195 28
197 48 114 -1
198 115 197 -1
199 116 198 -1
200 19 199 13
201 64 91 -1
202 26 201 -1
203 101 202 -1
204 100 203 30
205 18 20 -1
206 54 112 -1
207 205 206 -1
208 30 207 16
209 53 113 -1
210 43 52 -1
211 209 210 -1
212 31 211 15
213 3 30 -1
214 209 213 -1
215 116 214 -1
216 76 94 -1
217 215 216 29
218 53 177 -1
219 34 175 -1
220 13 219 -1
221 218 220 12
222 58 87 -1
223 27 57 -1
224 74 222 -1
225 223 224 34
226 151 191 -1
227 126 226 -1
228 213 227 -1
229 40 228 18
230 41 109 -1
231 47 214 -1
232 110 171 -1
233 231 232 -1
234 230 233 5
235 17 71 -1
236 6 235 -1
237 36 236 -1
238 27 75 -1
239 237 238 0
240 25 78 -1
241 114 240 -1
242 6 31 -1
243 241 242 -1
244 4 243 17
245 53 82 -1
246 112 245 -1
247 111 246 -1
248 115 247 -1
249 1 248 26
250 102 157 -1
251 132 241 -1
252 188 251 -1
253 199 252 -1
254 250 253 -1
255 83 254 7
