48 17 39 -1
49 36 41 -1
50 3 7 -1
51 11 32 -1
52 15 19 -1
53 5 40 -1
54 26 30 -1
55 1 18 -1
56 23 33 -1
57 4 20 -1
58 8 39 -1
59 32 34 -1
60 47 48 -1
61 13 31 -1
62 46 51 -1
63 10 15 -1
64 17 19 -1
65 8 21 -1
66 36 59 -1
67 6 64 -1
68 0 44 -1
69 3 13 -1
70 27 40 -1
71 2 53 -1
72 22 40 -1
73 35 70 -1
74 9 71 -1
75 23 63 -1
76 25 54 -1
77 29 48 -1
78 8 46 -1
79 22 49 -1
80 14 40 -1
81 33 52 -1
82 7 56 -1
83 1 49 -1
84 12 30 -1
85 38 57 -1
86 16 51 -1
87 14 28 -1
88 9 80 -1
89 10 36 -1
90 42 89 -1
91 24 50 -1
92 2 66 -1
93 21 92 -1
94 12 45 -1
95 28 73 -1
96 47 95 -1
97 4 31 -1
98 33 78 -1
99 5 98 -1
100 18 35 -1
101 72 85 -1
102 58 101 -1
103 4 34 -1
104 14 56 -1
105 9 69 -1
106 9 42 -1
107 39 44 -1
108 26 48 -1
109 31 37 -1
110 35 108 -1
111 11 52 -1
112 34 72 -1
113 61 75 -1
114 80 113 13
115 12 74 -1
116 60 115 41
117 100 106 -1
118 101 117 3
119 9 68 -1
120 99 119 15
121 106 111 -1
122 53 55 -1
123 77 122 14
124 82 90 -1
125 58 124 30
126 86 93 -1
127 94 126 37
128 64 74 -1
129 26 128 22
130 44 77 -1
131 22 130 -1
132 84 131 17
133 55 97 -1
134 68 133 -1
135 54 134 26
136 84 96 -1
137 46 136 -1
138 7 137 2
139 7 85 -1
140 60 139 -1
141 49 140 7
142 83 108 -1
143 13 142 -1
144 24 143 24
145 58 107 -1
146 96 145 -1
147 55 146 6
148 24 103 -1
149 104 148 -1
150 38 149 16
151 50 83 -1
152 63 151 -1
153 81 152 46
154 51 81 -1
155 26 154 -1
156 70 155 44
157 0 25 -1
158 19 93 -1
159 157 158 43
160 8 13 -1
161 76 160 -1
162 60 161 25
163 37 78 -1
164 59 63 -1
165 163 164 20
166 13 99 -1
167 25 107 -1
168 166 167 47
169 29 32 -1
170 67 169 -1
171 75 170 28
172 65 66 -1
173 38 172 -1
174 67 173 0
175 43 102 -1
176 16 97 -1
177 175 176 11
178 12 62 -1
179 39 178 -1
180 61 179 21
181 62 87 -1
182 18 181 -1
183 79 182 5
184 54 79 -1
185 21 184 -1
186 20 185 19
187 37 86 -1
188 9 187 -1
189 82 188 45
190 52 76 -1
191 57 190 -1
192 12 191 38
193 53 109 -1
194 107 110 -1
195 193 194 32
196 1 107 -1
197 21 121 -1
198 196 197 10
199 43 90 -1
200 2 91 -1
201 199 200 42
202 12 27 -1
203 38 202 -1
204 59 203 -1
205 105 204 35
206 6 38 -1
207 94 102 -1
208 84 207 -1
209 206 208 1
210 45 88 -1
211 10 210 -1
212 55 211 -1
213 7 212 34
214 119 121 -1
215 23 214 -1
216 60 67 -1
217 215 216 8
218 54 110 -1
219 0 65 -1
220 14 219 -1
221 218 220 36
222 60 108 -1
223 43 62 -1
224 105 223 -1
225 222 224 4
226 33 34 -1
227 50 100 -1
228 94 226 -1
229 227 228 39
230 42 103 -1
231 69 87 -1
232 41 230 -1
233 231 232 33
234 2 17 -1
235 193 234 -1
236 32 70 -1
237 235 236 18
238 29 50 -1
239 88 238 -1
240 6 239 -1
241 70 240 23
242 4 91 -1
243 167 196 -1
244 23 242 -1
245 243 244 12
246 36 43 -1
247 73 112 -1
248 246 247 -1
249 3 248 -1
250 23 249 27
251 34 82 -1
252 8 251 -1
253 24 81 -1
254 252 253 -1
255 27 254 40
256 31 246 -1
257 172 256 -1
258 6 164 -1
259 49 257 -1
260 258 259 9
261 0 61 -1
262 7 47 -1
263 112 262 -1
264 53 261 -1
265 263 264 29
266 16 44 -1
267 19 104 -1
268 41 267 -1
269 266 268 -1
270 12 269 31
