44 21 36 -1
45 5 29 -1
46 17 20 -1
47 19 23 -1
48 27 41 -1
49 7 34 -1
50 12 15 -1
51 13 39 -1
52 33 41 -1
53 8 13 -1
54 28 31 -1
55 38 43 -1
56 43 50 -1
57 10 26 -1
58 23 24 -1
59 1 27 -1
60 9 40 -1
61 9 32 -1
62 11 24 -1
63 35 36 -1
64 1 21 -1
65 37 48 -1
66 0 22 -1
67 5 25 -1
68 3 17 -1
69 13 45 -1
70 45 49 -1
71 31 70 -1
72 25 64 -1
73 63 69 -1
74 72 73 41
75 8 55 -1
76 11 20 -1
77 4 52 -1
78 46 58 -1
79 6 39 -1
80 3 54 -1
81 44 61 -1
82 10 34 -1
83 17 63 -1
84 12 30 -1
85 15 76 -1
86 18 85 -1
87 42 47 -1
88 19 29 -1
89 44 51 -1
90 2 22 -1
91 2 20 -1
92 0 31 -1
93 29 53 -1
94 7 62 -1
95 49 86 -1
96 84 95 23
97 67 94 -1
98 88 92 -1
99 16 26 -1
100 4 35 -1
101 15 100 -1
102 23 30 -1
103 39 102 -1
104 48 71 -1
105 15 104 25
106 78 82 -1
107 52 106 28
108 56 57 -1
109 46 108 21
110 78 95 -1
111 97 110 11
112 77 78 -1
113 79 112 0
114 4 94 -1
115 81 114 33
116 60 85 -1
117 51 116 19
118 19 71 -1
119 3 118 18
120 27 46 -1
121 79 120 -1
122 101 121 43
123 53 60 -1
124 77 123 -1
125 38 124 39
126 83 84 -1
127 10 31 -1
128 126 127 17
129 6 87 -1
130 37 98 -1
131 129 130 13
132 45 64 -1
133 91 132 -1
134 87 133 5
135 61 120 -1
136 48 80 -1
137 135 136 38
138 62 87 -1
139 80 138 -1
140 15 139 7
141 37 40 -1
142 42 89 -1
143 141 142 12
144 47 49 -1
145 9 59 -1
146 144 145 20
147 34 66 -1
148 68 82 -1
149 75 147 -1
150 26 149 16
151 11 55 -1
152 3 69 -1
153 56 152 -1
154 18 153 37
155 32 98 -1
156 28 101 -1
157 155 156 1
158 56 58 -1
159 99 158 -1
160 48 159 4
161 46 93 -1
162 42 148 -1
163 161 162 42
164 84 90 -1
165 35 164 -1
166 65 165 36
167 60 75 -1
168 83 167 -1
169 19 168 10
170 26 89 -1
171 90 170 -1
172 1 171 26
173 6 102 -1
174 9 26 -1
175 91 173 -1
176 174 175 15
177 5 59 -1
178 18 40 -1
179 62 178 -1
180 177 179 14
181 6 42 -1
182 35 151 -1
183 61 181 -1
184 182 183 35
185 1 20 -1
186 73 185 -1
187 41 88 -1
188 186 187 34
189 57 59 -1
190 103 189 -1
191 36 84 -1
192 190 191 32
193 34 43 -1
194 60 81 -1
195 193 194 -1
196 68 195 40
197 97 114 -1
198 14 197 -1
199 55 198 -1
200 92 199 24
201 72 141 -1
202 48 201 -1
203 28 202 -1
204 8 203 8
205 25 52 -1
206 32 93 -1
207 43 206 -1
208 205 207 31
209 12 37 -1
210 33 144 -1
211 209 210 -1
212 147 211 22
213 18 149 -1
214 148 151 -1
215 21 214 -1
216 213 215 3
217 22 68 -1
218 38 217 -1
219 5 218 -1
220 103 219 30
221 4 38 -1
222 11 37 -1
223 99 221 -1
224 51 223 -1
225 222 224 29
226 13 24 -1
227 36 65 -1
228 226 227 -1
229 47 228 -1
230 10 229 6
231 6 189 -1
232 1 7 -1
233 54 231 -1
234 19 233 -1
235 232 234 27
236 39 76 -1
237 174 236 -1
238 61 237 -1
239 33 97 -1
240 238 239 2
241 64 87 -1
242 155 241 -1
243 16 207 -1
244 242 243 -1
245 102 244 -1
246 31 245 9
