52 6 39 -1
53 30 46 -1
54 3 24 -1
55 41 42 -1
56 25 51 -1
57 5 49 -1
58 43 45 -1
59 8 20 -1
60 14 31 -1
61 5 15 -1
62 36 57 -1
63 17 19 -1
64 2 37 -1
65 6 13 -1
66 35 65 -1
67 30 34 -1
68 1 9 -1
69 10 45 -1
70 18 40 -1
71 7 26 -1
72 17 50 -1
73 29 48 -1
74 16 41 -1
75 11 32 -1
76 27 44 -1
77 34 47 -1
78 22 23 -1
79 4 28 -1
80 39 49 -1
81 46 52 -1
82 19 38 -1
83 1 32 -1
84 0 45 -1
85 38 48 -1
86 9 30 -1
87 5 24 -1
88 42 79 -1
89 31 59 -1
90 69 89 -1
91 56 59 -1
92 25 63 -1
93 43 67 -1
94 1 60 -1
95 51 80 -1
96 85 88 -1
97 90 96 45
98 42 53 -1
99 33 86 -1
100 1 80 -1
101 98 100 -1
102 12 95 -1
103 54 66 -1
104 12 62 -1
105 64 71 -1
106 7 81 -1
107 14 55 -1
108 84 107 -1
109 4 68 -1
110 8 82 -1
111 3 49 -1
112 13 73 -1
113 48 75 -1
114 15 21 -1
115 4 107 -1
116 29 47 -1
117 0 67 -1
118 2 16 -1
119 21 105 -1
120 27 50 -1
121 22 103 -1
122 17 56 -1
123 26 39 -1
124 35 70 -1
125 44 54 -1
126 24 29 -1
127 14 116 -1
128 40 126 -1
129 61 124 -1
130 10 74 -1
131 44 113 -1
132 5 112 -1
133 8 17 -1
134 47 118 -1
135 7 28 -1
136 12 20 -1
137 18 53 -1
138 0 22 -1
139 84 106 -1
140 2 3 -1
141 42 83 -1
142 94 102 -1
143 82 142 13
144 50 101 -1
145 78 144 18
146 91 118 -1
147 62 146 17
148 110 115 -1
149 114 148 14
150 73 139 -1
151 95 150 15
152 98 119 -1
153 60 152 47
154 32 72 -1
155 121 154 -1
156 12 155 35
157 25 109 -1
158 37 103 -1
159 157 158 42
160 91 94 -1
161 28 93 -1
162 160 161 8
163 13 81 -1
164 127 130 -1
165 163 164 49
166 39 55 -1
167 23 120 -1
168 90 167 -1
169 65 168 44
170 8 99 -1
171 101 170 -1
172 25 171 19
173 9 43 -1
174 108 173 -1
175 104 174 12
176 77 104 -1
177 7 88 -1
178 176 177 36
179 105 128 -1
180 132 179 -1
181 131 180 6
182 16 117 -1
183 66 83 -1
184 182 183 23
185 118 124 -1
186 120 185 -1
187 123 186 -1
188 59 187 0
189 71 93 -1
190 68 70 -1
191 19 189 -1
192 190 191 31
193 10 111 -1
194 70 193 -1
195 63 194 -1
196 77 195 16
197 76 92 -1
198 69 197 -1
199 21 33 -1
200 198 199 24
201 112 193 -1
202 30 45 -1
203 201 202 -1
204 79 203 32
205 67 76 -1
206 50 111 -1
207 19 52 -1
208 128 207 -1
209 205 208 30
210 121 166 -1
211 111 122 -1
212 163 211 -1
213 210 212 46
214 78 202 -1
215 210 214 -1
216 54 215 -1
217 205 216 2
218 72 116 -1
219 54 60 -1
220 108 219 -1
221 218 220 1
222 53 127 -1
223 16 128 -1
224 222 223 -1
225 206 224 29
226 51 78 -1
227 129 226 -1
228 43 227 -1
229 41 228 48
230 24 58 -1
231 119 134 -1
232 230 231 -1
233 135 232 21
234 126 133 -1
235 86 234 -1
236 74 235 -1
237 71 236 38
238 84 129 -1
239 29 238 -1
240 137 239 -1
241 136 240 3
242 62 170 -1
243 13 242 -1
244 173 214 -1
245 243 244 34
246 60 99 -1
247 37 246 -1
248 201 206 -1
249 247 248 10
250 64 92 -1
251 49 250 -1
252 32 58 -1
253 251 252 25
254 10 125 -1
255 31 254 -1
256 53 123 -1
257 255 256 20
258 36 109 -1
259 166 258 -1
260 52 140 -1
261 20 259 -1
262 260 261 37
263 7 167 -1
264 76 140 -1
265 141 263 -1
266 264 265 -1
267 72 266 22
268 23 38 -1
269 135 136 -1
270 11 268 -1
271 269 270 -1
272 130 271 26
273 9 31 -1
274 18 110 -1
275 56 273 -1
276 61 274 -1
277 275 276 28
278 33 73 -1
279 37 115 -1
280 40 278 -1
281 141 279 -1
282 280 281 39
283 5 28 -1
284 77 283 -1
285 2 222 -1
286 218 285 -1
287 284 286 40
288 49 96 -1
289 133 166 -1
290 113 114 -1
291 107 289 -1
292 132 290 -1
293 291 292 4
294 114 138 -1
295 17 294 -1
296 31 295 -1
297 37 296 -1
298 207 297 51
299 11 98 -1
300 81 299 -1
301 15 122 -1
302 300 301 -1
303 117 302 27
304 47 139 -1
305 25 304 -1
306 71 305 -1
307 138 306 -1
308 61 307 41
309 284 288 -1
310 107 127 -1
311 125 310 -1
312 278 309 -1
313 311 312 43
314 35 134 -1
315 52 131 -1
316 9 74 -1
317 315 316 -1
318 314 317 7
319 4 40 -1
320 27 319 -1
321 102 320 -1
322 288 321 -1
323 86 322 9
324 58 85 -1
325 72 324 -1
326 20 65 -1
327 106 326 -1
328 325 327 11
329 91 278 -1
330 122 236 -1
331 283 330 -1
332 329 331 -1
333 137 332 5
334 286 299 -1
335 114 297 -1
336 120 335 -1
337 334 336 -1
338 51 337 33
339 23 290 -1
340 18 26 -1
341 41 339 -1
342 61 341 -1
343 24 342 -1
344 340 343 50
