54 46 49 -1
55 7 30 -1
56 12 45 -1
57 9 13 -1
58 10 42 -1
59 3 38 -1
60 14 35 -1
61 27 53 -1
62 2 44 -1
63 5 51 -1
64 12 47 -1
65 19 25 -1
66 43 60 -1
67 16 32 -1
68 20 57 -1
69 24 40 -1
70 4 39 -1
71 4 11 -1
72 17 42 -1
73 37 48 -1
74 14 56 -1
75 25 51 -1
76 23 34 -1
77 50 54 -1
78 18 58 -1
79 48 54 -1
80 9 28 -1
81 21 36 -1
82 1 16 -1
83 32 41 -1
84 7 25 -1
85 10 11 -1
86 36 66 -1
87 0 59 -1
88 39 62 -1
89 34 79 -1
90 5 8 -1
91 29 63 -1
92 47 53 -1
93 32 56 -1
94 40 55 -1
95 12 78 -1
96 31 95 -1
97 88 96 36
98 35 82 -1
99 42 77 -1
100 31 80 -1
101 34 52 -1
102 2 101 -1
103 26 76 -1
104 4 61 -1
105 19 44 -1
106 44 51 -1
107 3 41 -1
108 14 25 -1
109 78 108 -1
110 8 20 -1
111 17 75 -1
112 22 28 -1
113 27 64 -1
114 44 92 -1
115 15 113 -1
116 1 89 -1
117 6 73 -1
118 11 22 -1
119 28 40 -1
120 29 119 -1
121 33 49 -1
122 20 52 -1
123 38 46 -1
124 4 18 -1
125 16 109 -1
126 104 125 3
127 65 86 -1
128 55 127 44
129 68 71 -1
130 91 129 32
131 100 102 -1
132 84 131 46
133 19 100 -1
134 116 133 8
135 59 88 -1
136 89 135 1
137 64 87 -1
138 63 137 23
139 46 94 -1
140 98 139 22
141 33 94 -1
142 71 141 -1
143 93 142 9
144 38 58 -1
145 62 93 -1
146 144 145 50
147 98 102 -1
148 85 103 -1
149 147 148 11
150 69 90 -1
151 81 150 -1
152 41 151 20
153 11 99 -1
154 55 153 -1
155 29 154 30
156 82 107 -1
157 29 101 -1
158 156 157 15
159 67 86 -1
160 0 159 -1
161 45 160 35
162 24 87 -1
163 70 72 -1
164 162 163 47
165 55 90 -1
166 18 92 -1
167 165 166 14
168 60 119 -1
169 34 104 -1
170 168 169 48
171 44 95 -1
172 118 122 -1
173 171 172 2
174 23 115 -1
175 58 174 -1
176 52 175 38
177 50 123 -1
178 40 177 -1
179 115 178 42
180 74 117 -1
181 52 180 -1
182 13 181 34
183 49 70 -1
184 26 183 -1
185 114 184 16
186 31 75 -1
187 69 186 -1
188 68 187 39
189 7 24 -1
190 99 189 -1
191 6 190 -1
192 35 191 41
193 24 113 -1
194 114 193 -1
195 41 84 -1
196 194 195 45
197 57 105 -1
198 24 66 -1
199 197 198 -1
200 33 199 4
201 19 68 -1
202 67 201 -1
203 50 202 -1
204 39 203 28
205 30 35 -1
206 77 106 -1
207 205 206 -1
208 76 207 6
209 25 27 -1
210 43 209 -1
211 79 83 -1
212 210 211 27
213 9 25 -1
214 110 202 -1
215 213 214 -1
216 59 215 52
217 65 76 -1
218 47 57 -1
219 217 218 -1
220 29 219 43
221 2 111 -1
222 13 91 -1
223 50 222 -1
224 221 223 19
225 72 73 -1
226 36 47 -1
227 225 226 -1
228 15 227 21
229 7 16 -1
230 38 69 -1
231 229 230 -1
232 80 231 25
233 116 118 -1
234 103 233 -1
235 117 234 -1
236 121 235 7
237 21 71 -1
238 45 237 -1
239 25 103 -1
240 238 239 53
241 15 75 -1
242 112 241 -1
243 83 242 -1
244 35 243 37
245 3 23 -1
246 50 245 -1
247 63 70 -1
248 246 247 18
249 45 111 -1
250 8 249 -1
251 23 250 -1
252 112 251 26
253 1 73 -1
254 110 253 -1
255 56 254 -1
256 42 255 40
257 6 80 -1
258 33 108 -1
259 120 257 -1
260 258 259 17
261 7 81 -1
262 48 85 -1
263 105 262 -1
264 261 263 49
265 107 110 -1
266 10 265 -1
267 93 266 -1
268 96 267 5
269 106 253 -1
270 48 269 -1
271 74 270 -1
272 22 271 51
273 17 40 -1
274 64 229 -1
275 74 274 -1
276 141 273 -1
277 275 276 24
278 46 225 -1
279 32 278 -1
280 61 117 -1
281 19 279 -1
282 280 281 33
283 17 43 -1
284 120 283 -1
285 15 48 -1
286 21 284 -1
287 285 286 29
288 13 47 -1
289 283 288 -1
290 58 211 -1
291 289 290 -1
292 279 291 13
293 36 124 -1
294 1 84 -1
295 52 294 -1
296 121 295 -1
297 293 296 0
298 38 42 -1
299 205 209 -1
300 118 299 -1
301 298 300 -1
302 18 301 12
303 26 123 -1
304 14 122 -1
305 303 304 -1
306 124 305 -1
307 31 306 10
308 32 213 -1
309 22 57 -1
310 261 308 -1
311 94 309 -1
312 300 310 -1
313 311 312 31
