42 31 36 -1
43 8 35 -1
44 10 22 -1
45 14 25 -1
46 28 42 -1
47 17 30 -1
48 19 38 -1
49 11 33 -1
50 13 27 -1
51 21 24 -1
52 26 29 -1
53 4 43 -1
54 39 41 -1
55 15 20 -1
56 5 48 -1
57 3 12 -1
58 16 46 -1
59 2 45 -1
60 34 44 -1
61 50 60 -1
62 9 52 -1
63 1 30 -1
64 22 31 -1
65 40 58 -1
66 18 56 -1
67 6 47 -1
68 41 64 -1
69 23 42 -1
70 9 32 -1
71 7 44 -1
72 27 69 -1
73 28 37 -1
74 49 51 -1
75 0 11 -1
76 33 57 -1
77 26 61 -1
78 0 15 -1
79 21 32 -1
80 29 53 -1
81 4 54 -1
82 79 80 -1
83 17 35 -1
84 20 30 -1
85 63 74 -1
86 51 62 -1
87 75 83 -1
88 25 78 -1
89 5 50 -1
90 18 45 -1
91 2 55 -1
92 9 71 -1
93 59 85 -1
94 4 92 -1
95 70 91 -1
96 75 82 -1
97 72 74 -1
98 24 77 -1
99 3 84 -1
100 37 43 -1
101 6 16 -1
102 8 21 -1
103 69 81 -1
104 10 14 -1
105 38 39 -1
106 42 96 -1
107 64 81 -1
108 37 97 -1
109 28 74 -1
110 57 79 -1
111 2 86 -1
112 47 100 -1
113 40 107 -1
114 39 84 -1
115 90 99 -1
116 106 113 -1
117 66 116 41
118 56 83 -1
119 30 36 -1
120 12 60 -1
121 1 98 -1
122 78 121 -1
123 108 122 12
124 29 92 -1
125 38 106 -1
126 59 76 -1
127 27 95 -1
128 11 120 -1
129 41 47 -1
130 13 65 -1
131 67 89 -1
132 23 111 -1
133 56 65 -1
134 43 48 -1
135 114 131 -1
136 64 80 -1
137 6 18 -1
138 7 83 -1
139 25 61 -1
140 70 105 -1
141 91 133 -1
142 19 46 -1
143 72 113 -1
144 55 136 -1
145 1 73 -1
146 28 137 -1
147 33 52 -1
148 33 46 -1
149 95 125 -1
150 124 149 15
151 45 54 -1
152 131 151 -1
153 82 152 39
154 85 88 -1
155 56 94 -1
156 154 155 8
157 111 112 -1
158 66 109 -1
159 157 158 28
160 68 95 -1
161 5 93 -1
162 160 161 20
163 106 119 -1
164 93 120 -1
165 163 164 1
166 15 118 -1
167 59 166 -1
168 77 167 19
169 60 92 -1
170 58 169 -1
171 87 132 -1
172 170 171 25
173 77 109 -1
174 25 81 -1
175 17 173 -1
176 174 175 27
177 102 133 -1
178 22 100 -1
179 76 178 -1
180 177 179 13
181 34 90 -1
182 0 181 -1
183 134 141 -1
184 182 183 31
185 86 99 -1
186 104 129 -1
187 32 130 -1
188 53 187 -1
189 186 188 14
190 140 142 -1
191 143 190 -1
192 49 60 -1
193 191 192 18
194 53 89 -1
195 16 194 -1
196 86 88 -1
197 195 196 11
198 142 144 -1
199 88 198 -1
200 61 76 -1
201 199 200 2
202 101 139 -1
203 73 83 -1
204 140 202 -1
205 203 204 36
206 70 103 -1
207 185 206 -1
208 65 207 -1
209 10 208 24
210 110 142 -1
211 42 94 -1
212 210 211 -1
213 115 212 16
214 38 61 -1
215 85 110 -1
216 214 215 -1
217 66 216 34
218 34 67 -1
219 21 46 -1
220 218 219 -1
221 128 220 -1
222 127 221 0
223 40 87 -1
224 129 223 -1
225 185 224 -1
226 181 225 -1
227 85 226 35
228 36 137 -1
229 52 128 -1
230 155 229 -1
231 16 230 -1
232 228 231 10
233 104 114 -1
234 26 233 -1
235 126 234 -1
236 87 235 -1
237 42 236 37
238 25 147 -1
239 7 129 -1
240 144 146 -1
241 239 240 -1
242 238 241 3
243 8 71 -1
244 68 134 -1
245 98 244 -1
246 36 245 -1
247 14 99 -1
248 246 247 5
249 97 243 -1
250 6 249 -1
251 25 40 -1
252 250 251 -1
253 151 252 4
254 132 157 -1
255 10 126 -1
256 254 255 -1
257 13 55 -1
258 256 257 22
259 20 90 -1
260 100 257 -1
261 101 259 -1
262 107 260 -1
263 261 262 17
264 131 146 -1
265 9 87 -1
266 12 265 -1
267 264 266 -1
268 108 267 23
269 53 139 -1
270 118 143 -1
271 114 270 -1
272 269 271 -1
273 71 272 40
274 31 145 -1
275 86 200 -1
276 274 275 -1
277 135 276 -1
278 60 277 7
279 239 243 -1
280 126 148 -1
281 121 279 -1
282 131 280 -1
283 281 282 30
284 105 259 -1
285 147 284 -1
286 64 102 -1
287 89 286 -1
288 285 287 32
289 59 277 -1
290 201 289 -1
291 171 264 -1
292 279 290 -1
293 291 292 33
294 80 140 -1
295 132 141 -1
296 117 294 -1
297 295 296 -1
298 44 297 38
299 93 108 -1
300 51 136 -1
301 3 300 -1
302 8 301 -1
303 299 302 21
304 19 138 -1
305 120 124 -1
306 122 304 -1
307 112 305 -1
308 306 307 26
309 20 247 -1
310 94 127 -1
311 112 309 -1
312 36 310 -1
313 311 312 29
314 49 133 -1
315 59 115 -1
316 27 135 -1
317 314 315 -1
318 316 317 9
319 14 85 -1
320 125 148 -1
321 138 320 -1
322 103 319 -1
323 321 322 6
