34 7 10 -1
35 6 31 -1
36 1 14 -1
37 4 26 -1
38 8 30 -1
39 2 12 -1
40 5 18 -1
41 9 21 -1
42 15 24 -1
43 19 20 -1
44 9 20 -1
45 0 37 -1
46 28 34 -1
47 29 39 -1
48 3 25 -1
49 10 17 -1
50 6 32 -1
51 11 16 -1
52 33 38 -1
53 15 22 -1
54 14 41 -1
55 13 36 -1
56 0 5 -1
57 17 50 -1
58 33 35 -1
59 3 34 -1
60 53 59 -1
61 12 19 -1
62 6 44 -1
63 48 55 -1
64 56 63 -1
65 62 64 16
66 40 42 -1
67 58 66 -1
68 46 67 18
69 5 52 -1
70 25 47 -1
71 21 45 -1
72 57 71 -1
73 42 54 -1
74 31 51 -1
75 43 49 -1
76 10 18 -1
77 23 54 -1
78 31 36 -1
79 39 72 -1
80 28 73 -1
81 76 78 -1
82 27 49 -1
83 8 74 -1
84 78 83 -1
85 4 84 -1
86 60 69 -1
87 4 86 17
88 31 44 -1
89 12 50 -1
90 2 25 -1
91 1 8 -1
92 7 19 -1
93 27 61 -1
94 5 34 -1
95 29 57 -1
96 24 88 -1
97 11 58 -1
98 74 94 -1
99 95 98 23
100 61 63 -1
101 35 100 14
102 47 77 -1
103 74 102 22
104 13 21 -1
105 82 85 -1
106 44 105 7
107 9 80 -1
108 72 107 24
109 38 72 -1
110 16 109 27
111 46 78 -1
112 71 111 26
113 75 79 -1
114 62 113 20
115 59 85 -1
116 40 115 6
117 52 66 -1
118 93 117 21
119 15 58 -1
120 36 90 -1
121 69 120 -1
122 65 121 19
123 3 30 -1
124 64 123 -1
125 43 124 10
126 27 81 -1
127 15 126 -1
128 75 127 12
129 17 70 -1
130 60 129 -1
131 28 130 4
132 18 97 -1
133 75 132 -1
134 2 133 29
135 11 37 -1
136 73 135 -1
137 38 136 31
138 26 49 -1
139 48 96 -1
140 138 139 13
141 60 89 -1
142 42 141 -1
143 88 142 3
144 24 54 -1
145 56 144 -1
146 70 145 33
147 33 82 -1
148 47 147 -1
149 40 148 8
150 92 117 -1
151 29 119 -1
152 150 151 30
153 94 102 -1
154 37 119 -1
155 33 91 -1
156 90 155 -1
157 154 156 15
158 104 141 -1
159 26 158 -1
160 46 159 -1
161 59 160 2
162 2 154 -1
163 23 89 -1
164 21 163 -1
165 162 164 32
166 28 96 -1
167 97 166 -1
168 61 167 -1
169 41 168 -1
170 95 169 5
171 43 80 -1
172 50 91 -1
173 55 172 -1
174 171 173 0
175 4 93 -1
176 14 175 -1
177 153 176 -1
178 104 177 1
179 36 165 -1
180 32 137 -1
181 166 179 -1
182 180 181 25
183 55 76 -1
184 22 183 -1
185 77 184 -1
186 30 185 11
187 27 53 -1
188 16 187 -1
189 92 188 -1
190 98 123 -1
191 189 190 28
192 1 26 -1
193 188 192 -1
194 56 127 -1
195 193 194 9
