34 9 15 -1
35 17 29 -1
36 12 22 -1
37 1 33 -1
38 8 30 -1
39 16 25 -1
40 10 23 -1
41 3 28 -1
42 6 26 -1
43 14 19 -1
44 7 20 -1
45 2 34 -1
46 11 13 -1
47 18 36 -1
48 15 32 -1
49 5 23 -1
50 24 35 -1
51 29 40 -1
52 31 51 -1
53 17 47 -1
54 27 42 -1
55 0 37 -1
56 19 21 -1
57 33 50 -1
58 44 45 -1
59 9 43 -1
60 48 49 -1
61 4 38 -1
62 12 32 -1
63 1 54 -1
64 13 55 -1
65 11 53 -1
66 21 39 -1
67 51 62 -1
68 45 56 -1
69 25 41 -1
70 39 52 -1
71 16 60 -1
72 18 71 -1
73 30 72 -1
74 59 61 -1
75 47 69 -1
76 2 64 -1
77 28 31 -1
78 8 57 -1
79 1 65 -1
80 49 50 -1
81 15 69 -1
82 35 66 -1
83 37 61 -1
84 46 82 -1
85 56 78 -1
86 38 58 -1
87 6 19 -1
88 3 86 -1
89 57 74 -1
90 26 44 -1
91 7 59 -1
92 33 77 -1
93 64 65 -1
94 18 80 -1
95 70 94 -1
96 63 73 -1
97 8 92 -1
98 51 96 -1
99 59 98 5
100 25 27 -1
101 22 85 -1
102 5 34 -1
103 54 102 -1
104 84 103 14
105 82 101 -1
106 95 98 -1
107 12 43 -1
108 11 26 -1
109 10 108 -1
110 87 88 -1
111 3 40 -1
112 67 82 -1
113 27 75 -1
114 64 81 -1
115 101 114 23
116 42 46 -1
117 89 116 32
118 38 70 -1
119 79 118 22
120 18 96 -1
121 97 120 20
122 7 88 -1
123 64 83 -1
124 112 123 12
125 67 90 -1
126 122 125 9
127 22 73 -1
128 48 91 -1
129 93 128 4
130 45 95 -1
131 75 130 8
132 97 106 -1
133 109 132 -1
134 30 133 29
135 95 105 -1
136 0 135 -1
137 103 136 27
138 58 76 -1
139 73 80 -1
140 138 139 31
141 31 83 -1
142 113 141 -1
143 23 142 18
144 4 35 -1
145 75 90 -1
146 0 145 -1
147 72 146 16
148 68 141 -1
149 0 148 -1
150 144 149 10
151 84 106 -1
152 81 151 -1
153 31 152 25
154 0 110 -1
155 56 154 -1
156 109 155 26
157 6 67 -1
158 68 157 -1
159 17 81 -1
160 158 159 33
161 29 108 -1
162 4 60 -1
163 85 161 -1
164 162 163 11
165 86 107 -1
166 105 165 -1
167 1 166 -1
168 13 167 1
169 5 107 -1
170 20 169 -1
171 70 170 -1
172 37 171 13
173 30 67 -1
174 56 127 -1
175 11 130 -1
176 100 175 -1
177 174 176 24
178 139 173 -1
179 149 171 -1
180 178 179 -1
181 76 180 21
182 99 111 -1
183 37 100 -1
184 173 182 -1
185 183 184 30
186 92 144 -1
187 111 186 -1
188 22 187 -1
189 76 188 15
190 34 135 -1
191 14 188 -1
192 190 191 -1
193 145 192 2
194 70 97 -1
195 47 87 -1
196 194 195 -1
197 91 196 7
198 49 100 -1
199 12 87 -1
200 198 199 -1
201 35 200 -1
202 93 201 19
203 18 84 -1
204 88 191 -1
205 141 204 -1
206 112 205 -1
207 203 206 3
208 111 148 -1
209 199 206 -1
210 80 209 -1
211 208 210 -1
212 118 211 0
213 57 112 -1
214 208 213 -1
215 14 214 -1
216 142 215 17
217 59 203 -1
218 125 163 -1
219 217 218 -1
220 175 219 -1
221 190 220 28
222 133 202 -1
223 69 95 -1
224 209 223 -1
225 197 222 -1
226 224 225 6
