42 8 39 -1
43 28 31 -1
44 5 15 -1
45 13 17 -1
46 6 20 -1
47 24 30 -1
48 30 34 -1
49 12 22 -1
50 1 7 -1
51 21 29 -1
52 28 37 -1
53 26 36 -1
54 8 48 -1
55 2 25 -1
56 0 35 -1
57 14 39 -1
58 11 27 -1
59 10 42 -1
60 38 40 -1
61 18 52 -1
62 10 35 -1
63 1 23 -1
64 19 37 -1
65 2 41 -1
66 24 33 -1
67 1 17 -1
68 50 54 -1
69 18 29 -1
70 68 69 13
71 3 46 -1
72 14 58 -1
73 11 66 -1
74 8 47 -1
75 48 55 -1
76 26 49 -1
77 75 76 14
78 9 74 -1
79 11 39 -1
80 63 73 -1
81 71 80 40
82 4 41 -1
83 6 64 -1
84 3 50 -1
85 21 41 -1
86 22 65 -1
87 35 39 -1
88 12 61 -1
89 28 46 -1
90 32 59 -1
91 16 36 -1
92 6 26 -1
93 43 63 -1
94 18 38 -1
95 12 16 -1
96 0 44 -1
97 60 89 -1
98 27 48 -1
99 24 56 -1
100 15 92 -1
101 47 98 -1
102 43 71 -1
103 65 102 19
104 17 72 -1
105 68 104 1
106 86 87 -1
107 73 106 33
108 83 84 -1
109 62 108 30
110 93 94 -1
111 92 110 31
112 88 97 -1
113 35 112 28
114 69 78 -1
115 13 114 17
116 92 98 -1
117 91 116 15
118 90 91 -1
119 7 24 -1
120 118 119 27
121 43 95 -1
122 32 121 -1
123 96 122 21
124 6 90 -1
125 33 124 -1
126 58 125 41
127 6 15 -1
128 88 127 -1
129 85 128 37
130 45 74 -1
131 4 130 -1
132 72 131 8
133 23 85 -1
134 76 133 -1
135 79 134 26
136 14 62 -1
137 43 82 -1
138 136 137 12
139 21 87 -1
140 42 56 -1
141 45 140 -1
142 51 141 35
143 63 84 -1
144 42 143 -1
145 121 144 3
146 28 79 -1
147 53 78 -1
148 146 147 2
149 67 89 -1
150 44 45 -1
151 52 150 -1
152 53 151 38
153 38 74 -1
154 75 153 -1
155 51 154 24
156 9 12 -1
157 57 156 -1
158 99 157 11
159 27 149 -1
160 0 159 -1
161 51 160 9
162 45 136 -1
163 61 162 -1
164 139 163 5
165 146 149 -1
166 80 165 -1
167 82 166 0
168 30 54 -1
169 96 168 -1
170 49 169 -1
171 37 170 32
172 29 36 -1
173 19 44 -1
174 172 173 -1
175 47 174 10
176 8 25 -1
177 97 100 -1
178 43 177 -1
179 176 178 36
180 11 55 -1
181 7 83 -1
182 180 181 -1
183 51 182 7
184 34 43 -1
185 45 110 -1
186 20 184 -1
187 185 186 29
188 0 2 -1
189 57 188 -1
190 6 189 -1
191 60 190 16
192 44 139 -1
193 25 33 -1
194 3 192 -1
195 193 194 23
196 12 46 -1
197 17 59 -1
198 100 196 -1
199 197 198 22
200 156 196 -1
201 86 200 -1
202 85 149 -1
203 201 202 18
204 25 32 -1
205 101 204 -1
206 40 61 -1
207 205 206 4
208 15 91 -1
209 173 208 -1
210 40 67 -1
211 209 210 -1
212 14 211 20
213 22 40 -1
214 4 50 -1
215 213 214 -1
216 156 215 -1
217 29 216 39
218 1 36 -1
219 20 27 -1
220 99 218 -1
221 41 219 -1
222 220 221 25
223 18 101 -1
224 2 223 -1
225 5 62 -1
226 224 225 -1
227 66 226 34
228 3 106 -1
229 56 228 -1
230 64 229 -1
231 16 57 -1
232 230 231 6
