38 4 20 -1
39 8 19 -1
40 11 37 -1
41 18 27 -1
42 5 26 -1
43 7 35 -1
44 2 9 -1
45 16 21 -1
46 10 25 -1
47 12 23 -1
48 3 14 -1
49 0 17 -1
50 28 41 -1
51 29 32 -1
52 22 24 -1
53 1 34 -1
54 31 36 -1
55 6 11 -1
56 25 39 -1
57 33 56 -1
58 10 17 -1
59 8 45 -1
60 16 58 -1
61 40 50 -1
62 43 44 -1
63 38 40 -1
64 4 62 -1
65 0 42 -1
66 20 48 -1
67 15 64 -1
68 9 19 -1
69 5 34 -1
70 4 69 -1
71 7 52 -1
72 21 37 -1
73 51 55 -1
74 55 71 -1
75 13 36 -1
76 53 54 -1
77 26 30 -1
78 46 73 -1
79 47 63 -1
80 61 65 -1
81 14 17 -1
82 31 67 -1
83 68 69 -1
84 19 23 -1
85 57 60 -1
86 35 82 -1
87 3 15 -1
88 32 72 -1
89 24 53 -1
90 21 77 -1
91 12 22 -1
92 1 39 -1
93 26 56 -1
94 29 75 -1
95 74 79 -1
96 10 18 -1
97 18 85 -1
98 80 83 -1
99 33 62 -1
100 50 66 -1
101 24 29 -1
102 70 87 -1
103 83 90 -1
104 8 86 -1
105 76 96 -1
106 41 43 -1
107 38 84 -1
108 2 52 -1
109 63 108 -1
110 54 93 -1
111 81 85 -1
112 4 103 -1
113 72 92 -1
114 30 107 -1
115 49 101 -1
116 42 74 -1
117 6 91 -1
118 38 41 -1
119 0 2 -1
120 55 58 -1
121 6 106 -1
122 60 91 -1
123 35 94 -1
124 60 104 -1
125 79 124 27
126 62 78 -1
127 110 126 23
128 42 97 -1
129 114 128 14
130 36 100 -1
131 103 130 -1
132 84 131 22
133 10 59 -1
134 12 80 -1
135 9 134 -1
136 57 135 33
137 111 112 -1
138 93 137 -1
139 105 138 9
140 61 71 -1
141 70 140 -1
142 81 141 16
143 17 75 -1
144 30 75 -1
145 95 144 -1
146 25 145 17
147 87 95 -1
148 88 96 -1
149 147 148 21
150 16 51 -1
151 93 150 -1
152 109 151 28
153 64 115 -1
154 45 92 -1
155 153 154 18
156 68 113 -1
157 78 156 -1
158 118 157 4
159 110 130 -1
160 39 159 -1
161 133 160 10
162 16 102 -1
163 47 99 -1
164 162 163 11
165 7 105 -1
166 64 165 -1
167 59 166 12
168 65 121 -1
169 59 168 -1
170 122 169 24
171 54 81 -1
172 27 171 -1
173 98 172 15
174 79 101 -1
175 98 174 -1
176 28 35 -1
177 175 176 25
178 10 148 -1
179 109 178 -1
180 68 179 -1
181 65 180 26
182 152 179 -1
183 79 181 -1
184 75 86 -1
185 9 184 -1
186 87 97 -1
187 185 186 7
188 34 47 -1
189 61 188 -1
190 133 189 -1
191 57 190 19
192 66 70 -1
193 78 192 -1
194 1 12 -1
195 193 194 34
196 59 99 -1
197 12 196 -1
198 15 197 -1
199 79 198 29
200 66 111 -1
201 51 200 -1
202 119 201 -1
203 130 202 5
204 106 143 -1
205 8 107 -1
206 204 205 -1
207 105 206 20
208 15 66 -1
209 45 116 -1
210 89 209 -1
211 208 210 36
212 82 84 -1
213 61 120 -1
214 168 213 -1
215 212 214 32
216 12 128 -1
217 73 123 -1
218 182 216 -1
219 217 218 31
220 42 111 -1
221 84 123 -1
222 92 122 -1
223 220 222 -1
224 221 223 6
225 28 160 -1
226 67 225 -1
227 18 226 -1
228 156 227 -1
229 8 228 8
230 77 99 -1
231 118 119 -1
232 100 231 -1
233 120 232 -1
234 230 233 1
235 48 115 -1
236 58 235 -1
237 156 236 -1
238 168 237 -1
239 182 238 37
240 9 116 -1
241 66 235 -1
242 51 241 -1
243 240 242 -1
244 110 243 2
245 32 112 -1
246 2 122 -1
247 28 124 -1
248 246 247 -1
249 245 248 35
250 76 144 -1
251 88 168 -1
252 250 251 -1
253 153 183 -1
254 252 253 3
255 11 56 -1
256 94 255 -1
257 21 162 -1
258 22 257 -1
259 256 258 0
260 40 131 -1
261 12 142 -1
262 260 261 -1
263 67 262 -1
264 143 263 13
265 35 64 -1
266 122 265 -1
267 129 183 -1
268 53 267 -1
269 266 268 30
