38 8 17 -1
39 19 34 -1
40 15 20 -1
41 4 14 -1
42 9 37 -1
43 27 31 -1
44 15 17 -1
45 1 32 -1
46 36 44 -1
47 3 25 -1
48 0 21 -1
49 6 28 -1
50 31 38 -1
51 29 40 -1
52 15 33 -1
53 8 24 -1
54 11 12 -1
55 10 27 -1
56 26 28 -1
57 32 37 -1
58 3 35 -1
59 19 43 -1
60 39 52 -1
61 7 13 -1
62 51 54 -1
63 61 62 12
64 18 45 -1
65 29 42 -1
66 58 65 -1
67 31 66 -1
68 64 67 0
69 25 59 -1
70 12 16 -1
71 7 46 -1
72 34 38 -1
73 4 50 -1
74 1 14 -1
75 23 71 -1
76 20 57 -1
77 2 22 -1
78 24 36 -1
79 9 41 -1
80 53 79 -1
81 19 45 -1
82 5 57 -1
83 50 53 -1
84 26 72 -1
85 73 84 -1
86 10 11 -1
87 82 86 -1
88 9 60 -1
89 74 81 -1
90 0 79 -1
91 13 59 -1
92 16 49 -1
93 58 72 -1
94 75 93 21
95 60 70 -1
96 71 95 29
97 5 73 -1
98 74 97 9
99 87 89 -1
100 88 99 1
101 33 66 -1
102 48 101 22
103 6 16 -1
104 87 103 13
105 88 90 -1
106 40 105 15
107 47 48 -1
108 80 107 7
109 35 90 -1
110 72 76 -1
111 60 110 33
112 51 64 -1
113 50 112 2
114 41 46 -1
115 81 114 20
116 6 85 -1
117 37 116 -1
118 12 117 16
119 39 78 -1
120 31 119 -1
121 47 120 14
122 29 56 -1
123 80 122 -1
124 78 123 24
125 22 70 -1
126 69 125 -1
127 18 126 34
128 45 75 -1
129 44 128 -1
130 92 129 37
131 42 44 -1
132 39 131 -1
133 61 132 18
134 3 40 -1
135 39 134 -1
136 55 135 17
137 56 61 -1
138 71 137 -1
139 82 138 4
140 40 69 -1
141 14 53 -1
142 140 141 3
143 91 109 -1
144 14 33 -1
145 143 144 5
146 30 88 -1
147 135 146 -1
148 66 147 -1
149 54 148 27
150 2 91 -1
151 44 150 -1
152 88 151 32
153 46 77 -1
154 0 73 -1
155 153 154 25
156 23 85 -1
157 27 156 -1
158 48 157 31
159 10 28 -1
160 34 154 -1
161 158 159 -1
162 160 161 36
163 6 52 -1
164 83 163 -1
165 2 164 10
166 92 147 -1
167 144 166 -1
168 22 167 -1
169 134 168 19
170 32 76 -1
171 47 159 -1
172 170 171 -1
173 14 172 11
174 25 60 -1
175 51 174 -1
176 13 175 -1
177 89 176 23
178 26 109 -1
179 12 50 -1
180 178 179 -1
181 108 180 8
182 25 170 -1
183 77 182 -1
184 9 49 -1
185 183 184 35
186 3 64 -1
187 38 74 -1
188 54 186 -1
189 187 188 28
190 56 67 -1
191 94 131 -1
192 157 191 -1
193 190 192 30
194 22 32 -1
195 48 55 -1
196 194 195 -1
197 78 196 26
198 35 76 -1
199 17 198 -1
200 67 199 -1
201 49 200 6
