60 19 46 -1
61 31 59 -1
62 3 5 -1
63 18 43 -1
64 8 26 -1
65 38 46 -1
66 16 21 -1
67 37 41 -1
68 6 10 -1
69 3 52 -1
70 34 48 -1
71 39 54 -1
72 50 57 -1
73 40 58 -1
74 29 48 -1
75 2 19 -1
76 1 32 -1
77 17 54 -1
78 22 49 -1
79 9 53 -1
80 14 41 -1
81 34 55 -1
82 28 60 -1
83 59 65 -1
84 20 25 -1
85 3 81 -1
86 9 12 -1
87 0 45 -1
88 13 71 -1
89 1 70 -1
90 24 48 -1
91 0 40 -1
92 15 60 -1
93 33 64 -1
94 10 26 -1
95 6 37 -1
96 72 95 -1
97 18 92 -1
98 31 62 -1
99 8 69 -1
100 16 55 -1
101 32 47 -1
102 19 39 -1
103 7 58 -1
104 32 63 -1
105 53 90 -1
106 57 100 -1
107 20 67 -1
108 2 61 -1
109 81 94 -1
110 51 97 -1
111 41 42 -1
112 51 79 -1
113 28 85 -1
114 51 82 -1
115 68 69 -1
116 14 60 -1
117 59 80 -1
118 10 66 -1
119 19 98 -1
120 53 84 -1
121 4 120 -1
122 43 57 -1
123 47 122 -1
124 13 58 -1
125 25 73 -1
126 89 125 -1
127 41 44 -1
128 56 127 -1
129 65 79 -1
130 37 38 -1
131 77 78 -1
132 30 76 -1
133 2 40 -1
134 11 77 -1
135 56 73 -1
136 23 63 -1
137 30 42 -1
138 62 66 -1
139 27 32 -1
140 50 110 -1
141 12 17 -1
142 39 90 -1
143 127 130 -1
144 21 99 -1
145 16 108 -1
146 35 74 -1
147 33 75 -1
148 18 101 -1
149 49 62 -1
150 3 135 -1
151 27 84 -1
152 9 148 -1
153 33 152 -1
154 4 67 -1
155 23 61 -1
156 52 92 -1
157 12 38 -1
158 36 103 -1
159 11 52 -1
160 28 70 -1
161 95 119 -1
162 121 161 53
163 114 123 -1
164 124 163 27
165 38 144 -1
166 43 89 -1
167 165 166 15
168 83 107 -1
169 52 168 -1
170 132 169 35
171 0 80 -1
172 78 113 -1
173 171 172 17
174 9 126 -1
175 137 142 -1
176 174 175 40
177 103 145 -1
178 1 177 -1
179 69 178 16
180 51 139 -1
181 138 180 -1
182 137 181 22
183 24 129 -1
184 37 131 -1
185 183 184 58
186 60 86 -1
187 124 126 -1
188 186 187 55
189 106 141 -1
190 29 189 -1
191 125 190 21
192 33 99 -1
193 105 192 -1
194 106 193 54
195 38 109 -1
196 112 195 -1
197 87 196 48
198 93 140 -1
199 21 83 -1
200 198 199 0
201 91 111 -1
202 61 201 -1
203 105 202 29
204 49 104 -1
205 96 204 -1
206 94 205 51
207 36 107 -1
208 64 108 -1
209 207 208 23
210 16 146 -1
211 143 210 -1
212 39 211 25
213 86 135 -1
214 75 117 -1
215 213 214 36
216 134 136 -1
217 68 216 -1
218 75 217 44
219 88 133 -1
220 27 219 -1
221 109 220 59
222 29 90 -1
223 98 116 -1
224 1 223 -1
225 222 224 49
226 59 76 -1
227 36 88 -1
228 226 227 -1
229 123 228 30
230 144 151 -1
231 98 159 -1
232 158 230 -1
233 231 232 8
234 69 91 -1
235 93 234 -1
236 44 235 -1
237 71 236 57
238 41 88 -1
239 134 149 -1
240 82 239 -1
241 238 240 1
242 113 115 -1
243 100 242 -1
244 54 114 -1
245 243 244 24
246 29 73 -1
247 41 153 -1
248 246 247 -1
249 77 248 6
250 65 147 -1
251 74 250 -1
252 19 104 -1
253 251 252 19
254 149 154 -1
255 111 254 -1
256 32 153 -1
257 255 256 56
258 31 128 -1
259 63 258 -1
260 124 259 -1
261 8 260 18
262 113 199 -1
263 16 262 -1
264 116 263 -1
265 43 264 11
266 99 127 -1
267 30 266 -1
268 114 119 -1
269 267 268 42
270 118 156 -1
271 62 86 -1
272 270 271 -1
273 231 272 47
274 117 270 -1
275 44 92 -1
276 274 275 -1
277 55 276 20
278 155 157 -1
279 158 278 -1
280 116 156 -1
281 279 280 2
282 40 112 -1
283 72 201 -1
284 74 282 -1
285 283 284 38
286 21 75 -1
287 13 286 -1
288 76 287 -1
289 115 288 46
290 56 110 -1
291 17 96 -1
292 102 290 -1
293 291 292 4
294 7 78 -1
295 87 147 -1
296 1 294 -1
297 295 296 26
298 55 155 -1
299 35 131 -1
300 298 299 -1
301 43 300 34
302 128 138 -1
303 48 80 -1
304 302 303 -1
305 64 304 43
306 10 89 -1
307 65 303 -1
308 76 307 -1
309 306 308 -1
310 121 309 7
311 90 96 -1
312 12 311 -1
313 16 312 -1
314 101 313 39
315 41 136 -1
316 46 150 -1
317 70 316 -1
318 315 317 12
319 173 308 -1
320 139 319 -1
321 0 15 -1
322 320 321 -1
323 296 322 45
324 42 54 -1
325 93 324 -1
326 52 133 -1
327 157 326 -1
328 325 327 32
329 30 156 -1
330 94 329 -1
331 50 145 -1
332 330 331 -1
333 147 332 3
334 21 25 -1
335 143 148 -1
336 40 335 -1
337 22 334 -1
338 336 337 5
339 52 129 -1
340 25 82 -1
341 63 340 -1
342 6 339 -1
343 341 342 31
344 26 100 -1
345 59 139 -1
346 102 344 -1
347 345 346 -1
348 18 347 28
349 6 87 -1
350 44 54 -1
351 151 350 -1
352 132 351 -1
353 349 352 10
354 149 306 -1
355 40 146 -1
356 30 150 -1
357 355 356 -1
358 354 357 50
359 24 97 -1
360 38 359 -1
361 16 360 -1
362 7 91 -1
363 361 362 52
364 102 149 -1
365 64 364 -1
366 311 365 -1
367 21 160 -1
368 161 367 -1
369 366 368 13
370 15 20 -1
371 140 141 -1
372 370 371 -1
373 58 68 -1
374 82 373 -1
375 372 374 37
376 10 239 -1
377 17 22 -1
378 61 254 -1
379 46 377 -1
380 376 379 -1
381 378 380 41
382 30 168 -1
383 71 382 -1
384 47 171 -1
385 55 383 -1
386 37 385 -1
387 384 386 14
388 86 129 -1
389 160 388 -1
390 71 389 -1
391 130 390 -1
392 45 391 -1
393 57 392 9
394 50 159 -1
395 4 48 -1
396 102 394 -1
397 35 395 -1
398 5 47 -1
399 396 397 -1
400 398 399 33
