40 30 38 -1
41 3 22 -1
42 1 18 -1
43 11 16 -1
44 27 29 -1
45 5 24 -1
46 19 36 -1
47 14 35 -1
48 13 17 -1
49 23 34 -1
50 15 32 -1
51 7 12 -1
52 0 18 -1
53 39 42 -1
54 31 37 -1
55 5 31 -1
56 4 43 -1
57 11 15 -1
58 21 53 -1
59 22 32 -1
60 12 52 -1
61 35 60 -1
62 20 51 -1
63 19 25 -1
64 8 9 -1
65 30 44 -1
66 8 23 -1
67 13 34 -1
68 17 41 -1
69 3 26 -1
70 40 46 -1
71 46 47 -1
72 59 71 -1
73 37 57 -1
74 0 21 -1
75 44 54 -1
76 33 40 -1
77 6 38 -1
78 16 76 -1
79 38 58 -1
80 49 65 -1
81 3 55 -1
82 23 45 -1
83 60 81 -1
84 1 29 -1
85 10 51 -1
86 20 29 -1
87 6 20 -1
88 66 72 -1
89 48 61 -1
90 50 78 -1
91 51 53 -1
92 2 63 -1
93 28 31 -1
94 9 77 -1
95 24 67 -1
96 64 89 -1
97 43 95 -1
98 27 33 -1
99 73 98 -1
100 42 97 -1
101 18 70 -1
102 96 101 11
103 56 100 -1
104 14 82 -1
105 68 71 -1
106 101 104 -1
107 26 84 -1
108 50 65 -1
109 18 28 -1
110 55 57 -1
111 56 67 -1
112 9 84 -1
113 36 56 -1
114 16 85 -1
115 38 41 -1
116 2 12 -1
117 49 76 -1
118 37 100 -1
119 62 90 -1
120 8 86 -1
121 47 108 -1
122 69 121 -1
123 4 87 -1
124 17 63 -1
125 73 74 -1
126 105 125 36
127 38 67 -1
128 88 127 12
129 68 98 -1
130 103 129 15
131 27 39 -1
132 83 91 -1
133 70 132 14
134 75 97 -1
135 62 134 32
136 55 61 -1
137 119 136 9
138 73 94 -1
139 14 138 -1
140 80 139 28
141 17 78 -1
142 103 141 -1
143 106 142 21
144 26 109 -1
145 110 144 -1
146 72 145 4
147 34 118 -1
148 115 147 -1
149 64 148 39
150 13 113 -1
151 24 66 -1
152 99 151 -1
153 60 152 18
154 53 106 -1
155 107 154 -1
156 105 155 33
157 66 93 -1
158 6 157 -1
159 90 158 17
160 98 157 -1
161 83 92 -1
162 6 15 -1
163 161 162 13
164 68 122 -1
165 35 53 -1
166 164 165 25
167 45 89 -1
168 131 167 -1
169 79 168 10
170 93 94 -1
171 62 113 -1
172 170 171 30
173 109 121 -1
174 91 173 -1
175 13 174 2
176 10 104 -1
177 58 176 -1
178 117 177 27
179 96 116 -1
180 150 179 -1
181 123 180 37
182 92 109 -1
183 101 111 -1
184 29 183 -1
185 182 184 29
186 84 116 -1
187 115 186 -1
188 75 80 -1
189 187 188 26
190 110 124 -1
191 153 160 -1
192 190 191 -1
193 10 192 19
194 52 80 -1
195 16 36 -1
196 194 195 -1
197 88 196 3
198 31 112 -1
199 99 198 -1
200 13 199 -1
201 21 200 16
202 17 35 -1
203 79 202 -1
204 86 114 -1
205 203 204 5
206 87 111 -1
207 14 74 -1
208 110 207 -1
209 206 208 35
210 56 59 -1
211 79 107 -1
212 25 210 -1
213 211 212 31
214 116 119 -1
215 31 122 -1
216 160 214 -1
217 215 216 7
218 48 120 -1
219 5 218 -1
220 50 58 -1
221 219 220 38
222 74 124 -1
223 68 222 -1
224 31 61 -1
225 56 223 -1
226 224 225 20
227 28 82 -1
228 123 227 -1
229 129 228 -1
230 7 131 -1
231 229 230 0
232 65 124 -1
233 7 66 -1
234 232 233 -1
235 69 234 -1
236 4 235 24
237 32 82 -1
238 21 48 -1
239 46 238 -1
240 237 239 -1
241 75 240 1
242 71 120 -1
243 69 242 -1
244 112 113 -1
245 243 244 -1
246 33 245 6
247 57 244 -1
248 49 247 -1
249 114 248 -1
250 72 121 -1
251 249 250 22
252 77 83 -1
253 1 37 -1
254 252 253 -1
255 82 114 -1
256 254 255 8
257 3 233 -1
258 147 176 -1
259 12 150 -1
260 257 258 -1
261 259 260 34
262 45 78 -1
263 196 252 -1
264 262 263 -1
265 250 264 -1
266 110 265 23
