44 29 41 -1
45 12 42 -1
46 6 33 -1
47 7 25 -1
48 27 37 -1
49 4 18 -1
50 26 34 -1
51 24 28 -1
52 36 45 -1
53 0 1 -1
54 9 22 -1
55 10 16 -1
56 14 15 -1
57 2 17 -1
58 1 41 -1
59 35 43 -1
60 3 31 -1
61 20 26 -1
62 8 28 -1
63 4 5 -1
64 22 61 -1
65 7 62 -1
66 11 47 -1
67 43 65 -1
68 21 34 -1
69 8 33 -1
70 42 46 -1
71 25 39 -1
72 35 40 -1
73 38 54 -1
74 16 19 -1
75 46 56 -1
76 49 69 -1
77 52 53 -1
78 44 51 -1
79 5 44 -1
80 23 48 -1
81 32 50 -1
82 20 27 -1
83 17 40 -1
84 14 31 -1
85 22 60 -1
86 63 72 -1
87 51 84 -1
88 0 73 -1
89 37 69 -1
90 15 58 -1
91 6 39 -1
92 47 74 -1
93 66 76 -1
94 64 67 -1
95 55 88 -1
96 3 75 -1
97 51 77 -1
98 16 43 -1
99 48 54 -1
100 27 79 -1
101 4 87 -1
102 15 63 -1
103 83 99 -1
104 21 55 -1
105 89 95 -1
106 45 47 -1
107 44 106 -1
108 10 85 -1
109 19 41 -1
110 24 73 -1
111 33 101 -1
112 59 70 -1
113 58 67 -1
114 24 81 -1
115 39 53 -1
116 30 71 -1
117 39 61 -1
118 1 64 -1
119 77 82 -1
120 92 119 12
121 54 118 -1
122 3 66 -1
123 29 117 -1
124 18 36 -1
125 42 49 -1
126 9 116 -1
127 35 104 -1
128 36 79 -1
129 72 98 -1
130 7 86 -1
131 13 82 -1
132 32 57 -1
133 16 81 -1
134 2 101 -1
135 30 132 -1
136 46 92 -1
137 103 136 43
138 74 95 -1
139 111 138 37
140 57 107 -1
141 104 140 17
142 13 105 -1
143 79 142 9
144 17 94 -1
145 100 144 41
146 17 52 -1
147 31 93 -1
148 146 147 29
149 86 118 -1
150 14 116 -1
151 149 150 38
152 68 98 -1
153 37 97 -1
154 152 153 32
155 11 87 -1
156 22 114 -1
157 55 112 -1
158 156 157 28
159 93 113 -1
160 10 159 -1
161 50 160 30
162 78 94 -1
163 2 124 -1
164 162 163 34
165 2 75 -1
166 58 165 -1
167 146 166 20
168 6 107 -1
169 110 168 -1
170 108 169 4
171 23 125 -1
172 96 121 -1
173 34 172 -1
174 88 173 24
175 81 171 -1
176 104 175 -1
177 31 176 15
178 115 133 -1
179 7 97 -1
180 55 91 -1
181 179 180 -1
182 90 181 0
183 28 127 -1
184 17 58 -1
185 112 122 -1
186 78 185 -1
187 72 113 -1
188 186 187 11
189 102 183 -1
190 22 189 -1
191 26 190 -1
192 105 191 3
193 118 133 -1
194 131 193 -1
195 44 194 -1
196 71 195 21
197 73 129 -1
198 64 90 -1
199 49 198 -1
200 197 199 1
201 43 84 -1
202 121 201 -1
203 100 119 -1
204 202 203 40
205 66 178 -1
206 8 132 -1
207 205 206 -1
208 9 207 7
209 60 83 -1
210 42 78 -1
211 115 210 -1
212 209 211 27
213 122 123 -1
214 18 48 -1
215 33 214 -1
216 213 215 35
217 21 155 -1
218 36 85 -1
219 130 218 -1
220 217 219 8
221 134 135 -1
222 59 102 -1
223 23 221 -1
224 222 223 36
225 13 68 -1
226 2 225 -1
227 80 108 -1
228 226 227 14
229 36 96 -1
230 26 72 -1
231 229 230 -1
232 65 231 33
233 112 153 -1
234 30 155 -1
235 233 234 -1
236 52 235 22
237 15 99 -1
238 134 237 -1
239 24 71 -1
240 238 239 25
241 131 184 -1
242 183 241 -1
243 152 242 -1
244 180 243 5
245 66 68 -1
246 126 245 -1
247 213 246 -1
248 128 247 19
249 6 80 -1
250 67 76 -1
251 249 250 -1
252 0 251 16
253 103 184 -1
254 176 178 -1
255 138 254 -1
256 253 255 39
257 19 99 -1
258 30 91 -1
259 100 258 -1
260 4 259 -1
261 257 260 18
262 10 48 -1
263 38 262 -1
264 130 263 -1
265 89 206 -1
266 264 265 31
267 25 127 -1
268 89 108 -1
269 4 268 -1
270 267 269 -1
271 109 270 2
272 18 103 -1
273 34 110 -1
274 11 272 -1
275 102 274 -1
276 273 275 42
277 41 69 -1
278 70 277 -1
279 2 278 -1
280 81 279 -1
281 126 280 26
282 12 114 -1
283 21 117 -1
284 65 283 -1
285 282 284 -1
286 14 285 13
287 62 135 -1
288 6 287 -1
289 90 124 -1
290 288 289 -1
291 35 290 10
292 44 262 -1
293 164 279 -1
294 292 293 -1
295 246 261 -1
296 176 295 -1
297 294 296 23
298 17 169 -1
299 96 106 -1
300 171 277 -1
301 299 300 -1
302 101 301 -1
303 298 302 6
