54 7 10 -1
55 8 15 -1
56 29 45 -1
57 0 31 -1
58 2 18 -1
59 21 23 -1
60 36 37 -1
61 26 55 -1
62 3 40 -1
63 8 17 -1
64 4 30 -1
65 41 44 -1
66 27 28 -1
67 1 43 -1
68 9 54 -1
69 7 17 -1
70 10 11 -1
71 21 50 -1
72 13 46 -1
73 49 63 -1
74 20 24 -1
75 25 47 -1
76 24 39 -1
77 70 74 -1
78 23 42 -1
79 27 56 -1
80 16 32 -1
81 19 62 -1
82 0 5 -1
83 15 57 -1
84 25 61 -1
85 6 48 -1
86 10 30 -1
87 45 64 -1
88 35 51 -1
89 18 46 -1
90 2 60 -1
91 34 59 -1
92 33 81 -1
93 14 58 -1
94 21 38 -1
95 7 37 -1
96 37 83 -1
97 32 69 -1
98 49 67 -1
99 16 98 -1
100 6 68 -1
101 76 86 -1
102 47 89 -1
103 18 26 -1
104 33 41 -1
105 14 75 -1
106 3 87 -1
107 36 39 -1
108 78 95 -1
109 80 91 -1
110 64 72 -1
111 76 90 -1
112 50 92 -1
113 51 100 -1
114 12 28 -1
115 9 57 -1
116 12 90 -1
117 102 107 -1
118 34 50 -1
119 77 118 -1
120 17 46 -1
121 19 58 -1
122 66 95 -1
123 36 108 -1
124 84 123 -1
125 66 71 -1
126 93 115 -1
127 42 126 -1
128 65 70 -1
129 24 106 -1
130 31 44 -1
131 42 72 -1
132 68 130 -1
133 22 35 -1
134 65 80 -1
135 12 94 -1
136 74 103 -1
137 29 122 -1
138 38 110 -1
139 55 138 -1
140 113 139 46
141 67 94 -1
142 30 84 -1
143 39 96 -1
144 97 143 -1
145 16 43 -1
146 40 56 -1
147 13 45 -1
148 103 109 -1
149 60 130 -1
150 67 71 -1
151 52 85 -1
152 65 151 -1
153 34 145 -1
154 53 99 -1
155 6 19 -1
156 5 15 -1
157 20 79 -1
158 89 153 -1
159 19 82 -1
160 18 38 -1
161 31 48 -1
162 1 36 -1
163 23 146 -1
164 88 90 -1
165 110 148 -1
166 65 165 2
167 51 79 -1
168 124 167 6
169 111 112 -1
170 53 169 23
171 142 154 -1
172 114 171 31
173 80 85 -1
174 108 173 -1
175 92 174 29
176 93 109 -1
177 8 81 -1
178 176 177 44
179 101 133 -1
180 79 99 -1
181 100 180 -1
182 47 181 30
183 73 127 -1
184 27 183 -1
185 30 184 50
186 25 119 -1
187 68 121 -1
188 186 187 16
189 31 119 -1
190 26 122 -1
191 189 190 45
192 14 134 -1
193 129 192 -1
194 51 193 24
195 123 128 -1
196 63 137 -1
197 195 196 48
198 61 68 -1
199 49 104 -1
200 41 113 -1
201 115 125 -1
202 200 201 22
203 63 157 -1
204 6 158 -1
205 154 203 -1
206 204 205 7
207 12 16 -1
208 79 164 -1
209 207 208 -1
210 117 209 4
211 77 83 -1
212 1 5 -1
213 135 212 -1
214 211 213 41
215 12 101 -1
216 71 131 -1
217 69 216 -1
218 215 217 47
219 28 111 -1
220 55 89 -1
221 77 220 -1
222 219 221 40
223 24 68 -1
224 32 117 -1
225 223 224 -1
226 8 225 21
227 91 96 -1
228 70 147 -1
229 227 228 -1
230 33 229 42
231 45 118 -1
232 54 127 -1
233 153 231 -1
234 232 233 12
235 14 34 -1
236 41 141 -1
237 101 235 -1
238 236 237 20
239 105 157 -1
240 142 146 -1
241 139 153 -1
242 24 241 -1
243 240 242 3
244 10 159 -1
245 116 244 -1
246 81 245 -1
247 105 246 26
248 0 155 -1
249 136 248 -1
250 38 249 -1
251 179 250 27
252 5 142 -1
253 120 252 -1
254 101 143 -1
255 253 254 25
256 19 47 -1
257 144 256 -1
258 30 51 -1
259 257 258 52
260 33 132 -1
261 48 89 -1
262 146 261 -1
263 260 262 51
264 69 149 -1
265 35 264 -1
266 57 265 -1
267 198 266 17
268 97 150 -1
269 114 268 -1
270 22 269 -1
271 68 270 14
272 160 162 -1
273 125 272 -1
274 159 273 -1
275 3 274 37
276 18 145 -1
277 152 276 -1
278 86 150 -1
279 277 278 43
280 11 120 -1
281 82 280 -1
282 71 281 -1
283 78 282 -1
284 56 283 18
285 163 207 -1
286 147 285 -1
287 121 145 -1
288 73 287 -1
289 286 288 33
290 116 198 -1
291 23 45 -1
292 195 291 -1
293 290 292 -1
294 47 293 32
295 141 156 -1
296 19 138 -1
297 122 296 -1
298 13 295 -1
299 297 298 9
300 17 112 -1
301 45 136 -1
302 4 300 -1
303 301 302 -1
304 44 303 10
305 48 133 -1
306 49 305 -1
307 59 129 -1
308 27 307 -1
309 306 308 49
310 11 131 -1
311 149 310 -1
312 19 311 -1
313 20 52 -1
314 312 313 15
315 50 144 -1
316 192 315 -1
317 75 316 -1
318 4 317 -1
319 149 318 1
320 61 135 -1
321 7 91 -1
322 151 321 -1
323 320 322 -1
324 4 323 38
325 167 199 -1
326 31 325 -1
327 37 196 -1
328 64 327 -1
329 326 328 35
330 53 86 -1
331 106 239 -1
332 46 330 -1
333 43 332 -1
334 331 333 53
335 35 161 -1
336 20 335 -1
337 62 160 -1
338 84 336 -1
339 337 338 28
340 88 156 -1
341 152 155 -1
342 27 341 -1
343 102 342 -1
344 340 343 8
345 99 335 -1
346 75 340 -1
347 3 26 -1
348 345 347 -1
349 346 348 5
350 4 12 -1
351 9 148 -1
352 158 351 -1
353 159 352 -1
354 350 353 34
355 104 162 -1
356 164 200 -1
357 53 356 -1
358 23 137 -1
359 355 357 -1
360 358 359 36
361 123 235 -1
362 122 163 -1
363 5 239 -1
364 54 363 -1
365 361 364 -1
366 362 365 13
367 9 73 -1
368 69 164 -1
369 25 59 -1
370 107 369 -1
371 368 370 -1
372 367 371 39
373 9 36 -1
374 35 373 -1
375 52 56 -1
376 97 375 -1
377 104 376 -1
378 374 377 19
379 5 85 -1
380 22 74 -1
381 4 199 -1
382 23 380 -1
383 69 379 -1
384 381 382 -1
385 383 384 0
386 32 39 -1
387 282 376 -1
388 202 387 -1
389 156 388 -1
390 79 386 -1
391 179 390 -1
392 389 391 11
