52 40 41 -1
53 30 44 -1
54 7 50 -1
55 3 47 -1
56 33 51 -1
57 24 31 -1
58 1 20 -1
59 2 29 -1
60 48 50 -1
61 35 36 -1
62 15 30 -1
63 26 62 -1
64 19 34 -1
65 33 44 -1
66 0 42 -1
67 10 36 -1
68 11 23 -1
69 13 27 -1
70 2 41 -1
71 37 40 -1
72 21 49 -1
73 22 42 -1
74 38 46 -1
75 23 31 -1
76 28 29 -1
77 1 14 -1
78 10 34 -1
79 20 75 -1
80 43 54 -1
81 0 46 -1
82 39 61 -1
83 24 70 -1
84 4 66 -1
85 68 70 -1
86 2 47 -1
87 25 67 -1
88 85 87 14
89 29 75 -1
90 8 21 -1
91 53 68 -1
92 21 73 -1
93 43 58 -1
94 28 37 -1
95 51 71 -1
96 41 56 -1
97 48 96 -1
98 13 97 -1
99 1 21 -1
100 22 44 -1
101 26 39 -1
102 18 60 -1
103 25 86 -1
104 5 103 -1
105 15 72 -1
106 27 46 -1
107 57 96 -1
108 12 39 -1
109 4 14 -1
110 17 53 -1
111 13 17 -1
112 24 77 -1
113 78 109 -1
114 49 51 -1
115 24 64 -1
116 31 36 -1
117 35 38 -1
118 16 78 -1
119 59 118 -1
120 78 94 -1
121 0 71 -1
122 33 40 -1
123 7 16 -1
124 5 51 -1
125 9 11 -1
126 86 92 -1
127 85 126 21
128 98 99 -1
129 74 128 6
130 7 94 -1
131 107 130 34
132 10 121 -1
133 104 132 27
134 76 113 -1
135 108 134 31
136 71 82 -1
137 83 136 32
138 50 95 -1
139 63 138 25
140 80 81 -1
141 67 140 13
142 52 80 -1
143 63 142 39
144 86 89 -1
145 74 144 20
146 48 120 -1
147 93 146 50
148 20 106 -1
149 87 90 -1
150 148 149 47
151 69 82 -1
152 52 151 -1
153 25 152 49
154 3 115 -1
155 53 154 -1
156 18 155 24
157 0 8 -1
158 76 91 -1
159 157 158 29
160 61 102 -1
161 14 160 -1
162 11 161 18
163 47 105 -1
164 9 54 -1
165 163 164 17
166 6 29 -1
167 58 84 -1
168 166 167 23
169 10 65 -1
170 112 169 -1
171 111 170 26
172 31 39 -1
173 8 116 -1
174 110 173 -1
175 108 174 45
176 8 40 -1
177 98 176 -1
178 38 177 33
179 15 102 -1
180 45 104 -1
181 179 180 10
182 49 116 -1
183 66 182 -1
184 115 183 38
185 27 84 -1
186 63 73 -1
187 185 186 19
188 16 83 -1
189 69 90 -1
190 188 189 51
191 50 100 -1
192 99 101 -1
193 191 192 22
194 77 119 -1
195 45 67 -1
196 194 195 44
197 30 55 -1
198 81 197 -1
199 56 198 15
200 85 117 -1
201 60 200 -1
202 79 201 2
203 22 74 -1
204 40 203 -1
205 109 204 -1
206 110 205 3
207 112 114 -1
208 35 76 -1
209 207 208 -1
210 11 209 5
211 57 65 -1
212 5 9 -1
213 101 211 -1
214 212 213 48
215 35 100 -1
216 18 215 -1
217 54 216 -1
218 37 217 16
219 1 37 -1
220 24 106 -1
221 219 220 -1
222 105 221 37
223 4 79 -1
224 26 113 -1
225 26 46 -1
226 89 225 -1
227 148 226 -1
228 158 227 40
229 19 60 -1
230 55 229 -1
231 65 230 -1
232 6 231 41
233 6 107 -1
234 17 223 -1
235 114 234 -1
236 233 235 0
237 34 224 -1
238 194 237 -1
239 124 219 -1
240 238 239 7
241 72 122 -1
242 23 241 -1
243 111 242 -1
244 42 243 43
245 28 123 -1
246 52 245 -1
247 73 246 -1
248 3 247 36
249 12 38 -1
250 64 124 -1
251 123 249 -1
252 250 251 42
253 92 125 -1
254 3 253 -1
255 36 122 -1
256 254 255 12
257 27 118 -1
258 9 257 -1
259 115 258 -1
260 117 259 46
261 3 19 -1
262 49 261 -1
263 93 262 -1
264 59 263 35
265 168 223 -1
266 47 50 -1
267 265 266 -1
268 219 267 11
269 191 224 -1
270 13 58 -1
271 22 112 -1
272 270 271 -1
273 269 272 9
274 18 272 -1
275 221 274 -1
276 57 71 -1
277 275 276 -1
278 205 277 1
279 48 254 -1
280 90 279 -1
281 42 280 -1
282 37 47 -1
283 281 282 30
284 20 32 -1
285 55 95 -1
286 35 284 -1
287 285 286 -1
288 94 287 28
289 22 25 -1
290 120 289 -1
291 15 132 -1
292 290 291 -1
293 172 292 8
294 198 287 -1
295 79 294 -1
296 136 295 -1
297 141 296 -1
298 164 297 4
