62 23 50 -1
63 11 36 -1
64 13 49 -1
65 17 47 -1
66 19 26 -1
67 3 34 -1
68 7 25 -1
69 17 33 -1
70 32 37 -1
71 35 38 -1
72 27 37 -1
73 43 70 -1
74 10 29 -1
75 17 20 -1
76 25 38 -1
77 24 47 -1
78 5 14 -1
79 53 54 -1
80 48 54 -1
81 3 6 -1
82 48 51 -1
83 15 56 -1
84 43 65 -1
85 8 21 -1
86 12 58 -1
87 31 37 -1
88 66 74 -1
89 13 63 -1
90 23 64 -1
91 49 57 -1
92 3 11 -1
93 39 80 -1
94 76 84 -1
95 26 91 -1
96 94 95 55
97 13 67 -1
98 28 85 -1
99 37 79 -1
100 16 62 -1
101 15 91 -1
102 9 68 -1
103 30 46 -1
104 55 75 -1
105 31 59 -1
106 11 21 -1
107 29 61 -1
108 60 107 -1
109 4 20 -1
110 30 64 -1
111 18 36 -1
112 12 33 -1
113 8 40 -1
114 44 62 -1
115 26 78 -1
116 3 41 -1
117 45 104 -1
118 54 73 -1
119 2 30 -1
120 45 72 -1
121 36 120 -1
122 2 121 -1
123 9 42 -1
124 35 41 -1
125 28 48 -1
126 77 125 -1
127 7 36 -1
128 19 61 -1
129 15 61 -1
130 50 58 -1
131 29 130 -1
132 21 52 -1
133 22 106 -1
134 2 57 -1
135 22 86 -1
136 13 61 -1
137 46 84 -1
138 7 47 -1
139 10 49 -1
140 34 40 -1
141 14 59 -1
142 17 90 -1
143 51 142 -1
144 24 39 -1
145 5 57 -1
146 28 73 -1
147 143 146 6
148 58 128 -1
149 126 148 20
150 90 93 -1
151 109 150 34
152 53 122 -1
153 47 152 22
154 5 104 -1
155 131 154 16
156 56 60 -1
157 124 156 -1
158 102 157 27
159 89 90 -1
160 66 116 -1
161 159 160 49
162 81 105 -1
163 83 108 -1
164 162 163 12
165 21 159 -1
166 33 150 -1
167 165 166 43
168 109 116 -1
169 127 168 -1
170 129 169 60
171 49 124 -1
172 127 171 -1
173 126 172 1
174 43 111 -1
175 102 174 -1
176 86 175 47
177 87 97 -1
178 12 177 -1
179 132 178 61
180 34 39 -1
181 58 180 -1
182 24 110 -1
183 89 101 -1
184 14 183 -1
185 53 184 50
186 34 99 -1
187 66 69 -1
188 186 187 40
189 101 182 -1
190 6 79 -1
191 189 190 56
192 67 105 -1
193 88 141 -1
194 192 193 52
195 95 105 -1
196 18 195 -1
197 98 196 14
198 0 103 -1
199 32 135 -1
200 198 199 23
201 72 144 -1
202 14 201 -1
203 69 202 15
204 81 115 -1
205 53 58 -1
206 204 205 18
207 5 89 -1
208 68 207 -1
209 77 208 33
210 16 36 -1
211 178 181 -1
212 210 211 5
213 56 110 -1
214 113 213 -1
215 81 214 45
216 1 29 -1
217 19 122 -1
218 216 217 48
219 19 97 -1
220 38 219 -1
221 65 220 24
222 20 60 -1
223 118 222 -1
224 119 223 37
225 103 106 -1
226 76 225 -1
227 41 226 29
228 43 129 -1
229 181 228 -1
230 85 229 58
231 115 136 -1
232 71 123 -1
233 231 232 13
234 19 100 -1
235 27 234 -1
236 112 235 19
237 31 117 -1
238 41 68 -1
239 237 238 42
240 67 69 -1
241 83 240 -1
242 98 241 11
243 32 59 -1
244 71 108 -1
245 243 244 17
246 78 88 -1
247 37 44 -1
248 246 247 -1
249 0 248 8
250 29 51 -1
251 52 134 -1
252 250 251 -1
253 138 252 21
254 64 100 -1
255 0 43 -1
256 254 255 -1
257 55 256 30
258 73 74 -1
259 19 47 -1
260 59 259 -1
261 258 260 54
262 12 113 -1
263 92 262 -1
264 72 263 -1
265 118 264 7
266 47 139 -1
267 16 42 -1
268 266 267 -1
269 94 268 31
270 0 33 -1
271 35 92 -1
272 270 271 -1
273 141 272 28
274 32 140 -1
275 82 138 -1
276 274 275 -1
277 102 276 32
278 54 111 -1
279 15 114 -1
280 10 278 -1
281 279 280 35
282 143 180 -1
283 182 282 -1
284 42 283 -1
285 32 284 3
286 71 133 -1
287 56 286 -1
288 53 82 -1
289 287 288 4
290 140 266 -1
291 58 65 -1
292 141 290 -1
293 291 292 36
294 114 131 -1
295 46 294 -1
296 45 295 -1
297 132 296 57
298 132 133 -1
299 42 66 -1
300 298 299 -1
301 70 300 51
302 77 130 -1
303 135 137 -1
304 136 302 -1
305 303 304 0
306 12 114 -1
307 60 306 -1
308 32 63 -1
309 307 308 53
310 39 123 -1
311 65 310 -1
312 18 311 -1
313 134 312 38
314 0 25 -1
315 128 145 -1
316 62 314 -1
317 315 316 41
318 59 137 -1
319 4 83 -1
320 24 319 -1
321 318 320 2
322 29 42 -1
323 43 82 -1
324 27 57 -1
325 323 324 -1
326 322 325 26
327 7 119 -1
328 0 75 -1
329 1 328 -1
330 71 327 -1
331 329 330 10
332 23 47 -1
333 35 332 -1
334 109 333 -1
335 12 334 -1
336 117 335 59
337 48 97 -1
338 11 270 -1
339 4 337 -1
340 338 339 -1
341 178 340 44
342 41 99 -1
343 22 50 -1
344 26 342 -1
345 8 343 -1
346 344 345 39
347 19 54 -1
348 28 34 -1
349 52 55 -1
350 18 348 -1
351 347 349 -1
352 350 351 25
353 145 274 -1
354 47 353 -1
355 35 348 -1
356 126 354 -1
357 46 356 -1
358 355 357 46
359 187 299 -1
360 247 342 -1
361 1 360 -1
362 125 359 -1
363 53 361 -1
364 362 363 9
