38 3 22 -1
39 26 37 -1
40 17 32 -1
41 15 20 -1
42 16 23 -1
43 1 34 -1
44 28 31 -1
45 18 25 -1
46 0 9 -1
47 29 36 -1
48 12 21 -1
49 19 27 -1
50 6 11 -1
51 2 38 -1
52 5 7 -1
53 4 40 -1
54 13 14 -1
55 35 45 -1
56 10 24 -1
57 41 51 -1
58 44 57 -1
59 17 28 -1
60 2 30 -1
61 33 52 -1
62 42 43 -1
63 16 55 -1
64 47 62 -1
65 25 36 -1
66 13 46 -1
67 22 39 -1
68 23 37 -1
69 49 59 -1
70 67 69 -1
71 6 27 -1
72 48 66 -1
73 9 39 -1
74 50 63 -1
75 7 53 -1
76 68 74 -1
77 11 60 -1
78 8 73 -1
79 20 34 -1
80 1 65 -1
81 5 54 -1
82 20 31 -1
83 0 70 -1
84 40 64 -1
85 15 78 -1
86 19 46 -1
87 33 58 -1
88 10 48 -1
89 4 24 -1
90 29 32 -1
91 82 88 -1
92 75 79 -1
93 12 90 -1
94 11 65 -1
95 45 61 -1
96 3 7 -1
97 17 58 -1
98 41 88 -1
99 70 92 -1
100 68 91 -1
101 21 26 -1
102 64 71 -1
103 18 24 -1
104 72 102 -1
105 68 69 -1
106 75 105 -1
107 104 106 2
108 35 84 -1
109 56 85 -1
110 83 96 -1
111 6 87 -1
112 62 74 -1
113 5 49 -1
114 22 81 -1
115 45 112 -1
116 26 92 -1
117 12 83 -1
118 82 94 -1
119 77 84 -1
120 100 119 32
121 74 95 -1
122 116 118 -1
123 103 111 -1
124 19 40 -1
125 14 84 -1
126 25 125 -1
127 28 94 -1
128 89 127 -1
129 126 128 -1
130 35 57 -1
131 110 118 -1
132 1 101 -1
133 10 97 -1
134 27 125 -1
135 73 125 -1
136 81 124 -1
137 55 79 -1
138 10 15 -1
139 95 117 -1
140 56 139 20
141 96 135 -1
142 30 141 14
143 115 122 -1
144 114 143 30
145 74 133 -1
146 27 145 21
147 66 99 -1
148 56 147 18
149 76 110 -1
150 77 149 5
151 98 121 -1
152 73 151 11
153 61 86 -1
154 108 153 -1
155 2 154 27
156 9 12 -1
157 129 156 -1
158 49 157 37
159 48 105 -1
160 43 121 -1
161 129 160 -1
162 130 161 0
163 3 29 -1
164 130 163 -1
165 131 164 3
166 112 113 -1
167 33 66 -1
168 166 167 17
169 133 137 -1
170 132 169 -1
171 100 170 34
172 8 66 -1
173 77 172 -1
174 123 173 22
175 17 103 -1
176 98 102 -1
177 175 176 25
178 44 89 -1
179 115 178 -1
180 72 80 -1
181 179 180 33
182 16 24 -1
183 116 182 -1
184 12 123 -1
185 183 184 1
186 131 132 -1
187 107 134 -1
188 89 187 -1
189 186 188 13
190 13 42 -1
191 67 126 -1
192 190 191 -1
193 104 192 16
194 25 156 -1
195 159 194 -1
196 58 195 -1
197 63 196 19
198 93 96 -1
199 99 136 -1
200 198 199 -1
201 88 200 8
202 60 123 -1
203 121 202 -1
204 122 124 -1
205 203 204 4
206 77 186 -1
207 53 110 -1
208 206 207 -1
209 85 208 12
210 76 109 -1
211 1 108 -1
212 210 211 -1
213 102 212 10
214 54 55 -1
215 29 214 -1
216 76 215 -1
217 87 216 36
218 35 109 -1
219 47 49 -1
220 72 219 -1
221 218 220 9
222 52 91 -1
223 18 128 -1
224 46 222 -1
225 223 224 23
226 63 77 -1
227 93 138 -1
228 114 227 -1
229 226 228 24
230 16 47 -1
231 86 230 -1
232 114 231 -1
233 97 232 31
234 107 142 -1
235 137 234 -1
236 22 235 -1
237 41 159 -1
238 236 237 26
239 186 197 -1
240 159 239 -1
241 199 215 -1
242 120 241 -1
243 240 242 15
244 28 41 -1
245 26 187 -1
246 115 245 -1
247 244 246 -1
248 104 247 35
249 157 208 -1
250 152 230 -1
251 1 210 -1
252 249 251 -1
253 250 252 28
254 22 152 -1
255 239 244 -1
256 185 254 -1
257 42 255 -1
258 256 257 29
259 38 101 -1
260 134 136 -1
261 94 260 -1
262 56 261 -1
263 259 262 6
264 38 211 -1
265 8 214 -1
266 11 265 -1
267 264 266 -1
268 120 267 7
