48 14 38 -1
49 15 44 -1
50 8 42 -1
51 27 45 -1
52 0 39 -1
53 28 31 -1
54 6 20 -1
55 23 24 -1
56 19 41 -1
57 36 46 -1
58 25 43 -1
59 37 49 -1
60 7 30 -1
61 22 40 -1
62 2 41 -1
63 3 33 -1
64 17 33 -1
65 4 5 -1
66 13 19 -1
67 32 41 -1
68 44 47 -1
69 24 30 -1
70 11 25 -1
71 15 18 -1
72 0 58 -1
73 36 48 -1
74 12 62 -1
75 10 25 -1
76 26 45 -1
77 4 64 -1
78 2 6 -1
79 10 28 -1
80 28 41 -1
81 39 54 -1
82 13 50 -1
83 21 34 -1
84 29 70 -1
85 3 45 -1
86 44 69 -1
87 27 35 -1
88 53 75 -1
89 1 56 -1
90 68 76 -1
91 4 16 -1
92 47 72 -1
93 25 36 -1
94 29 50 -1
95 2 8 -1
96 24 95 -1
97 67 73 -1
98 22 55 -1
99 27 59 -1
100 42 51 -1
101 57 79 -1
102 60 61 -1
103 1 58 -1
104 51 78 -1
105 18 55 -1
106 0 48 -1
107 9 40 -1
108 7 57 -1
109 8 12 -1
110 37 81 -1
111 78 110 -1
112 11 63 -1
113 85 86 -1
114 7 54 -1
115 19 113 -1
116 6 46 -1
117 66 116 -1
118 31 117 -1
119 38 42 -1
120 54 119 -1
121 21 31 -1
122 14 82 -1
123 22 122 -1
124 5 68 -1
125 30 52 -1
126 6 19 -1
127 70 126 -1
128 9 114 -1
129 0 37 -1
130 24 35 -1
131 12 16 -1
132 21 39 -1
133 103 118 -1
134 85 133 34
135 99 105 -1
136 109 135 15
137 52 94 -1
138 97 137 42
139 59 89 -1
140 88 139 46
141 71 111 -1
142 101 141 45
143 23 44 -1
144 104 143 -1
145 88 144 31
146 50 74 -1
147 9 90 -1
148 146 147 36
149 1 98 -1
150 114 149 -1
151 112 150 35
152 38 96 -1
153 84 152 -1
154 83 153 21
155 51 102 -1
156 74 155 -1
157 37 156 33
158 94 95 -1
159 99 158 -1
160 108 159 43
161 29 133 -1
162 58 161 -1
163 120 162 12
164 63 91 -1
165 89 164 -1
166 90 165 5
167 77 81 -1
168 80 98 -1
169 167 168 0
170 31 65 -1
171 48 92 -1
172 170 171 22
173 106 107 -1
174 2 173 -1
175 81 174 14
176 67 91 -1
177 113 176 -1
178 39 177 27
179 18 65 -1
180 120 179 -1
181 66 180 16
182 127 129 -1
183 76 182 -1
184 65 183 47
185 104 106 -1
186 46 105 -1
187 185 186 2
188 74 101 -1
189 16 103 -1
190 188 189 4
191 24 128 -1
192 127 191 -1
193 71 192 18
194 19 59 -1
195 85 92 -1
196 194 195 -1
197 93 196 30
198 60 82 -1
199 32 49 -1
200 93 198 -1
201 199 200 41
202 100 112 -1
203 115 122 -1
204 202 203 -1
205 77 204 7
206 49 73 -1
207 9 206 -1
208 100 207 -1
209 5 208 24
210 72 100 -1
211 67 210 -1
212 34 69 -1
213 211 212 3
214 124 125 -1
215 34 109 -1
216 59 215 -1
217 214 216 28
218 34 97 -1
219 66 218 -1
220 98 219 -1
221 130 220 10
222 38 102 -1
223 19 222 -1
224 108 132 -1
225 223 224 17
226 31 123 -1
227 37 68 -1
228 132 226 -1
229 227 228 11
230 45 83 -1
231 107 115 -1
232 230 231 -1
233 18 232 26
234 11 131 -1
235 128 234 -1
236 53 235 -1
237 38 236 25
238 64 121 -1
239 23 62 -1
240 94 238 -1
241 239 240 29
242 15 96 -1
243 6 53 -1
244 77 243 -1
245 242 244 38
246 40 132 -1
247 84 131 -1
248 47 129 -1
249 246 247 -1
250 248 249 8
251 13 125 -1
252 101 251 -1
253 5 45 -1
254 252 253 -1
255 36 254 23
256 21 112 -1
257 22 42 -1
258 107 256 -1
259 36 258 -1
260 257 259 13
261 56 77 -1
262 60 261 -1
263 29 262 -1
264 63 263 -1
265 23 264 20
266 26 63 -1
267 35 266 -1
268 83 267 -1
269 80 268 -1
270 58 269 40
271 82 87 -1
272 53 271 -1
273 17 18 -1
274 85 272 -1
275 273 274 1
276 30 43 -1
277 29 87 -1
278 111 276 -1
279 65 278 -1
280 277 279 6
281 17 55 -1
282 10 56 -1
283 281 282 -1
284 84 283 -1
285 72 284 37
286 116 124 -1
287 87 286 -1
288 38 41 -1
289 287 288 -1
290 71 289 9
291 3 119 -1
292 16 291 -1
293 43 222 -1
294 292 293 -1
295 80 294 39
296 3 57 -1
297 50 296 -1
298 129 297 -1
299 32 130 -1
300 298 299 32
301 109 123 -1
302 119 199 -1
303 75 301 -1
304 302 303 -1
305 44 304 19
306 64 95 -1
307 40 43 -1
308 34 306 -1
309 71 308 -1
310 26 307 -1
311 309 310 44
