36 17 20 -1
37 16 29 -1
38 10 19 -1
39 2 21 -1
40 1 5 -1
41 22 23 -1
42 6 32 -1
43 8 24 -1
44 14 15 -1
45 7 33 -1
46 26 34 -1
47 2 12 -1
48 30 40 -1
49 4 39 -1
50 9 44 -1
51 1 18 -1
52 28 41 -1
53 0 7 -1
54 37 46 -1
55 21 50 -1
56 34 35 -1
57 17 29 -1
58 32 35 -1
59 42 47 -1
60 25 52 -1
61 13 16 -1
62 3 25 -1
63 19 22 -1
64 14 30 -1
65 38 43 -1
66 20 65 -1
67 4 31 -1
68 45 54 -1
69 55 57 -1
70 56 69 -1
71 36 63 -1
72 10 39 -1
73 18 37 -1
74 23 59 -1
75 36 73 -1
76 27 74 -1
77 11 60 -1
78 1 31 -1
79 5 65 -1
80 76 79 0
81 33 78 -1
82 26 75 -1
83 81 82 14
84 45 58 -1
85 31 57 -1
86 9 48 -1
87 49 86 -1
88 56 72 -1
89 8 67 -1
90 51 88 -1
91 89 90 25
92 29 58 -1
93 24 35 -1
94 3 67 -1
95 39 64 -1
96 24 62 -1
97 21 32 -1
98 79 81 -1
99 21 53 -1
100 54 99 -1
101 12 17 -1
102 6 14 -1
103 61 102 -1
104 42 66 -1
105 35 75 -1
106 74 105 5
107 43 92 -1
108 9 82 -1
109 63 98 -1
110 97 109 33
111 71 94 -1
112 50 111 35
113 95 96 -1
114 66 113 24
115 62 68 -1
116 23 115 11
117 38 85 -1
118 84 117 10
119 50 73 -1
120 87 119 1
121 11 72 -1
122 68 121 20
123 52 86 -1
124 71 123 17
125 51 70 -1
126 24 125 8
127 37 43 -1
128 70 127 28
129 37 102 -1
130 60 129 -1
131 108 130 7
132 12 78 -1
133 77 132 -1
134 27 133 15
135 17 61 -1
136 100 135 -1
137 40 136 27
138 27 41 -1
139 85 103 -1
140 138 139 23
141 3 88 -1
142 92 141 -1
143 87 142 21
144 30 100 -1
145 82 144 -1
146 90 145 16
147 42 77 -1
148 26 61 -1
149 147 148 29
150 7 64 -1
151 59 150 -1
152 107 151 19
153 60 62 -1
154 7 76 -1
155 63 153 -1
156 154 155 12
157 14 84 -1
158 16 49 -1
159 157 158 -1
160 28 159 32
161 42 159 -1
162 18 150 -1
163 13 162 -1
164 56 163 -1
165 161 164 30
166 15 28 -1
167 89 166 -1
168 53 101 -1
169 167 168 13
170 41 93 -1
171 46 170 -1
172 36 97 -1
173 171 172 31
174 0 28 -1
175 95 170 -1
176 31 174 -1
177 175 176 4
178 20 55 -1
179 32 48 -1
180 23 179 -1
181 178 180 34
182 19 161 -1
183 103 122 -1
184 8 183 -1
185 182 184 6
186 19 51 -1
187 29 186 -1
188 104 187 -1
189 174 188 3
190 48 62 -1
191 94 101 -1
192 98 190 -1
193 191 192 22
194 16 104 -1
195 1 194 -1
196 8 195 -1
197 45 196 26
198 58 158 -1
199 44 177 -1
200 153 198 -1
201 162 199 -1
202 200 201 2
203 29 68 -1
204 133 173 -1
205 111 160 -1
206 203 205 -1
207 204 206 18
208 25 106 -1
209 80 108 -1
210 107 209 -1
211 57 208 -1
212 210 211 9
