22 4 9 -1
23 2 6 -1
24 3 8 -1
25 17 19 -1
26 13 14 -1
27 15 18 -1
28 5 11 -1
29 16 22 -1
30 12 21 -1
31 10 23 -1
32 7 19 -1
33 9 26 -1
34 0 32 -1
35 1 27 -1
36 15 20 -1
37 6 30 -1
38 20 31 -1
39 27 28 -1
40 31 34 -1
41 23 24 -1
42 29 35 -1
43 5 40 -1
44 7 39 -1
45 14 37 -1
46 42 45 13
47 16 33 -1
48 4 41 -1
49 11 48 -1
50 17 49 -1
51 2 33 -1
52 44 51 6
53 9 28 -1
54 12 49 -1
55 13 24 -1
56 30 38 -1
57 11 56 -1
58 36 53 -1
59 50 58 16
60 25 58 -1
61 1 55 -1
62 56 61 20
63 42 61 -1
64 3 57 -1
65 22 64 19
66 8 51 -1
67 0 50 -1
68 26 67 18
69 27 54 -1
70 61 69 -1
71 37 47 -1
72 25 71 7
73 45 60 -1
74 20 73 17
75 39 63 -1
76 32 75 21
77 25 42 -1
78 23 77 11
79 16 24 -1
80 43 79 15
81 62 64 -1
82 57 69 -1
83 25 82 12
84 18 22 -1
85 43 84 10
86 2 50 -1
87 47 54 -1
88 31 87 14
89 21 66 -1
90 1 89 -1
91 32 90 8
92 14 79 -1
93 58 81 -1
94 92 93 5
95 63 82 -1
96 45 52 -1
97 95 96 2
98 66 67 -1
99 59 98 -1
100 63 99 4
101 68 70 -1
102 8 101 -1
103 19 102 9
104 7 86 -1
105 82 85 -1
106 104 105 1
107 81 86 -1
108 12 40 -1
109 107 108 3
110 34 70 -1
111 36 110 -1
112 13 111 0
