26 0 4 -1
27 22 24 -1
28 7 20 -1
29 21 25 -1
30 14 16 -1
31 24 29 -1
32 1 23 -1
33 8 18 -1
34 9 15 -1
35 17 23 -1
36 27 28 -1
37 14 36 6
38 11 26 -1
39 4 7 -1
40 4 31 -1
41 38 40 9
42 28 40 19
43 15 26 -1
44 18 32 -1
45 27 44 7
46 2 39 -1
47 44 46 14
48 10 30 -1
49 36 48 1
50 19 31 -1
51 35 50 25
52 6 30 -1
53 9 52 -1
54 1 12 -1
55 2 25 -1
56 13 21 -1
57 16 53 -1
58 33 57 10
59 5 33 -1
60 38 59 13
61 22 34 -1
62 38 61 12
63 21 39 -1
64 34 63 8
65 18 53 -1
66 4 65 23
67 3 26 -1
68 52 67 21
69 28 46 -1
70 0 32 -1
71 69 70 20
72 28 55 -1
73 13 72 -1
74 9 73 15
75 20 56 -1
76 22 74 -1
77 75 76 18
78 43 54 -1
79 20 78 -1
80 16 79 5
81 2 8 -1
82 12 81 -1
83 27 82 11
84 25 45 -1
85 50 54 -1
86 84 85 16
87 5 75 -1
88 15 87 -1
89 17 88 24
90 22 43 -1
91 48 90 -1
92 39 91 0
93 3 20 -1
94 19 33 -1
95 25 93 -1
96 94 95 22
97 35 43 -1
98 10 55 -1
99 38 97 -1
100 98 99 2
101 95 97 -1
102 46 101 -1
103 74 102 4
104 6 8 -1
105 56 104 -1
106 43 105 -1
107 40 106 3
108 57 65 -1
109 38 39 -1
110 17 108 -1
111 109 110 17
