16 6 14 -1
17 4 15 -1
18 5 7 -1
19 8 10 -1
20 1 9 -1
21 13 16 -1
22 1 14 -1
23 9 11 -1
24 2 8 -1
25 21 23 -1
26 7 25 11
27 3 25 15
28 17 18 -1
29 1 28 4
30 0 22 -1
31 19 30 5
32 3 20 -1
33 12 19 -1
34 32 33 12
35 3 14 -1
36 28 35 8
37 15 33 -1
38 10 28 -1
39 24 32 -1
40 18 39 0
41 11 35 -1
42 7 41 -1
43 19 42 14
44 20 38 -1
45 7 44 13
46 2 17 -1
47 22 46 6
48 5 24 -1
49 16 48 7
50 0 37 -1
51 38 50 9
52 8 37 -1
53 21 52 10
54 5 30 -1
55 23 54 -1
56 15 55 2
57 33 47 -1
58 53 57 -1
59 7 58 1
60 4 16 -1
61 9 60 -1
62 33 61 3
