24 10 18 -1
25 2 21 -1
26 22 24 -1
27 6 15 -1
28 7 26 -1
29 8 23 -1
30 4 17 -1
31 0 19 -1
32 5 22 -1
33 3 16 -1
34 1 32 -1
35 25 27 -1
36 9 11 -1
37 14 29 -1
38 1 35 -1
39 23 38 -1
40 20 26 -1
41 9 40 -1
42 6 11 -1
43 12 13 -1
44 28 29 -1
45 36 44 7
46 30 37 -1
47 7 10 -1
48 23 28 -1
49 12 25 -1
50 31 37 -1
51 10 42 -1
52 16 19 -1
53 0 44 -1
54 2 53 -1
55 43 54 -1
56 17 32 -1
57 13 27 -1
58 3 10 -1
59 16 30 -1
60 21 23 -1
61 18 49 -1
62 50 61 12
63 39 45 -1
64 54 63 9
65 12 48 -1
66 33 65 6
67 42 63 -1
68 9 67 16
69 25 46 -1
70 57 69 4
71 17 69 -1
72 34 46 -1
73 53 72 13
74 41 59 -1
75 20 31 -1
76 22 74 -1
77 8 76 11
78 73 75 -1
79 32 50 -1
80 19 40 -1
81 35 80 18
82 33 35 -1
83 47 82 8
84 39 52 -1
85 51 84 20
86 74 78 -1
87 12 86 19
88 14 71 -1
89 55 88 15
90 9 60 -1
91 79 90 -1
92 3 91 23
93 60 75 -1
94 76 93 -1
95 36 94 2
96 42 75 -1
97 4 34 -1
98 96 97 22
99 47 57 -1
100 1 36 -1
101 99 100 10
102 60 71 -1
103 51 102 -1
104 28 103 14
105 31 56 -1
106 39 105 -1
107 15 106 3
108 24 55 -1
109 9 108 -1
110 56 109 0
111 34 49 -1
112 58 111 -1
113 41 112 21
114 33 78 -1
115 55 79 -1
116 114 115 17
117 57 79 -1
118 58 75 -1
119 22 117 -1
120 118 119 5
121 33 41 -1
122 21 121 -1
123 6 122 -1
124 5 123 1
