22 15 18 -1
23 1 22 -1
24 8 9 -1
25 6 17 -1
26 0 7 -1
27 11 13 -1
28 12 16 -1
29 20 24 -1
30 8 21 -1
31 14 23 -1
32 3 27 -1
33 7 30 -1
34 10 28 -1
35 26 34 -1
36 5 25 -1
37 13 19 -1
38 23 29 -1
39 10 38 -1
40 27 39 16
41 19 38 -1
42 26 41 10
43 1 20 -1
44 32 43 -1
45 35 44 1
46 5 15 -1
47 4 33 -1
48 7 37 -1
49 31 48 -1
50 44 46 -1
51 38 50 -1
52 13 14 -1
53 2 3 -1
54 12 48 -1
55 51 54 14
56 16 47 -1
57 2 29 -1
58 6 57 -1
59 1 54 -1
60 36 40 -1
61 9 14 -1
62 56 59 -1
63 38 62 3
64 1 61 -1
65 51 64 6
66 15 56 -1
67 21 36 -1
68 51 67 19
69 8 23 -1
70 2 44 -1
71 47 70 2
72 15 26 -1
73 58 72 8
74 53 69 -1
75 25 74 7
76 56 67 -1
77 69 76 11
78 9 49 -1
79 6 78 18
80 31 33 -1
81 28 80 13
82 42 60 -1
83 49 82 4
84 8 17 -1
85 35 52 -1
86 84 85 12
87 5 85 -1
88 72 87 -1
89 24 88 15
90 19 74 -1
91 9 90 -1
92 0 91 17
93 35 59 -1
94 60 93 -1
95 57 94 0
96 19 28 -1
97 11 96 -1
98 66 97 9
99 78 93 -1
100 98 99 -1
101 55 100 21
102 11 16 -1
103 18 58 -1
104 102 103 5
105 12 17 -1
106 30 39 -1
107 24 105 -1
108 106 107 20
