18 0 15 -1
19 8 16 -1
20 15 19 -1
21 12 18 -1
22 1 6 -1
23 4 21 -1
24 17 21 -1
25 5 10 -1
26 10 14 -1
27 23 26 10
28 7 23 -1
29 2 28 16
30 5 20 -1
31 9 30 7
32 24 25 -1
33 1 32 3
34 16 32 -1
35 30 34 5
36 22 24 -1
37 9 36 0
38 1 11 -1
39 0 13 -1
40 4 20 -1
41 38 40 9
42 3 9 -1
43 5 12 -1
44 35 43 4
45 10 42 -1
46 40 45 2
47 8 14 -1
48 34 36 -1
49 4 48 17
50 2 26 -1
51 16 50 -1
52 39 51 8
53 48 50 -1
54 47 53 15
55 45 47 -1
56 1 55 13
57 0 6 -1
58 28 57 6
59 25 52 -1
60 54 59 14
61 11 13 -1
62 17 61 -1
63 30 62 1
64 9 38 -1
65 16 18 -1
66 64 65 11
67 3 13 -1
68 7 67 -1
69 5 68 -1
70 18 69 12
