22 15 18 -1
23 1 22 -1
24 8 11 -1
25 7 21 -1
26 3 24 -1
27 9 20 -1
28 10 23 -1
29 8 16 -1
30 2 6 -1
31 0 29 -1
32 19 25 -1
33 12 32 -1
34 13 26 -1
35 5 14 -1
36 22 30 -1
37 27 31 -1
38 36 37 -1
39 7 38 8
40 0 4 -1
41 9 26 -1
42 28 34 -1
43 14 33 -1
44 5 17 -1
45 17 23 -1
46 28 29 -1
47 43 46 13
48 0 13 -1
49 11 48 -1
50 38 49 5
51 4 33 -1
52 24 51 -1
53 19 27 -1
54 42 53 16
55 9 12 -1
56 6 52 -1
57 50 56 3
58 2 54 -1
59 49 58 17
60 30 45 -1
61 41 60 7
62 35 52 -1
63 15 62 9
64 46 55 -1
65 10 58 -1
66 64 65 -1
67 35 45 -1
68 34 67 6
69 32 37 -1
70 23 69 10
71 39 42 -1
72 55 71 1
73 44 64 -1
74 21 27 -1
75 73 74 20
76 67 70 -1
77 19 45 -1
78 47 49 -1
79 77 78 12
80 68 78 -1
81 2 80 -1
82 57 81 -1
83 71 82 11
84 56 64 -1
85 8 84 -1
86 76 85 4
87 38 44 -1
88 19 87 -1
89 41 88 0
90 62 80 -1
91 25 90 -1
92 44 91 21
93 32 65 -1
94 18 60 -1
95 93 94 19
96 5 61 -1
97 51 96 -1
98 94 97 14
99 4 15 -1
100 47 99 -1
101 66 100 2
102 18 64 -1
103 35 102 -1
104 48 103 15
105 48 75 -1
106 6 105 -1
107 76 106 18
