26 3 7 -1
27 0 6 -1
28 11 13 -1
29 8 16 -1
30 9 25 -1
31 12 27 -1
32 19 24 -1
33 2 10 -1
34 18 26 -1
35 23 28 -1
36 14 17 -1
37 5 21 -1
38 1 22 -1
39 29 31 -1
40 30 39 -1
41 20 40 -1
42 4 32 -1
43 14 40 -1
44 33 36 -1
45 24 35 -1
46 15 37 -1
47 12 38 -1
48 21 34 -1
49 1 42 -1
50 27 41 -1
51 25 44 -1
52 5 35 -1
53 9 13 -1
54 10 46 -1
55 9 34 -1
56 33 52 -1
57 0 37 -1
58 4 18 -1
59 55 57 -1
60 46 47 -1
61 7 60 -1
62 28 49 -1
63 40 62 14
64 2 41 -1
65 28 64 -1
66 19 65 -1
67 55 66 1
68 45 47 -1
69 1 43 -1
70 68 69 6
71 31 49 -1
72 16 17 -1
73 59 72 -1
74 71 73 -1
75 15 56 -1
76 3 47 -1
77 48 51 -1
78 54 58 -1
79 11 61 -1
80 2 79 -1
81 70 76 -1
82 75 81 -1
83 8 82 2
84 54 69 -1
85 74 84 24
86 56 73 -1
87 58 86 17
88 11 43 -1
89 48 88 25
90 42 51 -1
91 50 90 10
92 39 75 -1
93 22 92 19
94 10 68 -1
95 71 94 -1
96 67 95 20
97 34 60 -1
98 94 97 -1
99 27 98 16
100 29 43 -1
101 28 78 -1
102 100 101 5
103 44 74 -1
104 53 103 -1
105 86 104 13
106 16 77 -1
107 22 106 -1
108 53 107 15
109 80 82 -1
110 9 109 -1
111 63 110 11
112 17 64 -1
113 26 112 -1
114 24 113 12
115 87 97 -1
116 64 85 -1
117 115 116 4
118 37 76 -1
119 50 62 -1
120 118 119 3
121 1 16 -1
122 80 121 -1
123 65 122 9
124 39 59 -1
125 24 124 -1
126 28 125 -1
127 61 126 8
128 121 124 -1
129 44 96 -1
130 128 129 21
131 92 99 -1
132 23 131 -1
133 9 132 -1
134 119 133 18
135 25 32 -1
136 72 135 -1
137 80 136 -1
138 5 137 22
139 1 61 -1
140 83 139 -1
141 73 140 -1
142 35 141 0
143 29 32 -1
144 44 57 -1
145 143 144 -1
146 3 145 7
147 3 8 -1
148 40 147 -1
149 66 79 -1
150 148 149 23
