24 0 14 -1
25 18 22 -1
26 10 11 -1
27 13 15 -1
28 1 24 -1
29 16 17 -1
30 7 20 -1
31 12 21 -1
32 4 8 -1
33 19 23 -1
34 2 25 -1
35 5 26 -1
36 3 30 -1
37 27 28 -1
38 9 36 -1
39 4 35 -1
40 32 33 -1
41 23 29 -1
42 6 37 -1
43 7 22 -1
44 42 43 -1
45 31 40 -1
46 13 34 -1
47 16 39 -1
48 17 37 -1
49 0 38 -1
50 27 45 -1
51 30 48 -1
52 15 18 -1
53 29 50 -1
54 24 52 -1
55 53 54 17
56 14 36 -1
57 2 49 -1
58 32 46 -1
59 48 57 -1
60 58 59 19
61 11 41 -1
62 10 12 -1
63 4 46 -1
64 20 25 -1
65 6 47 -1
66 28 61 -1
67 31 66 -1
68 64 67 16
69 5 42 -1
70 1 29 -1
71 62 69 -1
72 63 71 18
73 57 62 -1
74 61 73 -1
75 26 44 -1
76 9 75 6
77 35 64 -1
78 19 66 -1
79 43 70 -1
80 73 79 8
81 30 68 -1
82 71 81 1
83 34 65 -1
84 74 83 0
85 5 51 -1
86 47 85 23
87 43 50 -1
88 56 87 20
89 63 87 -1
90 42 89 4
91 3 59 -1
92 77 91 3
93 25 81 -1
94 87 93 14
95 38 52 -1
96 65 95 15
97 28 34 -1
98 40 47 -1
99 97 98 5
100 38 47 -1
101 2 100 -1
102 84 101 9
103 38 51 -1
104 53 103 -1
105 12 104 10
106 21 56 -1
107 11 58 -1
108 106 107 22
109 1 17 -1
110 49 77 -1
111 107 109 -1
112 100 111 -1
113 5 112 2
114 53 99 -1
115 2 109 -1
116 114 115 21
117 45 76 -1
118 33 110 -1
119 117 118 13
120 23 63 -1
121 106 110 -1
122 120 121 12
123 55 78 -1
124 4 51 -1
125 123 124 7
126 7 16 -1
127 36 126 -1
128 75 127 -1
129 78 128 11
