26 9 18 -1
27 0 15 -1
28 22 24 -1
29 2 23 -1
30 7 26 -1
31 18 21 -1
32 1 4 -1
33 20 25 -1
34 11 17 -1
35 10 16 -1
36 13 27 -1
37 8 32 -1
38 7 35 -1
39 14 38 -1
40 17 36 -1
41 4 30 -1
42 19 23 -1
43 1 25 -1
44 29 30 -1
45 20 28 -1
46 24 31 -1
47 11 45 -1
48 42 46 -1
49 15 21 -1
50 16 27 -1
51 33 50 -1
52 13 44 -1
53 33 52 15
54 1 48 -1
55 34 43 -1
56 54 55 25
57 12 40 -1
58 3 26 -1
59 41 46 -1
60 6 29 -1
61 8 24 -1
62 13 61 -1
63 6 50 -1
64 57 58 -1
65 23 64 4
66 22 32 -1
67 44 66 14
68 14 30 -1
69 45 68 6
70 41 49 -1
71 10 70 8
72 22 39 -1
73 40 72 0
74 0 33 -1
75 59 74 19
76 49 54 -1
77 22 76 7
78 49 51 -1
79 47 78 9
80 62 63 -1
81 43 80 3
82 12 37 -1
83 51 82 5
84 12 47 -1
85 48 84 16
86 37 74 -1
87 25 86 -1
88 60 87 20
89 19 33 -1
90 58 61 -1
91 89 90 22
92 19 53 -1
93 54 92 -1
94 45 93 18
95 27 79 -1
96 38 95 -1
97 75 96 12
98 17 39 -1
99 6 98 -1
100 41 99 23
101 11 37 -1
102 20 21 -1
103 5 57 -1
104 102 103 24
105 27 99 -1
106 58 71 -1
107 105 106 21
108 5 39 -1
109 15 108 -1
110 45 109 1
111 1 35 -1
112 101 111 -1
113 100 112 10
114 5 27 -1
115 18 114 -1
116 101 115 13
117 10 55 -1
118 15 117 -1
119 60 118 2
120 34 38 -1
121 0 31 -1
122 120 121 17
123 22 62 -1
124 12 123 -1
125 29 124 11
