26 15 18 -1
27 0 1 -1
28 21 25 -1
29 7 9 -1
30 2 23 -1
31 12 13 -1
32 6 16 -1
33 22 24 -1
34 4 26 -1
35 18 20 -1
36 11 17 -1
37 24 28 -1
38 8 27 -1
39 19 35 -1
40 10 34 -1
41 0 22 -1
42 32 38 -1
43 14 16 -1
44 41 43 -1
45 27 29 -1
46 9 36 -1
47 6 46 -1
48 26 33 -1
49 25 35 -1
50 2 21 -1
51 31 50 -1
52 40 47 -1
53 43 52 23
54 17 44 -1
55 12 34 -1
56 3 4 -1
57 41 45 -1
58 15 42 -1
59 39 51 -1
60 11 37 -1
61 4 20 -1
62 8 29 -1
63 56 62 -1
64 37 39 -1
65 49 53 -1
66 54 65 12
67 30 55 -1
68 57 67 14
69 13 29 -1
70 11 41 -1
71 69 70 -1
72 5 7 -1
73 5 19 -1
74 30 70 -1
75 59 74 16
76 37 58 -1
77 31 76 3
78 7 63 -1
79 64 78 22
80 6 71 -1
81 53 80 0
82 45 61 -1
83 60 82 19
84 3 60 -1
85 44 84 9
86 50 62 -1
87 40 86 8
88 49 57 -1
89 59 88 18
90 20 69 -1
91 14 48 -1
92 90 91 6
93 16 65 -1
94 81 93 -1
95 74 94 15
96 19 27 -1
97 30 96 -1
98 48 97 7
99 49 55 -1
100 19 99 -1
101 42 100 5
102 48 58 -1
103 44 46 -1
104 102 103 10
105 12 23 -1
106 36 105 -1
107 64 106 25
108 91 99 -1
109 82 86 -1
110 32 109 -1
111 23 110 20
112 40 108 -1
113 16 112 -1
114 72 113 1
115 52 58 -1
116 21 63 -1
117 115 116 17
118 52 68 -1
119 116 118 -1
120 71 119 -1
121 87 120 4
122 7 48 -1
123 118 122 -1
124 18 37 -1
125 123 124 2
126 30 33 -1
127 31 62 -1
128 126 127 -1
129 72 128 11
130 34 73 -1
131 11 14 -1
132 130 131 -1
133 38 132 13
134 107 108 -1
135 32 74 -1
136 3 135 -1
137 134 136 21
138 2 114 -1
139 81 138 -1
140 34 139 -1
141 124 140 24
