26 4 14 -1
27 1 24 -1
28 0 25 -1
29 17 22 -1
30 20 23 -1
31 13 21 -1
32 2 7 -1
33 3 6 -1
34 18 19 -1
35 8 27 -1
36 9 11 -1
37 10 16 -1
38 28 32 -1
39 0 5 -1
40 12 38 -1
41 2 29 -1
42 1 34 -1
43 20 26 -1
44 15 30 -1
45 14 36 -1
46 16 31 -1
47 35 39 -1
48 26 47 -1
49 13 27 -1
50 8 17 -1
51 10 49 -1
52 11 43 -1
53 9 37 -1
54 6 35 -1
55 30 41 -1
56 38 39 -1
57 44 51 -1
58 56 57 23
59 6 46 -1
60 54 55 -1
61 50 52 -1
62 20 33 -1
63 40 45 -1
64 50 63 11
65 39 42 -1
66 49 52 -1
67 28 54 -1
68 25 61 -1
69 40 46 -1
70 42 69 25
71 1 68 -1
72 18 36 -1
73 55 64 -1
74 16 65 -1
75 10 74 -1
76 62 75 7
77 61 67 -1
78 44 77 22
79 53 66 -1
80 34 79 2
81 18 71 -1
82 51 81 18
83 38 59 -1
84 29 83 9
85 32 72 -1
86 45 85 -1
87 60 86 21
88 45 57 -1
89 27 59 -1
90 88 89 8
91 21 25 -1
92 41 48 -1
93 91 92 1
94 41 72 -1
95 31 94 -1
96 62 95 24
97 72 73 -1
98 74 97 -1
99 22 98 17
100 13 60 -1
101 11 79 -1
102 100 101 15
103 62 68 -1
104 24 103 -1
105 73 104 0
106 51 84 -1
107 33 106 -1
108 3 85 -1
109 107 108 -1
110 80 109 6
111 76 77 -1
112 24 108 -1
113 111 112 14
114 88 107 -1
115 67 105 -1
116 114 115 3
117 45 47 -1
118 15 16 -1
119 117 118 10
120 5 66 -1
121 2 107 -1
122 69 120 -1
123 121 122 13
124 60 104 -1
125 121 124 -1
126 9 116 -1
127 125 126 5
128 5 34 -1
129 33 128 -1
130 15 129 -1
131 40 130 20
132 115 129 -1
133 47 127 -1
134 132 133 -1
135 49 134 16
136 14 100 -1
137 6 136 -1
138 103 137 -1
139 2 138 19
140 42 111 -1
141 136 140 -1
142 134 141 4
143 0 33 -1
144 12 48 -1
145 31 143 -1
146 144 145 12
