24 4 10 -1
25 6 18 -1
26 14 22 -1
27 12 25 -1
28 15 24 -1
29 27 28 18
30 3 9 -1
31 16 23 -1
32 1 9 -1
33 2 10 -1
34 7 17 -1
35 5 23 -1
36 3 13 -1
37 20 28 -1
38 30 37 15
39 1 26 -1
40 4 9 -1
41 13 35 -1
42 6 32 -1
43 8 26 -1
44 5 42 -1
45 15 17 -1
46 7 21 -1
47 16 32 -1
48 33 47 8
49 30 31 -1
50 0 49 10
51 38 40 -1
52 7 51 11
53 0 41 -1
54 24 53 12
55 12 43 -1
56 36 55 20
57 10 42 -1
58 11 57 6
59 0 17 -1
60 27 59 9
61 4 45 -1
62 43 61 14
63 31 39 -1
64 21 63 16
65 36 44 -1
66 40 65 13
67 20 39 -1
68 34 67 19
69 20 27 -1
70 23 40 -1
71 69 70 0
72 33 34 -1
73 8 72 -1
74 30 73 2
75 14 29 -1
76 0 25 -1
77 75 76 21
78 19 61 -1
79 72 75 -1
80 78 79 4
81 11 59 -1
82 76 81 -1
83 41 82 1
84 14 37 -1
85 16 84 -1
86 45 85 23
87 25 44 -1
88 45 87 -1
89 7 88 3
90 26 87 -1
91 31 48 -1
92 90 91 5
93 18 45 -1
94 59 93 -1
95 46 94 7
96 11 36 -1
97 2 96 -1
98 46 97 22
99 17 47 -1
100 19 99 -1
101 87 100 -1
102 41 101 17
