24 10 15 -1
25 6 18 -1
26 0 12 -1
27 1 22 -1
28 7 17 -1
29 21 23 -1
30 4 24 -1
31 9 16 -1
32 3 8 -1
33 5 13 -1
34 13 14 -1
35 25 26 -1
36 0 29 -1
37 20 30 -1
38 3 37 -1
39 9 24 -1
40 2 10 -1
41 14 27 -1
42 0 17 -1
43 32 36 -1
44 31 43 10
45 18 31 -1
46 38 45 15
47 22 34 -1
48 11 36 -1
49 16 48 -1
50 41 49 16
51 25 33 -1
52 6 39 -1
53 1 51 -1
54 21 26 -1
55 8 41 -1
56 4 21 -1
57 2 7 -1
58 19 34 -1
59 18 23 -1
60 42 59 -1
61 43 47 -1
62 26 61 20
63 1 35 -1
64 30 63 18
65 16 60 -1
66 58 65 17
67 42 51 -1
68 49 67 1
69 11 52 -1
70 27 69 6
71 3 53 -1
72 56 71 13
73 52 53 -1
74 28 73 3
75 35 58 -1
76 57 75 4
77 22 35 -1
78 17 77 -1
79 10 78 9
80 4 38 -1
81 19 80 -1
82 28 81 11
83 27 40 -1
84 20 83 -1
85 31 84 8
86 28 55 -1
87 9 20 -1
88 86 87 19
89 46 75 -1
90 24 66 -1
91 89 90 0
92 32 40 -1
93 28 92 -1
94 45 93 2
95 14 28 -1
96 16 37 -1
97 95 96 23
98 55 59 -1
99 40 98 -1
100 5 99 5
101 15 36 -1
102 37 101 -1
103 33 102 12
104 61 102 -1
105 42 80 -1
106 104 105 14
107 11 14 -1
108 30 54 -1
109 107 108 21
110 20 59 -1
111 101 110 -1
112 7 111 -1
113 12 112 7
114 32 56 -1
115 34 107 -1
116 57 115 -1
117 114 116 22
