18 6 7 -1
19 4 16 -1
20 10 18 -1
21 5 17 -1
22 11 13 -1
23 19 20 -1
24 9 23 -1
25 0 1 -1
26 14 15 -1
27 6 26 -1
28 2 12 -1
29 2 8 -1
30 24 29 12
31 3 23 -1
32 12 16 -1
33 21 28 -1
34 19 29 -1
35 27 34 7
36 21 22 -1
37 23 36 3
38 25 27 -1
39 22 38 -1
40 17 39 17
41 4 24 -1
42 38 41 11
43 11 37 -1
44 17 43 -1
45 9 44 9
46 0 36 -1
47 11 31 -1
48 2 47 10
49 18 46 -1
50 3 49 8
51 15 33 -1
52 34 51 5
53 19 43 -1
54 25 53 14
55 7 52 -1
56 44 55 -1
57 35 56 15
58 1 28 -1
59 4 58 -1
60 39 59 0
61 24 31 -1
62 59 61 -1
63 21 62 16
64 48 62 -1
65 19 64 13
66 2 41 -1
67 54 66 -1
68 14 67 1
69 29 64 -1
70 20 25 -1
71 69 70 6
72 13 47 -1
73 14 72 -1
74 32 73 2
75 29 45 -1
76 72 75 -1
77 7 33 -1
78 76 77 4
