20 15 18 -1
21 0 17 -1
22 5 19 -1
23 2 20 -1
24 8 16 -1
25 6 9 -1
26 12 21 -1
27 1 4 -1
28 24 25 -1
29 22 23 -1
30 10 29 -1
31 14 18 -1
32 7 28 -1
33 11 26 -1
34 13 26 -1
35 31 34 -1
36 12 33 -1
37 19 35 -1
38 28 37 2
39 4 32 -1
40 27 29 -1
41 35 40 0
42 8 39 -1
43 9 30 -1
44 36 43 18
45 24 33 -1
46 3 45 -1
47 10 16 -1
48 12 38 -1
49 6 31 -1
50 15 39 -1
51 40 42 -1
52 1 3 -1
53 16 46 -1
54 23 45 -1
55 5 54 16
56 13 48 -1
57 5 56 14
58 0 23 -1
59 39 58 13
60 49 50 -1
61 11 60 5
62 48 53 -1
63 50 62 4
64 20 51 -1
65 12 64 8
66 18 48 -1
67 47 66 -1
68 1 67 11
69 27 46 -1
70 0 69 -1
71 18 70 9
72 42 57 -1
73 34 52 -1
74 9 73 -1
75 23 74 19
76 19 70 -1
77 72 76 -1
78 60 77 17
79 14 43 -1
80 7 79 -1
81 27 80 1
82 19 44 -1
83 46 82 -1
84 32 83 6
85 26 40 -1
86 73 85 -1
87 0 86 7
88 29 54 -1
89 47 49 -1
90 88 89 3
91 28 30 -1
92 2 17 -1
93 91 92 15
94 63 64 -1
95 34 72 -1
96 94 95 12
97 29 96 -1
98 63 90 -1
99 97 98 -1
100 9 99 10
