22 11 15 -1
23 5 20 -1
24 7 9 -1
25 8 21 -1
26 10 20 -1
27 3 22 -1
28 23 27 7
29 23 25 -1
30 2 19 -1
31 6 9 -1
32 29 31 15
33 16 18 -1
34 13 22 -1
35 1 29 -1
36 18 35 10
37 0 26 -1
38 35 37 18
39 10 27 -1
40 7 39 -1
41 1 40 14
42 23 24 -1
43 34 42 1
44 0 14 -1
45 31 33 -1
46 4 20 -1
47 17 37 -1
48 8 47 6
49 6 46 -1
50 26 30 -1
51 24 44 -1
52 33 51 21
53 11 26 -1
54 4 50 -1
55 1 54 11
56 28 42 -1
57 20 56 19
58 30 39 -1
59 15 58 5
60 16 53 -1
61 12 60 8
62 44 49 -1
63 47 62 9
64 17 45 -1
65 13 64 20
66 47 53 -1
67 34 49 -1
68 37 67 2
69 2 51 -1
70 66 69 13
71 12 45 -1
72 46 71 0
73 10 53 -1
74 40 73 -1
75 19 74 12
76 22 51 -1
77 43 76 -1
78 35 77 16
79 43 65 -1
80 66 79 -1
81 18 80 4
82 18 25 -1
83 48 82 -1
84 50 83 17
85 17 34 -1
86 5 9 -1
87 1 85 -1
88 86 87 3
