24 9 12 -1
25 3 6 -1
26 7 24 -1
27 15 22 -1
28 2 10 -1
29 1 19 -1
30 4 13 -1
31 18 20 -1
32 23 25 -1
33 0 14 -1
34 26 27 -1
35 8 11 -1
36 2 17 -1
37 4 28 -1
38 32 37 -1
39 5 31 -1
40 5 8 -1
41 36 40 -1
42 21 29 -1
43 13 27 -1
44 0 16 -1
45 14 25 -1
46 9 42 -1
47 24 38 -1
48 29 47 14
49 26 45 -1
50 44 49 -1
51 35 50 16
52 10 34 -1
53 6 52 -1
54 3 39 -1
55 53 54 1
56 22 32 -1
57 20 56 -1
58 41 57 7
59 1 11 -1
60 33 39 -1
61 43 54 -1
62 42 60 -1
63 1 24 -1
64 8 47 -1
65 20 64 13
66 11 62 -1
67 61 66 12
68 34 40 -1
69 46 68 -1
70 15 29 -1
71 0 9 -1
72 62 63 -1
73 30 72 5
74 13 53 -1
75 42 74 3
76 43 64 -1
77 68 76 9
78 26 59 -1
79 57 78 22
80 60 70 -1
81 26 80 0
82 30 49 -1
83 29 82 20
84 7 68 -1
85 37 71 -1
86 84 85 8
87 2 53 -1
88 45 87 -1
89 19 88 18
90 31 50 -1
91 63 90 -1
92 13 91 19
93 40 61 -1
94 59 93 -1
95 32 94 15
96 6 20 -1
97 66 69 -1
98 49 97 -1
99 58 98 11
100 30 51 -1
101 96 100 -1
102 45 101 2
103 37 41 -1
104 54 103 -1
105 46 104 4
106 21 47 -1
107 50 103 -1
108 14 107 -1
109 106 108 10
110 1 9 -1
111 94 96 -1
112 2 111 -1
113 110 112 17
114 76 85 -1
115 4 114 -1
116 54 115 -1
117 58 116 6
118 72 116 -1
119 3 49 -1
120 118 119 21
121 11 22 -1
122 46 89 -1
123 50 122 -1
124 121 123 23
