18 0 15 -1
19 10 13 -1
20 1 18 -1
21 6 20 -1
22 5 8 -1
23 16 22 -1
24 17 19 -1
25 4 5 -1
26 0 24 -1
27 9 12 -1
28 2 25 -1
29 11 14 -1
30 7 18 -1
31 3 13 -1
32 9 31 -1
33 23 26 -1
34 1 33 4
35 21 24 -1
36 14 22 -1
37 20 23 -1
38 27 37 7
39 27 35 -1
40 2 39 0
41 28 30 -1
42 33 36 -1
43 28 42 8
44 16 32 -1
45 4 12 -1
46 31 39 -1
47 5 46 3
48 10 45 -1
49 35 36 -1
50 17 49 14
51 29 33 -1
52 15 51 1
53 11 41 -1
54 31 53 12
55 27 41 -1
56 13 55 16
57 11 21 -1
58 44 57 11
59 7 48 -1
60 21 59 6
61 34 48 -1
62 46 61 2
63 28 29 -1
64 37 63 9
65 45 63 -1
66 19 65 -1
67 41 66 10
68 42 65 -1
69 8 39 -1
70 68 69 15
71 16 65 -1
72 3 71 -1
73 51 72 5
74 1 17 -1
75 51 74 -1
76 44 75 13
77 33 50 -1
78 10 77 -1
79 25 78 17
