20 13 17 -1
21 2 6 -1
22 0 1 -1
23 15 20 -1
24 12 21 -1
25 8 17 -1
26 6 22 -1
27 14 15 -1
28 7 19 -1
29 18 23 -1
30 2 29 7
31 13 24 -1
32 15 31 5
33 10 23 -1
34 26 27 -1
35 29 34 2
36 0 11 -1
37 5 26 -1
38 1 4 -1
39 25 38 -1
40 5 16 -1
41 11 28 -1
42 15 41 -1
43 3 37 -1
44 7 37 -1
45 9 44 10
46 9 34 -1
47 36 46 13
48 22 40 -1
49 41 48 4
50 1 48 -1
51 31 50 1
52 36 41 -1
53 21 52 6
54 21 25 -1
55 18 54 9
56 3 36 -1
57 20 56 8
58 7 24 -1
59 27 58 19
60 8 16 -1
61 42 60 11
62 1 19 -1
63 33 62 16
64 0 19 -1
65 39 64 12
66 2 8 -1
67 33 66 18
68 19 43 -1
69 8 68 3
70 9 13 -1
71 38 70 -1
72 27 71 17
73 3 16 -1
74 39 73 -1
75 10 74 0
76 38 43 -1
77 14 76 -1
78 21 77 15
79 7 42 -1
80 4 29 -1
81 79 80 14
