16 0 1 -1
17 8 10 -1
18 14 16 -1
19 5 13 -1
20 2 18 -1
21 3 12 -1
22 17 21 -1
23 4 20 -1
24 22 23 1
25 6 15 -1
26 11 19 -1
27 5 22 -1
28 14 27 -1
29 10 26 -1
30 6 9 -1
31 28 30 13
32 12 23 -1
33 8 23 -1
34 9 21 -1
35 29 34 7
36 20 25 -1
37 16 36 -1
38 10 37 -1
39 7 32 -1
40 38 39 11
41 0 20 -1
42 28 41 4
43 13 38 -1
44 33 43 10
45 1 33 -1
46 25 45 5
47 13 28 -1
48 32 47 2
49 11 36 -1
50 3 49 15
51 2 19 -1
52 33 51 6
53 20 29 -1
54 6 53 3
55 15 32 -1
56 5 55 9
57 50 51 -1
58 6 57 8
59 26 28 -1
60 7 59 14
61 17 18 -1
62 30 61 -1
63 11 62 12
64 1 39 -1
65 34 64 -1
66 31 65 0
