26 1 15 -1
27 8 10 -1
28 21 25 -1
29 13 24 -1
30 11 23 -1
31 19 20 -1
32 26 27 -1
33 12 29 -1
34 28 33 -1
35 2 10 -1
36 6 17 -1
37 4 21 -1
38 0 1 -1
39 31 35 -1
40 25 32 -1
41 5 9 -1
42 30 38 -1
43 3 24 -1
44 13 22 -1
45 11 21 -1
46 17 45 -1
47 14 16 -1
48 30 34 -1
49 16 39 -1
50 31 37 -1
51 11 48 -1
52 18 33 -1
53 28 41 -1
54 39 53 6
55 6 32 -1
56 52 55 19
57 22 51 -1
58 13 17 -1
59 32 46 -1
60 56 57 -1
61 2 7 -1
62 8 47 -1
63 52 62 -1
64 10 13 -1
65 5 14 -1
66 37 65 -1
67 40 43 -1
68 39 67 14
69 45 67 -1
70 24 40 -1
71 44 70 8
72 37 49 -1
73 3 72 9
74 1 36 -1
75 48 74 3
76 4 58 -1
77 27 76 -1
78 26 48 -1
79 44 78 23
80 20 49 -1
81 59 80 18
82 29 50 -1
83 42 82 1
84 0 34 -1
85 77 84 24
86 51 53 -1
87 36 86 11
88 9 37 -1
89 19 57 -1
90 8 89 16
91 24 69 -1
92 0 91 20
93 40 66 -1
94 53 60 -1
95 93 94 17
96 50 51 -1
97 43 96 -1
98 15 97 22
99 15 30 -1
100 12 63 -1
101 99 100 13
102 43 63 -1
103 44 88 -1
104 102 103 2
105 23 77 -1
106 5 105 -1
107 74 106 7
108 59 64 -1
109 60 108 -1
110 42 109 15
111 86 108 -1
112 15 90 -1
113 111 112 -1
114 28 113 25
115 58 61 -1
116 40 115 -1
117 9 116 4
118 7 108 -1
119 27 118 -1
120 29 119 -1
121 66 120 5
122 3 66 -1
123 22 122 -1
124 4 42 -1
125 123 124 21
126 47 68 -1
127 112 126 -1
128 125 127 10
129 7 47 -1
130 78 84 -1
131 129 130 -1
132 74 131 12
133 51 61 -1
134 69 133 -1
135 16 42 -1
136 134 135 0
