22 17 19 -1
23 5 9 -1
24 6 12 -1
25 13 14 -1
26 15 18 -1
27 3 8 -1
28 11 20 -1
29 2 27 -1
30 4 10 -1
31 16 25 -1
32 1 3 -1
33 24 28 -1
34 7 19 -1
35 17 29 -1
36 11 25 -1
37 23 31 -1
38 32 37 5
39 5 12 -1
40 37 39 -1
41 22 40 7
42 5 26 -1
43 2 42 -1
44 36 43 6
45 7 10 -1
46 18 34 -1
47 21 22 -1
48 20 47 -1
49 23 48 -1
50 14 32 -1
51 4 18 -1
52 15 50 -1
53 0 46 -1
54 35 51 -1
55 22 52 -1
56 0 55 9
57 26 48 -1
58 30 57 12
59 33 49 -1
60 19 59 -1
61 15 60 17
62 30 40 -1
63 11 62 14
64 43 58 -1
65 59 64 19
66 33 45 -1
67 42 66 2
68 20 42 -1
69 54 68 16
70 51 52 -1
71 33 53 -1
72 1 71 0
73 35 36 -1
74 6 73 18
75 34 37 -1
76 36 75 -1
77 27 76 21
78 13 24 -1
79 0 2 -1
80 11 79 -1
81 49 80 1
82 10 29 -1
83 78 82 -1
84 1 83 20
85 4 78 -1
86 75 85 -1
87 71 86 4
88 21 24 -1
89 70 88 -1
90 3 89 13
91 6 23 -1
92 30 46 -1
93 91 92 10
94 46 70 -1
95 49 69 -1
96 94 95 8
97 45 80 -1
98 9 34 -1
99 77 98 -1
100 97 99 15
101 26 59 -1
102 13 44 -1
103 90 101 -1
104 102 103 11
105 12 53 -1
106 8 13 -1
107 54 105 -1
108 106 107 3
