20 3 14 -1
21 1 5 -1
22 0 4 -1
23 9 17 -1
24 12 13 -1
25 7 24 -1
26 6 16 -1
27 10 11 -1
28 8 18 -1
29 3 19 -1
30 15 25 -1
31 20 23 -1
32 30 31 17
33 5 27 -1
34 14 22 -1
35 4 13 -1
36 2 16 -1
37 7 10 -1
38 20 35 -1
39 8 21 -1
40 29 35 -1
41 0 28 -1
42 6 37 -1
43 21 26 -1
44 1 7 -1
45 9 43 -1
46 23 36 -1
47 15 46 -1
48 36 40 -1
49 44 48 11
50 18 33 -1
51 30 50 15
52 17 38 -1
53 27 52 8
54 34 52 -1
55 6 31 -1
56 22 55 7
57 28 33 -1
58 40 57 0
59 8 46 -1
60 34 59 13
61 19 39 -1
62 34 40 -1
63 61 62 5
64 25 61 -1
65 4 64 12
66 31 47 -1
67 42 66 16
68 28 45 -1
69 42 68 19
70 34 44 -1
71 43 70 9
72 32 54 -1
73 13 72 6
74 2 18 -1
75 31 74 -1
76 57 75 2
77 5 41 -1
78 29 42 -1
79 77 78 3
80 26 41 -1
81 24 80 -1
82 23 81 1
83 15 48 -1
84 54 83 -1
85 18 84 18
86 20 45 -1
87 11 12 -1
88 86 87 4
89 10 46 -1
90 45 89 -1
91 29 90 10
92 11 61 -1
93 47 92 -1
94 60 93 14
