20 15 18 -1
21 8 9 -1
22 0 2 -1
23 5 17 -1
24 14 19 -1
25 10 20 -1
26 1 4 -1
27 6 21 -1
28 8 12 -1
29 13 17 -1
30 22 23 -1
31 11 28 -1
32 24 27 -1
33 18 32 -1
34 16 33 -1
35 7 20 -1
36 3 35 -1
37 23 33 -1
38 0 37 14
39 19 25 -1
40 21 37 -1
41 12 29 -1
42 34 41 2
43 5 26 -1
44 9 39 -1
45 30 44 18
46 14 43 -1
47 22 41 -1
48 3 9 -1
49 31 43 -1
50 10 29 -1
51 16 20 -1
52 28 51 -1
53 30 52 16
54 4 27 -1
55 35 54 -1
56 22 55 13
57 31 40 -1
58 10 57 3
59 2 36 -1
60 48 49 -1
61 0 60 17
62 1 32 -1
63 50 62 11
64 46 47 -1
65 15 64 0
66 39 40 -1
67 34 66 15
68 47 48 -1
69 20 68 19
70 7 44 -1
71 46 70 1
72 5 50 -1
73 49 52 -1
74 72 73 10
75 0 52 -1
76 43 75 -1
77 56 76 8
78 31 36 -1
79 13 78 -1
80 24 79 4
81 28 73 -1
82 23 81 -1
83 15 82 9
84 6 59 -1
85 12 84 -1
86 10 85 6
87 56 57 -1
88 53 87 -1
89 19 88 5
90 22 62 -1
91 66 90 -1
92 53 91 -1
93 86 92 12
94 77 93 -1
95 17 47 -1
96 94 95 -1
97 4 96 7
