24 11 18 -1
25 1 13 -1
26 16 22 -1
27 4 19 -1
28 14 15 -1
29 2 20 -1
30 7 8 -1
31 6 9 -1
32 5 27 -1
33 10 21 -1
34 17 25 -1
35 3 30 -1
36 32 34 -1
37 23 35 -1
38 24 32 -1
39 14 36 -1
40 29 38 -1
41 0 26 -1
42 22 33 -1
43 11 25 -1
44 42 43 -1
45 31 39 -1
46 40 41 -1
47 6 16 -1
48 15 43 -1
49 20 28 -1
50 3 46 -1
51 45 46 -1
52 10 51 -1
53 13 48 -1
54 14 19 -1
55 50 54 20
56 2 37 -1
57 13 47 -1
58 40 57 8
59 18 49 -1
60 49 55 -1
61 5 48 -1
62 0 36 -1
63 39 61 -1
64 56 63 17
65 62 63 -1
66 35 65 -1
67 4 7 -1
68 24 54 -1
69 21 68 -1
70 29 62 -1
71 42 70 0
72 34 60 -1
73 5 72 1
74 7 51 -1
75 44 74 3
76 20 57 -1
77 7 66 -1
78 31 77 19
79 9 38 -1
80 37 79 9
81 56 67 -1
82 12 60 -1
83 81 82 6
84 34 52 -1
85 53 84 4
86 23 26 -1
87 39 86 11
88 12 44 -1
89 59 88 14
90 26 31 -1
91 37 90 -1
92 53 91 23
93 9 44 -1
94 19 30 -1
95 93 94 10
96 10 66 -1
97 11 96 -1
98 12 97 22
99 30 39 -1
100 47 79 -1
101 99 100 15
102 31 76 -1
103 69 102 -1
104 15 103 7
105 1 56 -1
106 22 36 -1
107 105 106 16
108 10 80 -1
109 49 81 -1
110 108 109 12
111 65 69 -1
112 6 60 -1
113 111 112 13
114 0 52 -1
115 68 114 -1
116 12 115 5
117 11 73 -1
118 78 117 -1
119 57 95 -1
120 118 119 21
121 18 39 -1
122 113 121 -1
123 5 102 -1
124 122 123 2
125 42 59 -1
126 8 32 -1
127 58 126 -1
128 125 127 18
