26 8 16 -1
27 3 7 -1
28 11 13 -1
29 0 25 -1
30 6 28 -1
31 9 14 -1
32 12 26 -1
33 2 32 -1
34 24 30 -1
35 20 27 -1
36 10 21 -1
37 23 34 -1
38 15 22 -1
39 1 19 -1
40 4 17 -1
41 5 6 -1
42 33 35 -1
43 10 24 -1
44 22 25 -1
45 29 41 -1
46 18 42 -1
47 20 31 -1
48 21 47 -1
49 14 45 -1
50 8 49 -1
51 33 43 -1
52 9 34 -1
53 0 37 -1
54 15 36 -1
55 12 31 -1
56 3 26 -1
57 29 46 -1
58 30 57 1
59 13 36 -1
60 18 52 -1
61 29 32 -1
62 37 55 -1
63 61 62 6
64 18 54 -1
65 1 4 -1
66 39 44 -1
67 2 19 -1
68 52 65 -1
69 61 68 14
70 51 53 -1
71 38 70 19
72 17 60 -1
73 58 72 12
74 16 48 -1
75 59 65 -1
76 58 70 -1
77 5 39 -1
78 42 74 -1
79 75 76 -1
80 67 79 18
81 32 59 -1
82 66 81 -1
83 80 82 20
84 17 47 -1
85 4 67 -1
86 14 40 -1
87 38 60 -1
88 56 87 8
89 51 84 -1
90 85 89 10
91 28 48 -1
92 58 91 -1
93 2 92 25
94 27 55 -1
95 75 94 -1
96 22 95 11
97 70 78 -1
98 6 86 -1
99 97 98 17
100 41 56 -1
101 66 100 -1
102 20 68 -1
103 101 102 3
104 83 103 -1
105 37 104 -1
106 17 93 -1
107 105 106 7
108 35 37 -1
109 49 66 -1
110 108 109 4
111 7 50 -1
112 48 111 -1
113 38 112 9
114 47 78 -1
115 38 114 -1
116 77 115 23
117 39 97 -1
118 64 117 -1
119 104 118 2
120 40 62 -1
121 13 120 -1
122 77 121 13
123 39 84 -1
124 46 82 -1
125 123 124 15
126 53 64 -1
127 5 7 -1
128 126 127 16
129 28 64 -1
130 55 129 -1
131 45 130 5
132 52 55 -1
133 80 96 -1
134 123 132 -1
135 133 134 0
136 109 111 -1
137 54 136 -1
138 11 137 -1
139 51 138 22
140 40 44 -1
141 23 74 -1
142 140 141 -1
143 41 142 21
144 12 73 -1
145 74 144 -1
146 54 85 -1
147 145 146 24
