40 20 30 -1
41 37 40 -1
42 17 41 -1
43 8 42 8
44 7 27 -1
45 18 40 -1
46 44 45 18
47 0 10 -1
48 38 47 -1
49 44 48 38
50 28 40 -1
51 47 50 -1
52 42 51 28
53 21 31 -1
54 38 53 -1
55 9 45 -1
56 54 55 9
57 19 53 -1
58 8 50 -1
59 57 58 19
60 1 11 -1
61 18 60 -1
62 29 61 -1
63 48 62 29
64 58 61 -1
65 39 47 -1
66 64 65 -1
67 45 66 39
68 6 26 -1
69 9 39 -1
70 68 69 -1
71 17 70 17
72 16 36 -1
73 27 72 -1
74 69 73 27
75 19 29 -1
76 44 75 -1
77 73 76 7
78 37 68 -1
79 75 78 37
80 26 36 -1
81 13 33 -1
82 4 80 -1
83 81 82 4
84 3 23 -1
85 14 84 -1
86 80 85 14
87 6 16 -1
88 34 87 -1
89 84 88 34
90 24 81 -1
91 87 90 24
92 27 41 -1
93 14 34 -1
94 5 92 -1
95 93 94 5
96 4 24 -1
97 15 96 -1
98 92 97 15
99 51 64 -1
100 15 35 -1
101 26 99 -1
102 100 101 26
103 50 54 -1
104 6 103 -1
105 100 104 6
106 5 25 -1
107 87 104 -1
108 106 107 16
109 80 101 -1
110 106 109 36
111 42 44 -1
112 47 111 -1
113 98 100 -1
114 112 113 35
115 95 112 -1
116 106 115 25
117 19 65 -1
118 12 117 -1
119 2 20 -1
120 60 118 -1
121 119 120 20
122 69 121 -1
123 75 122 -1
124 40 123 30
125 32 47 -1
126 118 125 -1
127 25 35 -1
128 3 127 -1
129 126 128 3
130 5 15 -1
131 23 130 -1
132 126 131 23
133 11 21 -1
134 4 14 -1
135 133 134 -1
136 125 135 32
137 32 60 -1
138 22 137 -1
139 136 138 -1
140 53 139 22
141 59 67 -1
142 10 141 -1
143 138 142 0
144 9 29 -1
145 143 144 -1
146 117 145 10
147 2 144 -1
148 22 147 -1
149 127 148 -1
150 13 149 13
151 130 148 -1
152 33 151 33
153 93 135 -1
154 96 153 -1
155 2 40 -1
156 154 155 2
157 118 141 -1
158 154 157 12
159 10 13 -1
160 3 159 -1
161 147 160 -1
162 119 161 -1
163 31 162 31
164 120 163 -1
165 157 164 -1
166 144 165 21
167 0 23 -1
168 33 167 -1
169 1 117 -1
170 168 169 -1
171 20 170 1
172 117 171 -1
173 55 62 -1
174 172 173 11
