64 16 32 -1
65 47 63 -1
66 15 64 -1
67 65 66 63
68 0 16 -1
69 65 68 -1
70 31 69 47
71 1 49 -1
72 68 71 -1
73 32 72 16
74 14 30 -1
75 65 74 -1
76 62 75 14
77 29 45 -1
78 74 77 -1
79 61 78 45
80 15 63 -1
81 46 74 -1
82 80 81 30
83 32 48 -1
84 80 83 -1
85 31 84 15
86 69 85 -1
87 64 86 31
88 30 62 -1
89 78 88 -1
90 13 89 29
91 17 33 -1
92 83 91 -1
93 0 92 48
94 44 60 -1
95 77 94 -1
96 12 95 60
97 11 59 -1
98 27 94 -1
99 97 98 11
100 13 29 -1
101 94 100 -1
102 28 101 44
103 10 26 -1
104 42 103 -1
105 97 104 26
106 41 57 -1
107 25 103 -1
108 106 107 41
109 28 44 -1
110 43 97 -1
111 109 110 59
112 43 59 -1
113 103 112 -1
114 58 113 10
115 10 104 -1
116 106 115 -1
117 9 116 57
118 8 24 -1
119 56 118 -1
120 106 119 8
121 9 57 -1
122 40 118 -1
123 121 122 24
124 2 50 -1
125 91 124 -1
126 1 125 17
127 18 34 -1
128 33 71 -1
129 127 128 49
130 18 125 -1
131 129 130 -1
132 2 131 1
133 49 130 -1
134 50 133 33
135 35 51 -1
136 92 135 -1
137 130 136 2
138 20 36 -1
139 135 138 -1
140 3 139 51
141 49 93 -1
142 33 72 -1
143 141 142 32
144 17 64 -1
145 141 144 0
146 61 109 -1
147 13 146 -1
148 12 147 28
149 96 147 -1
150 100 149 12
151 46 100 -1
152 14 151 -1
153 79 152 61
154 77 153 -1
155 88 154 13
156 58 121 -1
157 107 156 -1
158 104 157 9
159 26 106 -1
160 157 159 25
161 12 112 -1
162 44 99 -1
163 161 162 27
164 27 28 -1
165 161 164 43
166 27 115 -1
167 11 58 -1
168 166 167 42
169 59 114 -1
170 166 169 58
171 31 88 -1
172 15 46 -1
173 171 172 46
174 47 171 -1
175 81 174 62
176 19 20 -1
177 4 135 -1
178 176 177 35
179 35 140 -1
180 52 179 -1
181 176 180 3
182 36 177 -1
183 181 182 19
184 6 22 -1
185 39 55 -1
186 184 185 -1
187 54 186 6
188 21 37 -1
189 53 184 -1
190 188 189 37
191 5 6 -1
192 188 191 -1
193 54 192 21
194 38 189 -1
195 37 194 -1
196 191 195 53
197 22 193 -1
198 195 197 5
199 7 38 -1
200 184 199 -1
201 55 200 22
202 6 23 -1
203 54 202 -1
204 200 203 38
205 39 203 -1
206 38 205 54
207 118 185 -1
208 68 207 -1
209 23 208 39
210 8 122 -1
211 25 210 -1
212 41 211 -1
213 119 212 56
214 56 211 -1
215 9 214 40
216 7 64 -1
217 185 210 -1
218 216 217 55
219 35 144 -1
220 71 131 -1
221 219 220 -1
222 19 221 50
223 3 68 -1
224 137 221 -1
225 223 224 -1
226 2 225 18
227 19 223 -1
228 50 227 -1
229 127 228 34
230 52 182 -1
231 64 135 -1
232 188 231 -1
233 230 232 52
234 53 139 -1
235 37 230 -1
236 83 234 -1
237 235 236 4
238 5 68 -1
239 64 177 -1
240 238 239 -1
241 236 240 20
242 21 138 -1
243 52 238 -1
244 242 243 36
245 83 122 -1
246 119 245 -1
247 39 246 -1
248 209 218 -1
249 247 248 23
250 64 208 -1
251 210 249 -1
252 250 251 7
