64 15 63 -1
65 29 45 -1
66 64 65 -1
67 47 66 63
68 11 27 -1
69 61 68 -1
70 65 69 45
71 17 33 -1
72 1 71 -1
73 64 72 17
74 15 31 -1
75 71 74 -1
76 49 75 33
77 13 61 -1
78 74 77 -1
79 47 78 31
80 43 59 -1
81 29 77 -1
82 80 81 13
83 25 41 -1
84 11 80 -1
85 83 84 59
86 9 57 -1
87 43 68 -1
88 86 87 27
89 9 41 -1
90 68 85 -1
91 89 90 43
92 80 88 -1
93 89 92 11
94 61 66 -1
95 45 94 -1
96 79 95 47
97 65 95 -1
98 31 97 15
99 43 65 -1
100 81 99 -1
101 27 100 61
102 13 84 -1
103 99 102 29
104 30 46 -1
105 32 48 -1
106 0 104 -1
107 105 106 48
108 14 30 -1
109 16 105 -1
110 108 109 32
111 44 60 -1
112 62 108 -1
113 111 112 14
114 26 42 -1
115 111 114 -1
116 12 115 60
117 12 28 -1
118 104 117 -1
119 62 118 46
120 10 58 -1
121 44 120 -1
122 117 121 28
123 2 18 -1
124 50 105 -1
125 123 124 2
126 0 48 -1
127 34 126 -1
128 123 127 18
129 30 112 -1
130 109 126 -1
131 129 130 16
132 46 62 -1
133 16 132 -1
134 126 133 0
135 8 56 -1
136 114 135 -1
137 10 136 26
138 24 40 -1
139 42 138 -1
140 120 139 58
141 8 24 -1
142 136 141 -1
143 140 142 10
144 58 135 -1
145 142 144 42
146 12 108 -1
147 46 60 -1
148 146 147 30
149 44 146 -1
150 119 149 62
151 10 111 -1
152 42 122 -1
153 151 152 12
154 28 151 -1
155 26 154 44
156 31 47 -1
157 17 156 -1
158 49 157 -1
159 72 158 49
160 64 159 -1
161 75 160 1
162 7 55 -1
163 37 53 -1
164 23 163 -1
165 162 164 7
166 21 39 -1
167 37 166 -1
168 162 167 55
169 5 23 -1
170 166 169 -1
171 55 170 39
172 21 53 -1
173 162 172 -1
174 171 173 23
175 25 89 -1
176 162 175 -1
177 64 176 25
178 2 50 -1
179 16 178 -1
180 48 179 -1
181 128 180 34
182 32 179 -1
183 34 182 50
184 35 51 -1
185 5 172 -1
186 132 184 -1
187 185 186 5
188 3 104 -1
189 184 188 -1
190 71 189 51
191 20 36 -1
192 4 64 -1
193 178 191 -1
194 192 193 20
195 52 74 -1
196 123 191 -1
197 195 196 36
198 22 38 -1
199 6 52 -1
200 192 198 -1
201 199 200 22
202 104 135 -1
203 40 202 -1
204 198 203 56
205 19 35 -1
206 164 205 -1
207 104 206 -1
208 169 207 53
209 19 172 -1
210 108 209 -1
211 3 210 -1
212 37 211 37
213 208 211 -1
214 186 213 21
215 3 49 -1
216 205 215 -1
217 33 186 -1
218 216 217 3
219 1 216 -1
220 129 219 19
221 38 54 -1
222 156 221 -1
223 6 191 -1
224 222 223 54
225 141 221 -1
226 56 225 -1
227 132 226 8
228 23 86 -1
229 156 228 -1
230 39 229 -1
231 41 230 57
232 7 228 -1
233 74 232 -1
234 175 233 41
235 177 231 -1
236 57 233 -1
237 235 236 9
238 20 64 -1
239 195 238 -1
240 224 239 -1
241 198 240 6
242 6 54 -1
243 201 242 -1
244 239 243 38
245 129 242 -1
246 40 141 -1
247 245 246 24
248 204 225 -1
249 132 248 -1
250 245 249 40
251 4 156 -1
252 34 251 -1
253 239 252 -1
254 50 253 4
255 36 252 -1
256 18 255 -1
257 52 256 52
258 1 210 -1
259 17 172 -1
260 258 259 -1
261 184 260 35
