64 15 31 -1
65 32 48 -1
66 16 65 -1
67 64 66 32
68 31 47 -1
69 0 68 -1
70 65 69 48
71 1 49 -1
72 17 65 -1
73 71 72 1
74 16 32 -1
75 33 71 -1
76 74 75 49
77 15 63 -1
78 74 77 -1
79 0 78 16
80 70 78 -1
81 64 80 0
82 14 62 -1
83 47 82 -1
84 64 83 31
85 29 45 -1
86 46 82 -1
87 85 86 62
88 30 46 -1
89 77 88 -1
90 47 89 63
91 12 28 -1
92 85 91 -1
93 61 92 45
94 13 29 -1
95 62 88 -1
96 94 95 46
97 44 60 -1
98 61 94 -1
99 97 98 13
100 11 27 -1
101 28 100 -1
102 97 101 44
103 43 59 -1
104 60 103 -1
105 91 104 12
106 42 58 -1
107 59 106 -1
108 100 107 11
109 9 25 -1
110 26 109 -1
111 106 110 42
112 10 26 -1
113 103 112 -1
114 27 113 43
115 41 57 -1
116 58 115 -1
117 112 116 10
118 2 18 -1
119 34 71 -1
120 118 119 18
121 1 75 -1
122 50 118 -1
123 121 122 2
124 24 40 -1
125 9 124 -1
126 115 125 57
127 8 56 -1
128 41 127 -1
129 109 128 25
130 11 91 -1
131 43 130 -1
132 102 131 60
133 101 104 -1
134 132 133 28
135 29 61 -1
136 82 135 -1
137 96 136 30
138 85 136 -1
139 30 138 14
140 30 63 -1
141 64 95 -1
142 140 141 15
143 14 68 -1
144 140 143 47
145 40 109 -1
146 56 57 -1
147 145 146 9
148 8 126 -1
149 145 148 41
150 10 100 -1
151 58 150 -1
152 43 151 27
153 106 114 -1
154 151 153 59
155 12 60 -1
156 13 85 -1
157 155 156 29
158 99 155 -1
159 92 158 61
160 0 121 -1
161 17 160 -1
162 16 161 33
163 48 71 -1
164 161 163 17
165 41 106 -1
166 25 165 -1
167 10 166 58
168 110 167 -1
169 116 168 26
170 22 38 -1
171 7 55 -1
172 39 170 -1
173 171 172 55
174 5 21 -1
175 54 170 -1
176 174 175 38
177 38 54 -1
178 23 177 -1
179 171 178 7
180 6 177 -1
181 37 180 -1
182 21 181 54
183 53 170 -1
184 181 183 6
185 6 183 -1
186 5 185 22
187 77 171 -1
188 124 187 -1
189 8 188 24
190 23 39 -1
191 180 190 -1
192 55 175 -1
193 191 192 39
194 38 191 -1
195 7 194 23
196 40 68 -1
197 127 196 -1
198 190 197 56
199 4 52 -1
200 35 51 -1
201 20 199 -1
202 200 201 4
203 35 36 -1
204 19 203 -1
205 199 204 52
206 3 202 -1
207 52 206 -1
208 203 207 20
209 51 207 -1
210 205 209 36
211 19 64 -1
212 118 211 -1
213 200 212 35
214 77 199 -1
215 174 214 -1
216 37 215 21
217 18 34 -1
218 17 217 -1
219 122 218 -1
220 33 219 50
221 118 219 -1
222 1 221 34
223 3 68 -1
224 200 223 -1
225 217 224 51
226 7 64 -1
227 23 226 -1
228 188 227 -1
229 198 228 8
230 124 227 -1
231 56 230 40
232 37 53 -1
233 20 232 -1
234 4 64 -1
235 233 234 -1
236 21 235 37
237 36 68 -1
238 5 237 -1
239 233 238 53
240 20 237 -1
241 216 240 -1
242 235 241 5
243 18 122 -1
244 77 243 -1
245 35 244 -1
246 212 225 -1
247 245 246 3
248 3 19 -1
249 245 248 19
