64 33 49 -1
65 14 62 -1
66 30 64 -1
67 65 66 14
68 17 33 -1
69 46 68 -1
70 65 69 62
71 27 43 -1
72 11 71 -1
73 65 72 27
74 14 30 -1
75 59 74 -1
76 71 75 43
77 1 49 -1
78 74 77 -1
79 46 78 30
80 64 70 -1
81 78 80 46
82 40 56 -1
83 8 82 -1
84 71 83 56
85 43 72 -1
86 24 85 -1
87 82 86 40
88 4 52 -1
89 68 88 -1
90 49 89 17
91 20 36 -1
92 77 91 -1
93 17 92 49
94 36 52 -1
95 68 94 -1
96 1 95 1
97 93 95 -1
98 88 97 33
99 46 85 -1
100 62 99 -1
101 59 100 11
102 65 76 -1
103 100 102 59
104 32 48 -1
105 13 29 -1
106 104 105 -1
107 61 106 13
108 0 48 -1
109 45 105 -1
110 108 109 29
111 3 51 -1
112 16 104 -1
113 111 112 16
114 42 58 -1
115 26 114 -1
116 105 115 42
117 13 109 -1
118 10 114 -1
119 117 118 58
120 19 35 -1
121 16 108 -1
122 120 121 48
123 48 121 -1
124 117 123 -1
125 61 124 45
126 106 125 -1
127 108 126 61
128 19 104 -1
129 122 128 -1
130 51 129 0
131 0 3 -1
132 128 131 32
133 34 50 -1
134 15 31 -1
135 63 134 -1
136 133 135 15
137 2 50 -1
138 47 134 -1
139 137 138 31
140 44 60 -1
141 134 140 -1
142 28 141 44
143 15 138 -1
144 12 140 -1
145 143 144 60
146 2 18 -1
147 143 146 -1
148 63 147 47
149 136 137 -1
150 147 149 63
151 9 57 -1
152 140 151 -1
153 25 152 9
154 28 44 -1
155 151 154 -1
156 41 155 57
157 15 154 -1
158 63 157 -1
159 12 158 28
160 134 158 -1
161 145 160 12
162 5 21 -1
163 53 104 -1
164 82 163 -1
165 162 164 5
166 37 146 -1
167 163 166 -1
168 34 167 2
169 123 133 -1
170 2 169 -1
171 162 170 34
172 8 56 -1
173 59 172 -1
174 43 173 -1
175 24 174 8
176 71 174 -1
177 87 176 24
178 37 108 -1
179 172 178 -1
180 162 179 21
181 115 118 -1
182 61 181 -1
183 45 58 -1
184 182 183 10
185 13 182 -1
186 42 185 26
187 41 57 -1
188 12 187 -1
189 25 28 -1
190 188 189 41
191 152 190 -1
192 154 191 25
193 6 22 -1
194 54 64 -1
195 187 194 -1
196 193 195 6
197 38 111 -1
198 194 197 -1
199 19 198 3
200 38 77 -1
201 151 193 -1
202 200 201 22
203 22 68 -1
204 35 203 -1
205 197 204 51
206 7 23 -1
207 55 133 -1
208 114 206 -1
209 207 208 7
210 39 88 -1
211 207 210 -1
212 20 211 4
213 20 94 -1
214 146 206 -1
215 213 214 36
216 7 55 -1
217 137 216 -1
218 91 217 -1
219 4 218 20
220 214 218 -1
221 212 220 52
222 39 216 -1
223 181 214 -1
224 222 223 39
225 42 222 -1
226 10 217 -1
227 208 225 -1
228 226 227 23
229 23 228 -1
230 209 229 -1
231 223 230 55
232 53 108 -1
233 5 232 -1
234 18 233 -1
235 133 234 18
236 168 233 -1
237 169 236 -1
238 162 237 50
239 123 180 -1
240 24 239 -1
241 56 233 -1
242 240 241 37
243 172 242 -1
244 165 232 -1
245 243 244 53
246 25 203 -1
247 41 246 -1
248 202 247 -1
249 196 248 38
250 54 77 -1
251 248 250 -1
252 151 251 54
253 6 250 -1
254 120 253 -1
255 3 254 19
256 194 254 -1
257 51 203 -1
258 256 257 35
