64 16 32 -1
65 46 62 -1
66 14 65 -1
67 64 66 62
68 0 16 -1
69 30 65 -1
70 68 69 46
71 12 28 -1
72 65 71 -1
73 60 72 12
74 14 46 -1
75 44 74 -1
76 72 75 28
77 32 48 -1
78 74 77 -1
79 69 78 14
80 0 48 -1
81 74 80 -1
82 30 81 30
83 42 58 -1
84 26 71 -1
85 83 84 42
86 28 44 -1
87 10 86 -1
88 83 87 58
89 8 24 -1
90 83 89 -1
91 56 90 8
92 10 58 -1
93 40 92 -1
94 89 93 24
95 2 50 -1
96 32 95 -1
97 68 96 16
98 18 34 -1
99 0 77 -1
100 98 99 48
101 2 77 -1
102 16 101 -1
103 18 102 32
104 34 101 -1
105 97 104 0
106 30 86 -1
107 62 106 -1
108 73 107 60
109 14 60 -1
110 106 109 44
111 60 92 -1
112 44 111 -1
113 26 112 10
114 86 112 -1
115 85 114 26
116 1 17 -1
117 31 47 -1
118 63 116 -1
119 117 118 47
120 1 49 -1
121 117 120 -1
122 15 121 31
123 45 61 -1
124 13 117 -1
125 123 124 61
126 11 27 -1
127 59 126 -1
128 123 127 11
129 15 31 -1
130 123 129 -1
131 29 130 45
132 33 49 -1
133 129 132 -1
134 63 133 15
135 118 133 -1
136 121 135 63
137 13 61 -1
138 126 137 -1
139 43 138 27
140 41 57 -1
141 25 126 -1
142 140 141 41
143 27 43 -1
144 9 140 -1
145 143 144 57
146 63 137 -1
147 31 146 -1
148 131 147 29
149 117 148 -1
150 130 149 13
151 29 143 -1
152 13 151 -1
153 59 152 43
154 128 137 -1
155 152 154 59
156 8 56 -1
157 26 156 -1
158 40 42 -1
159 157 158 56
160 92 159 -1
161 90 160 40
162 5 53 -1
163 23 39 -1
164 162 163 -1
165 37 164 53
166 21 23 -1
167 164 166 -1
168 55 167 5
169 37 53 -1
170 7 169 -1
171 166 170 37
172 39 168 -1
173 170 172 21
174 9 57 -1
175 127 174 -1
176 11 142 -1
177 175 176 25
178 141 175 -1
179 43 178 9
180 120 174 -1
181 163 180 -1
182 7 181 23
183 3 19 -1
184 51 77 -1
185 183 184 -1
186 169 185 3
187 35 120 -1
188 17 187 -1
189 184 188 1
190 19 64 -1
191 33 190 -1
192 187 191 49
193 35 183 -1
194 80 193 -1
195 162 194 19
196 17 68 -1
197 132 183 -1
198 196 197 33
199 1 196 -1
200 185 199 -1
201 191 200 17
202 6 22 -1
203 38 202 -1
204 156 203 -1
205 80 204 22
206 38 54 -1
207 68 89 -1
208 22 207 -1
209 206 208 38
210 4 20 -1
211 52 132 -1
212 206 210 -1
213 211 212 4
214 36 95 -1
215 211 214 -1
216 18 215 2
217 98 210 -1
218 116 217 -1
219 50 218 34
220 4 52 -1
221 120 220 -1
222 98 221 -1
223 2 222 18
224 218 221 -1
225 216 224 50
226 40 206 -1
227 8 226 -1
228 77 204 -1
229 227 228 6
230 6 64 -1
231 226 230 -1
232 24 231 54
233 21 37 -1
234 190 233 -1
235 186 195 -1
236 234 235 35
237 193 234 -1
238 51 237 51
239 36 210 -1
240 6 239 -1
241 54 120 -1
242 240 241 20
243 116 202 -1
244 239 243 -1
245 220 244 36
246 242 243 -1
247 4 213 -1
248 246 247 52
249 23 132 -1
250 55 249 -1
251 7 250 -1
252 140 251 7
253 9 116 -1
254 25 253 -1
255 55 163 -1
256 254 255 39
257 181 252 -1
258 254 257 55
