44 8 13 -1
45 21 36 -1
46 31 42 -1
47 37 40 -1
48 39 44 -1
49 46 47 -1
50 45 48 -1
51 49 50 12
52 0 43 -1
53 6 23 -1
54 29 52 -1
55 49 53 -1
56 54 55 13
57 15 20 -1
58 9 40 -1
59 11 48 -1
60 58 59 -1
61 31 60 -1
62 57 61 19
63 33 41 -1
64 4 63 -1
65 25 44 -1
66 32 65 -1
67 54 64 -1
68 66 67 31
69 16 38 -1
70 0 64 -1
71 58 69 -1
72 44 71 -1
73 70 72 39
74 4 60 -1
75 3 26 -1
76 37 75 -1
77 71 76 -1
78 74 77 29
79 5 29 -1
80 12 35 -1
81 65 80 -1
82 1 79 -1
83 45 82 -1
84 81 83 41
85 10 17 -1
86 13 36 -1
87 30 86 -1
88 31 81 -1
89 87 88 -1
90 85 89 17
91 26 57 -1
92 39 91 -1
93 43 80 -1
94 85 92 -1
95 93 94 21
96 2 30 -1
97 9 38 -1
98 91 97 -1
99 53 96 -1
100 98 99 15
101 27 41 -1
102 7 101 -1
103 22 102 -1
104 47 103 -1
105 96 104 -1
106 80 105 36
107 6 28 -1
108 17 107 -1
109 35 92 -1
110 27 109 -1
111 4 108 -1
112 110 111 43
113 20 23 -1
114 24 113 -1
115 63 114 -1
116 22 39 -1
117 111 115 -1
118 116 117 0
119 8 34 -1
120 3 85 -1
121 115 120 -1
122 119 121 28
123 19 75 -1
124 31 79 -1
125 7 123 -1
126 124 125 -1
127 119 126 18
128 79 120 -1
129 108 128 -1
130 126 129 -1
131 101 130 -1
132 0 131 27
133 19 82 -1
134 21 46 -1
135 2 133 -1
136 114 135 -1
137 134 136 5
138 16 52 -1
139 134 138 -1
140 96 139 -1
141 1 44 -1
142 140 141 9
143 32 34 -1
144 15 102 -1
145 124 144 -1
146 143 145 -1
147 36 146 25
148 72 138 -1
149 17 19 -1
150 148 149 -1
151 80 150 -1
152 86 151 10
153 13 22 -1
154 26 153 -1
155 9 154 -1
156 148 155 -1
157 143 156 16
158 109 153 -1
159 57 79 -1
160 135 158 -1
161 45 159 -1
162 160 161 26
163 10 23 -1
164 110 163 -1
165 66 159 -1
166 164 165 -1
167 84 166 32
168 29 35 -1
169 141 166 -1
170 168 169 -1
171 102 115 -1
172 170 171 2
173 24 163 -1
174 116 128 -1
175 30 174 -1
176 38 175 -1
177 173 176 30
178 76 103 -1
179 125 173 -1
180 178 179 -1
181 86 180 -1
182 6 181 6
183 20 42 -1
184 41 133 -1
185 87 183 -1
186 168 184 -1
187 185 186 34
188 6 143 -1
189 5 188 -1
190 129 183 -1
191 189 190 -1
192 66 191 42
193 70 123 -1
194 12 113 -1
195 178 193 -1
196 27 195 -1
197 194 196 22
198 46 193 -1
199 6 198 -1
200 91 117 -1
201 11 199 -1
202 200 201 7
203 3 43 -1
204 17 58 -1
205 188 203 -1
206 204 205 -1
207 45 206 40
208 18 159 -1
209 194 208 -1
210 153 203 -1
211 53 210 -1
212 209 211 37
213 168 209 -1
214 34 213 -1
215 149 214 -1
216 12 25 -1
217 215 216 11
218 11 30 -1
219 7 218 -1
220 214 219 -1
221 113 220 23
222 9 34 -1
223 191 222 -1
224 14 46 -1
225 85 224 -1
226 41 223 -1
227 225 226 38
228 10 63 -1
229 109 116 -1
230 198 228 -1
231 229 230 -1
232 223 231 1
233 79 103 -1
234 222 233 -1
235 23 184 -1
236 30 235 -1
237 234 236 20
238 0 62 -1
239 134 238 -1
240 34 157 -1
241 158 239 -1
242 240 241 -1
243 107 242 35
244 87 175 -1
245 239 244 -1
246 208 245 -1
247 58 246 3
248 93 101 -1
249 36 114 -1
250 248 249 -1
251 35 250 -1
252 69 251 -1
253 98 252 4
254 86 104 -1
255 84 233 -1
256 107 254 -1
257 248 256 -1
258 255 257 8
259 7 32 -1
260 50 259 -1
261 24 40 -1
262 74 261 -1
263 260 262 -1
264 79 263 33
265 18 170 -1
266 59 265 -1
267 66 173 -1
268 266 267 -1
269 40 268 -1
270 13 269 14
271 111 204 -1
272 129 192 -1
273 148 224 -1
274 34 271 -1
275 272 273 -1
276 274 275 24
