50 21 39 -1
51 7 19 -1
52 32 41 -1
53 8 51 -1
54 34 35 -1
55 33 54 -1
56 50 52 -1
57 13 56 -1
58 53 57 -1
59 55 58 14
60 4 12 -1
61 9 45 -1
62 17 60 -1
63 10 55 -1
64 41 61 -1
65 18 63 -1
66 64 65 -1
67 62 66 12
68 11 34 -1
69 3 16 -1
70 62 68 -1
71 28 69 -1
72 39 71 -1
73 53 72 -1
74 70 73 45
75 30 38 -1
76 28 42 -1
77 46 76 -1
78 12 75 -1
79 54 64 -1
80 78 79 -1
81 77 80 19
82 26 47 -1
83 3 82 -1
84 32 83 -1
85 9 84 -1
86 20 85 -1
87 57 86 -1
88 78 87 49
89 16 44 -1
90 15 37 -1
91 32 89 -1
92 60 91 -1
93 21 90 -1
94 92 93 -1
95 63 94 25
96 6 36 -1
97 27 82 -1
98 34 96 -1
99 89 97 -1
100 45 99 -1
101 53 100 -1
102 98 101 34
103 8 31 -1
104 18 103 -1
105 0 98 -1
106 104 105 -1
107 43 106 -1
108 77 107 22
109 2 36 -1
110 21 35 -1
111 4 110 -1
112 53 84 -1
113 5 111 -1
114 112 113 -1
115 109 114 5
116 40 49 -1
117 109 116 -1
118 10 30 -1
119 117 118 -1
120 64 100 -1
121 119 120 -1
122 69 121 1
123 1 39 -1
124 15 46 -1
125 97 123 -1
126 54 125 -1
127 117 126 -1
128 124 127 11
129 47 48 -1
130 1 13 -1
131 68 129 -1
132 61 131 -1
133 44 130 -1
134 109 132 -1
135 133 134 13
136 49 89 -1
137 13 132 -1
138 136 137 -1
139 118 138 26
140 18 36 -1
141 20 131 -1
142 140 141 -1
143 106 142 -1
144 117 143 46
145 2 29 -1
146 42 56 -1
147 90 145 -1
148 8 38 -1
149 49 148 -1
150 146 147 -1
151 149 150 38
152 43 129 -1
153 28 92 -1
154 12 112 -1
155 149 154 -1
156 153 155 -1
157 152 156 27
158 24 27 -1
159 145 158 -1
160 25 70 -1
161 159 160 -1
162 16 153 -1
163 161 162 17
164 75 80 -1
165 69 113 -1
166 40 91 -1
167 165 166 -1
168 164 167 -1
169 146 168 18
170 42 82 -1
171 86 170 -1
172 22 171 -1
173 55 164 -1
174 172 173 -1
175 104 174 47
176 24 111 -1
177 19 170 -1
178 20 176 -1
179 14 65 -1
180 178 179 -1
181 177 180 7
182 43 124 -1
183 62 182 -1
184 176 183 -1
185 3 184 -1
186 41 185 -1
187 167 186 30
188 40 83 -1
189 93 188 -1
190 29 189 -1
191 78 190 -1
192 185 191 -1
193 45 192 8
194 44 147 -1
195 190 194 -1
196 125 195 -1
197 152 196 -1
198 25 197 31
199 41 194 -1
200 31 75 -1
201 82 124 -1
202 7 199 -1
203 200 201 -1
204 202 203 40
205 23 26 -1
206 130 205 -1
207 20 206 -1
208 29 199 -1
209 207 208 -1
210 0 209 23
211 171 200 -1
212 38 90 -1
213 207 212 -1
214 211 213 33
215 48 188 -1
216 84 211 -1
217 169 215 -1
218 160 217 -1
219 216 218 41
220 87 213 -1
221 151 220 -1
222 76 221 -1
223 26 222 -1
224 104 195 -1
225 223 224 43
226 35 43 -1
227 220 226 -1
228 8 41 -1
229 85 227 -1
230 228 229 -1
231 36 230 2
232 25 37 -1
233 22 49 -1
234 232 233 -1
235 4 8 -1
236 234 235 -1
237 33 215 -1
238 236 237 35
239 5 96 -1
240 234 239 -1
241 76 240 -1
242 52 241 20
243 176 205 -1
244 235 243 -1
245 10 83 -1
246 99 245 -1
247 244 246 -1
248 73 247 36
249 7 189 -1
250 62 155 -1
251 26 250 -1
252 15 111 -1
253 99 252 -1
254 249 251 -1
255 253 254 44
256 57 109 -1
257 210 256 -1
258 228 257 -1
259 220 251 -1
260 258 259 29
261 33 257 -1
262 159 249 -1
263 40 262 -1
264 261 263 -1
265 221 264 9
266 35 151 -1
267 247 249 -1
268 56 237 -1
269 266 268 -1
270 267 269 -1
271 157 270 24
272 29 70 -1
273 19 252 -1
274 80 272 -1
275 47 274 -1
276 273 275 -1
277 9 276 15
278 20 33 -1
279 21 31 -1
280 49 278 -1
281 43 279 -1
282 280 281 -1
283 272 282 32
284 6 232 -1
285 50 278 -1
286 172 212 -1
287 47 284 -1
288 285 287 -1
289 286 288 0
290 68 288 -1
291 33 137 -1
292 123 290 -1
293 291 292 -1
294 69 178 -1
295 293 294 10
296 16 285 -1
297 207 296 -1
298 26 45 -1
299 282 298 -1
300 228 299 -1
301 297 300 28
302 25 244 -1
303 234 266 -1
304 202 302 -1
305 261 303 -1
306 42 304 -1
307 305 306 21
308 144 161 -1
309 122 290 -1
310 67 224 -1
311 309 310 -1
312 226 308 -1
313 311 312 39
314 100 182 -1
315 198 314 -1
316 258 297 -1
317 288 316 -1
318 195 317 -1
319 315 318 42
320 295 296 -1
321 226 320 -1
322 180 321 -1
323 240 322 -1
324 140 323 -1
325 164 324 -1
326 39 325 6
327 18 25 -1
328 132 327 -1
329 71 328 -1
330 322 329 37
331 119 324 -1
332 195 331 -1
333 68 124 -1
334 134 333 -1
335 206 334 -1
336 332 335 4
337 38 56 -1
338 257 335 -1
339 97 120 -1
340 235 338 -1
341 143 337 -1
342 339 341 -1
343 340 342 16
344 91 197 -1
345 294 331 -1
346 344 345 -1
347 142 159 -1
348 275 346 -1
349 256 347 -1
350 348 349 48
351 86 181 -1
352 59 256 -1
353 223 352 -1
354 11 351 -1
355 46 353 -1
356 243 354 -1
357 355 356 3
