40 0 38 -1
41 11 28 -1
42 18 25 -1
43 26 31 -1
44 15 27 -1
45 16 30 -1
46 42 44 -1
47 40 43 -1
48 41 47 -1
49 20 46 -1
50 45 48 -1
51 49 50 12
52 29 35 -1
53 4 23 -1
54 2 22 -1
55 13 53 -1
56 50 52 -1
57 16 55 -1
58 54 56 -1
59 57 58 31
60 27 34 -1
61 6 60 -1
62 7 31 -1
63 0 5 -1
64 10 62 -1
65 61 63 -1
66 56 64 -1
67 65 66 27
68 12 21 -1
69 19 33 -1
70 11 68 -1
71 4 61 -1
72 70 71 -1
73 29 69 -1
74 47 73 -1
75 72 74 36
76 36 39 -1
77 10 37 -1
78 1 76 -1
79 2 78 -1
80 65 79 -1
81 52 80 -1
82 72 81 -1
83 77 82 33
84 9 68 -1
85 16 64 -1
86 61 85 -1
87 81 86 -1
88 84 87 3
89 32 77 -1
90 22 42 -1
91 33 90 -1
92 71 91 -1
93 43 89 -1
94 15 93 -1
95 92 94 38
96 7 14 -1
97 24 40 -1
98 5 96 -1
99 92 98 -1
100 97 99 39
101 84 93 -1
102 23 101 -1
103 5 39 -1
104 30 102 -1
105 35 103 -1
106 104 105 13
107 28 29 -1
108 36 107 -1
109 6 108 -1
110 102 109 -1
111 75 110 -1
112 0 111 23
113 17 33 -1
114 38 113 -1
115 112 114 -1
116 14 55 -1
117 115 116 19
118 3 9 -1
119 46 109 -1
120 118 119 -1
121 17 62 -1
122 24 121 -1
123 120 122 24
124 63 105 -1
125 7 23 -1
126 32 124 -1
127 125 126 -1
128 119 127 37
129 16 18 -1
130 107 129 -1
131 60 81 -1
132 113 125 -1
133 131 132 -1
134 130 133 5
135 11 95 -1
136 120 135 -1
137 104 130 -1
138 136 137 -1
139 114 138 29
140 21 35 -1
141 58 115 -1
142 95 141 -1
143 84 142 -1
144 6 143 -1
145 140 144 9
146 13 40 -1
147 110 127 -1
148 71 146 -1
149 136 148 -1
150 34 147 -1
151 149 150 30
152 21 72 -1
153 115 118 -1
154 131 152 -1
155 64 153 -1
156 150 155 -1
157 154 156 4
158 1 49 -1
159 77 158 -1
160 71 159 -1
161 108 160 -1
162 116 161 -1
163 18 162 25
164 8 79 -1
165 19 25 -1
166 159 164 -1
167 165 166 -1
168 41 167 14
169 63 152 -1
170 99 164 -1
171 130 170 -1
172 73 171 -1
173 169 172 6
174 78 126 -1
175 60 90 -1
176 153 174 -1
177 175 176 -1
178 53 177 -1
179 93 178 34
180 20 81 -1
181 108 170 -1
182 174 180 -1
183 121 182 -1
184 181 183 18
185 45 132 -1
186 12 185 -1
187 148 186 -1
188 1 97 -1
189 187 188 -1
190 62 189 35
191 101 165 -1
192 42 191 -1
193 77 192 -1
194 55 193 -1
195 186 194 20
196 37 78 -1
197 182 196 -1
198 107 197 -1
199 66 198 -1
200 157 199 -1
201 185 200 17
202 35 113 -1
203 122 146 -1
204 25 202 -1
205 203 204 -1
206 196 205 16
207 75 159 -1
208 133 135 -1
209 14 180 -1
210 207 209 -1
211 208 210 -1
212 29 211 28
213 43 197 -1
214 165 207 -1
215 175 213 -1
216 136 215 -1
217 214 216 1
218 11 110 -1
219 191 218 -1
220 73 216 -1
221 64 220 -1
222 219 221 15
223 188 191 -1
224 60 169 -1
225 208 224 -1
226 223 225 -1
227 196 201 -1
228 226 227 2
229 132 224 -1
230 193 221 -1
231 174 230 -1
232 19 231 -1
233 229 232 8
234 87 223 -1
235 36 83 -1
236 98 173 -1
237 235 236 -1
238 234 237 0
239 39 209 -1
240 86 239 -1
241 12 240 -1
242 41 97 -1
243 241 242 -1
244 82 243 11
245 102 176 -1
246 69 119 -1
247 184 239 -1
248 245 247 -1
249 246 248 32
250 15 26 -1
251 23 46 -1
252 116 251 -1
253 250 252 -1
254 76 169 -1
255 253 254 10
256 117 250 -1
257 165 256 -1
258 6 72 -1
259 257 258 -1
260 106 259 26
261 2 21 -1
262 7 261 -1
263 162 175 -1
264 262 263 -1
265 10 264 -1
266 171 265 22
267 215 262 -1
268 239 267 -1
269 15 42 -1
270 146 268 -1
271 269 270 7
272 121 140 -1
273 56 226 -1
274 170 186 -1
275 273 274 -1
276 204 272 -1
277 275 276 21
