34 16 25 -1
35 5 18 -1
36 8 13 -1
37 14 35 -1
38 34 37 -1
39 36 38 11
40 28 32 -1
41 26 27 -1
42 37 40 -1
43 41 42 10
44 11 17 -1
45 26 44 -1
46 9 45 -1
47 7 36 -1
48 46 47 15
49 0 33 -1
50 2 3 -1
51 19 49 -1
52 50 51 -1
53 45 52 16
54 14 32 -1
55 10 54 -1
56 38 51 -1
57 55 56 3
58 5 11 -1
59 7 58 -1
60 31 59 -1
61 51 60 -1
62 27 61 23
63 10 25 -1
64 60 63 -1
65 49 64 25
66 17 24 -1
67 50 59 -1
68 13 66 -1
69 67 68 24
70 34 66 -1
71 4 70 -1
72 46 71 -1
73 5 72 26
74 12 15 -1
75 71 74 -1
76 6 75 -1
77 24 76 8
78 0 8 -1
79 11 70 -1
80 78 79 -1
81 28 80 29
82 21 22 -1
83 14 82 -1
84 33 79 -1
85 83 84 1
86 6 23 -1
87 77 86 -1
88 19 84 -1
89 87 88 18
90 23 30 -1
91 25 83 -1
92 90 91 -1
93 42 92 0
94 15 29 -1
95 9 94 -1
96 91 95 12
97 1 4 -1
98 11 97 -1
99 31 98 -1
100 54 99 -1
101 21 100 14
102 10 50 -1
103 82 98 -1
104 102 103 31
105 16 17 -1
106 75 105 -1
107 88 99 -1
108 106 107 28
109 1 18 -1
110 78 109 -1
111 105 110 -1
112 86 111 33
113 22 32 -1
114 50 113 -1
115 20 90 -1
116 114 115 -1
117 11 116 27
118 86 114 -1
119 42 118 -1
120 58 119 5
121 2 39 -1
122 18 121 -1
123 56 113 -1
124 122 123 7
125 0 12 -1
126 3 17 -1
127 21 125 -1
128 77 127 -1
129 126 128 30
130 23 40 -1
131 16 127 -1
132 130 131 13
133 13 109 -1
134 126 133 -1
135 54 134 -1
136 82 135 6
137 56 107 -1
138 134 137 -1
139 15 138 4
140 94 125 -1
141 30 140 -1
142 63 141 -1
143 1 142 21
144 34 140 -1
145 33 103 -1
146 58 145 -1
147 129 146 -1
148 144 147 20
149 50 145 -1
150 117 130 -1
151 41 150 -1
152 149 151 2
153 22 124 -1
154 144 153 -1
155 108 154 -1
156 109 155 19
157 15 148 -1
158 31 157 -1
159 118 158 -1
160 140 159 -1
161 78 160 32
162 26 57 -1
163 143 162 -1
164 159 163 22
165 37 55 -1
166 24 165 -1
167 30 166 -1
168 58 167 -1
169 27 168 9
170 151 164 -1
171 62 119 -1
172 2 171 -1
173 170 172 -1
174 30 173 17
