44 29 41 -1
45 12 42 -1
46 7 25 -1
47 10 16 -1
48 2 17 -1
49 45 46 -1
50 44 49 -1
51 21 47 -1
52 48 51 -1
53 50 52 17
54 16 27 -1
55 0 1 -1
56 20 36 -1
57 19 54 -1
58 56 57 -1
59 55 58 -1
60 49 59 12
61 9 38 -1
62 3 31 -1
63 6 24 -1
64 50 63 -1
65 10 61 -1
66 62 64 -1
67 65 66 4
68 24 43 -1
69 23 32 -1
70 11 29 -1
71 68 69 -1
72 5 71 -1
73 58 70 -1
74 72 73 23
75 26 34 -1
76 4 18 -1
77 42 75 -1
78 31 76 -1
79 51 77 -1
80 69 78 -1
81 79 80 15
82 8 33 -1
83 17 49 -1
84 36 82 -1
85 78 84 -1
86 11 85 -1
87 83 86 29
88 6 33 -1
89 21 35 -1
90 22 88 -1
91 68 79 -1
92 32 89 -1
93 90 92 -1
94 91 93 28
95 9 37 -1
96 40 95 -1
97 57 96 -1
98 83 90 -1
99 97 98 -1
100 45 99 43
101 15 28 -1
102 14 31 -1
103 30 35 -1
104 101 102 -1
105 17 104 -1
106 72 103 -1
107 105 106 36
108 25 39 -1
109 4 22 -1
110 104 109 -1
111 2 108 -1
112 95 110 -1
113 27 111 -1
114 112 113 25
115 15 24 -1
116 0 65 -1
117 110 115 -1
118 19 33 -1
119 116 118 -1
120 117 119 37
121 0 101 -1
122 36 121 -1
123 108 122 -1
124 47 123 -1
125 29 64 -1
126 124 125 0
127 7 26 -1
128 6 40 -1
129 84 127 -1
130 62 104 -1
131 35 128 -1
132 130 131 -1
133 129 132 33
134 28 55 -1
135 39 128 -1
136 134 135 -1
137 42 136 -1
138 66 83 -1
139 137 138 27
140 76 115 -1
141 125 139 -1
142 140 141 -1
143 87 142 -1
144 123 143 11
145 20 75 -1
146 134 145 -1
147 38 130 -1
148 90 147 -1
149 146 148 24
150 5 44 -1
151 54 109 -1
152 30 150 -1
153 97 135 -1
154 151 152 -1
155 153 154 18
156 41 88 -1
157 45 122 -1
158 48 156 -1
159 134 157 -1
160 158 159 -1
161 14 160 20
162 26 150 -1
163 104 162 -1
164 157 163 -1
165 9 43 -1
166 164 165 40
167 37 121 -1
168 34 51 -1
169 68 167 -1
170 10 168 -1
171 169 170 -1
172 159 171 32
173 7 27 -1
174 88 169 -1
175 140 173 -1
176 23 175 -1
177 174 176 16
178 8 70 -1
179 133 178 -1
180 92 146 -1
181 45 180 -1
182 143 181 -1
183 179 182 13
184 117 179 -1
185 163 184 -1
186 156 185 -1
187 21 186 8
188 13 22 -1
189 37 188 -1
190 82 150 -1
191 16 116 -1
192 189 190 -1
193 191 192 9
194 54 168 -1
195 23 62 -1
196 2 189 -1
197 195 196 -1
198 194 197 14
199 20 129 -1
200 18 199 -1
201 43 200 -1
202 64 98 -1
203 48 201 -1
204 202 203 34
205 167 178 -1
206 3 205 -1
207 27 200 -1
208 123 207 -1
209 206 208 35
210 53 149 -1
211 154 210 -1
212 25 132 -1
213 211 212 -1
214 181 213 -1
215 103 214 31
216 4 161 -1
217 173 211 -1
218 216 217 -1
219 116 218 19
220 1 104 -1
221 103 220 -1
222 11 174 -1
223 42 222 -1
224 221 223 -1
225 24 224 22
226 85 221 -1
227 216 226 -1
228 32 227 -1
229 159 228 10
230 32 111 -1
231 9 156 -1
232 190 230 -1
233 77 232 -1
234 152 231 -1
235 233 234 26
236 1 188 -1
237 194 230 -1
238 53 83 -1
239 237 238 -1
240 236 239 21
241 28 129 -1
242 50 241 -1
243 140 172 -1
244 51 205 -1
245 242 244 -1
246 243 245 30
247 5 241 -1
248 68 247 -1
249 56 248 -1
250 27 249 -1
251 202 250 41
252 32 97 -1
253 129 252 -1
254 118 122 -1
255 215 253 -1
256 52 255 -1
257 254 256 3
258 75 81 -1
259 31 258 -1
260 41 252 -1
261 65 260 -1
262 39 261 -1
263 259 262 39
264 9 229 -1
265 8 148 -1
266 226 264 -1
267 258 265 -1
268 238 266 -1
269 267 268 6
270 47 63 -1
271 214 270 -1
272 250 271 -1
273 264 272 -1
274 36 273 1
275 135 245 -1
276 8 173 -1
277 194 276 -1
278 96 275 -1
279 160 278 -1
280 277 279 7
281 30 186 -1
282 29 137 -1
283 144 199 -1
284 55 282 -1
285 281 283 -1
286 284 285 38
287 46 132 -1
288 110 231 -1
289 97 287 -1
290 21 288 -1
291 276 290 -1
292 289 291 2
293 190 285 -1
294 43 54 -1
295 188 266 -1
296 294 295 -1
297 235 296 -1
298 293 297 5
299 3 141 -1
300 5 117 -1
301 209 300 -1
302 149 299 -1
303 12 302 -1
304 301 303 42
