34 10 15 -1
35 6 33 -1
36 11 13 -1
37 8 20 -1
38 19 35 -1
39 26 34 -1
40 36 37 -1
41 1 39 -1
42 38 40 -1
43 41 42 15
44 4 32 -1
45 0 27 -1
46 19 44 -1
47 24 45 -1
48 22 46 -1
49 47 48 -1
50 40 49 11
51 25 31 -1
52 2 21 -1
53 15 51 -1
54 6 48 -1
55 36 52 -1
56 54 55 -1
57 53 56 25
58 12 38 -1
59 16 28 -1
60 51 58 -1
61 55 59 -1
62 60 61 28
63 5 35 -1
64 8 13 -1
65 9 63 -1
66 41 65 -1
67 64 66 -1
68 60 67 20
69 34 46 -1
70 4 17 -1
71 9 47 -1
72 60 71 -1
73 69 72 -1
74 70 73 6
75 29 30 -1
76 3 7 -1
77 69 75 -1
78 56 76 -1
79 40 78 -1
80 77 79 27
81 21 23 -1
82 31 81 -1
83 12 77 -1
84 59 83 -1
85 82 84 2
86 7 18 -1
87 45 86 -1
88 39 87 -1
89 29 37 -1
90 82 88 -1
91 89 90 0
92 71 88 -1
93 11 75 -1
94 33 92 -1
95 93 94 13
96 21 25 -1
97 3 65 -1
98 96 97 -1
99 92 98 24
100 63 87 -1
101 4 100 -1
102 69 96 -1
103 101 102 5
104 23 48 -1
105 27 37 -1
106 104 105 -1
107 101 106 31
108 13 97 -1
109 16 108 -1
110 46 109 -1
111 27 31 -1
112 110 111 32
113 73 110 -1
114 2 29 -1
115 113 114 -1
116 68 115 14
117 0 17 -1
118 7 102 -1
119 82 118 -1
120 117 119 -1
121 1 120 17
122 112 115 -1
123 8 74 -1
124 122 123 -1
125 59 76 -1
126 124 125 8
127 18 117 -1
128 54 127 -1
129 24 128 -1
130 93 124 -1
131 129 130 7
132 22 122 -1
133 12 97 -1
134 117 133 -1
135 41 134 -1
136 132 135 21
137 6 108 -1
138 10 32 -1
139 70 138 -1
140 93 139 -1
141 137 140 18
142 40 135 -1
143 64 142 -1
144 100 137 -1
145 99 143 -1
146 144 145 19
147 20 129 -1
148 9 127 -1
149 141 142 -1
150 148 149 -1
151 147 150 16
152 28 86 -1
153 147 152 -1
154 132 153 -1
155 10 154 26
156 14 133 -1
157 15 156 -1
158 94 157 -1
159 144 158 -1
160 123 159 23
161 26 74 -1
162 85 161 -1
163 41 162 -1
164 115 157 -1
165 163 164 29
166 30 148 -1
167 113 160 -1
168 161 167 -1
169 166 168 22
170 113 163 -1
171 126 170 -1
172 23 171 -1
173 92 172 -1
174 66 173 10
175 29 59 -1
176 145 172 -1
177 101 176 -1
178 175 177 1
179 81 95 -1
180 150 179 -1
181 10 180 -1
182 50 181 -1
183 45 182 12
184 80 166 -1
185 167 182 -1
186 114 184 -1
187 135 185 -1
188 186 187 3
189 133 139 -1
190 171 189 -1
191 31 124 -1
192 55 190 -1
193 191 192 9
194 112 126 -1
195 83 127 -1
196 184 195 -1
197 140 194 -1
198 196 197 30
199 22 80 -1
200 3 193 -1
201 105 199 -1
202 152 201 -1
203 200 202 4
204 26 33 -1
205 70 204 -1
206 66 127 -1
207 89 206 -1
208 205 207 33
