34 10 31 -1
35 0 14 -1
36 5 18 -1
37 26 34 -1
38 35 37 -1
39 16 36 -1
40 22 39 -1
41 38 40 9
42 4 21 -1
43 7 28 -1
44 38 42 -1
45 1 44 -1
46 43 45 26
47 6 34 -1
48 15 24 -1
49 33 36 -1
50 48 49 -1
51 43 47 -1
52 50 51 18
53 8 30 -1
54 12 19 -1
55 50 53 -1
56 54 55 -1
57 27 56 21
58 2 12 -1
59 29 58 -1
60 10 59 -1
61 17 49 -1
62 27 60 -1
63 61 62 8
64 32 44 -1
65 21 61 -1
66 52 65 -1
67 7 66 -1
68 64 67 24
69 14 31 -1
70 9 69 -1
71 58 64 -1
72 70 71 -1
73 19 72 20
74 10 35 -1
75 15 33 -1
76 71 74 -1
77 75 76 -1
78 23 77 32
79 11 70 -1
80 21 59 -1
81 23 80 -1
82 16 79 -1
83 81 82 22
84 44 48 -1
85 53 74 -1
86 84 85 -1
87 79 86 31
88 5 35 -1
89 24 25 -1
90 9 88 -1
91 80 89 -1
92 90 91 33
93 3 20 -1
94 9 93 -1
95 17 94 -1
96 37 95 -1
97 89 96 13
98 1 13 -1
99 25 98 -1
100 6 99 -1
101 90 100 -1
102 93 101 16
103 3 69 -1
104 54 103 -1
105 100 104 14
106 19 20 -1
107 30 106 -1
108 88 99 -1
109 107 108 10
110 2 47 -1
111 7 75 -1
112 110 111 -1
113 56 112 -1
114 60 113 30
115 11 106 -1
116 5 61 -1
117 115 116 -1
118 110 117 29
119 59 112 -1
120 32 119 -1
121 66 115 -1
122 120 121 5
123 13 85 -1
124 33 94 -1
125 69 110 -1
126 124 125 -1
127 123 126 19
128 22 112 -1
129 124 128 -1
130 71 84 -1
131 129 130 3
132 13 129 -1
133 4 132 -1
134 103 133 -1
135 88 134 -1
136 127 135 17
137 76 94 -1
138 28 133 -1
139 137 138 2
140 27 118 -1
141 1 140 -1
142 125 141 -1
143 11 142 -1
144 75 143 12
145 107 141 -1
146 63 145 -1
147 0 146 -1
148 92 147 -1
149 87 148 15
150 83 125 -1
151 13 146 -1
152 150 151 -1
153 40 152 11
154 14 136 -1
155 39 154 -1
156 145 155 -1
157 129 156 7
158 7 95 -1
159 27 36 -1
160 157 158 -1
161 159 160 6
162 3 6 -1
163 91 162 -1
164 22 163 -1
165 66 164 -1
166 31 165 4
167 1 121 -1
168 23 167 -1
169 15 168 -1
170 65 169 -1
171 113 170 25
172 11 15 -1
173 12 172 -1
174 116 173 -1
175 39 174 -1
176 120 175 23
177 8 175 -1
178 1 59 -1
179 77 177 -1
180 147 178 -1
181 179 180 27
182 65 148 -1
183 7 129 -1
184 143 182 -1
185 89 183 -1
186 184 185 28
187 105 134 -1
188 139 162 -1
189 149 188 -1
190 187 189 -1
191 24 190 0
192 35 183 -1
193 62 101 -1
194 192 193 -1
195 23 194 -1
196 187 195 1
