46 0 45 -1
47 7 41 -1
48 10 13 -1
49 2 47 -1
50 1 46 -1
51 12 26 -1
52 34 48 -1
53 49 51 -1
54 52 53 -1
55 50 54 11
56 3 44 -1
57 28 36 -1
58 21 40 -1
59 24 56 -1
60 25 57 -1
61 50 59 -1
62 58 60 -1
63 61 62 17
64 22 45 -1
65 6 17 -1
66 13 14 -1
67 64 65 -1
68 66 67 -1
69 51 68 -1
70 60 69 18
71 4 11 -1
72 20 21 -1
73 12 19 -1
74 67 73 -1
75 71 74 -1
76 15 75 -1
77 72 76 14
78 8 23 -1
79 35 78 -1
80 32 50 -1
81 65 79 -1
82 75 80 -1
83 13 81 -1
84 82 83 37
85 17 31 -1
86 79 85 -1
87 20 25 -1
88 51 59 -1
89 86 88 -1
90 87 89 38
91 0 11 -1
92 7 79 -1
93 28 91 -1
94 48 93 -1
95 92 94 -1
96 59 95 32
97 42 43 -1
98 24 33 -1
99 93 98 -1
100 35 49 -1
101 99 100 -1
102 97 101 16
103 3 30 -1
104 4 24 -1
105 17 97 -1
106 103 105 -1
107 75 104 -1
108 106 107 20
109 27 41 -1
110 38 91 -1
111 10 58 -1
112 4 110 -1
113 105 111 -1
114 109 112 -1
115 113 114 28
116 5 31 -1
117 12 57 -1
118 9 117 -1
119 104 118 -1
120 116 119 -1
121 111 120 19
122 32 52 -1
123 97 109 -1
124 71 122 -1
125 66 124 -1
126 78 125 -1
127 123 126 33
128 45 99 -1
129 58 86 -1
130 95 109 -1
131 68 128 -1
132 129 130 -1
133 131 132 42
134 30 39 -1
135 5 128 -1
136 134 135 -1
137 104 136 -1
138 124 137 -1
139 7 138 24
140 39 42 -1
141 49 140 -1
142 8 37 -1
143 38 141 -1
144 113 143 -1
145 45 144 -1
146 142 145 3
147 44 72 -1
148 48 147 -1
149 30 37 -1
150 141 148 -1
151 149 150 -1
152 31 151 9
153 9 27 -1
154 83 148 -1
155 142 153 -1
156 39 154 -1
157 36 156 -1
158 155 157 5
159 22 29 -1
160 92 103 -1
161 20 23 -1
162 159 160 -1
163 26 161 -1
164 61 163 -1
165 162 164 1
166 34 40 -1
167 100 166 -1
168 153 167 -1
169 162 168 43
170 27 29 -1
171 98 163 -1
172 116 171 -1
173 170 172 -1
174 140 173 13
175 1 19 -1
176 15 116 -1
177 113 166 -1
178 175 177 -1
179 148 178 -1
180 176 179 34
181 16 18 -1
182 178 181 -1
183 123 134 -1
184 182 183 30
185 29 36 -1
186 82 185 -1
187 56 107 -1
188 78 187 -1
189 175 188 -1
190 186 189 36
191 1 42 -1
192 40 191 -1
193 124 186 -1
194 69 192 -1
195 193 194 15
196 16 159 -1
197 44 196 -1
198 94 114 -1
199 6 198 -1
200 1 199 -1
201 197 200 7
202 170 197 -1
203 34 202 -1
204 143 203 -1
205 167 204 -1
206 106 205 25
207 28 43 -1
208 147 202 -1
209 142 208 -1
210 86 209 -1
211 109 207 -1
212 210 211 23
213 4 42 -1
214 80 208 -1
215 159 214 -1
216 6 215 -1
217 213 216 26
218 2 117 -1
219 160 218 -1
220 23 219 -1
221 4 181 -1
222 51 220 -1
223 221 222 35
224 14 30 -1
225 85 220 -1
226 18 224 -1
227 225 226 31
228 91 136 -1
229 47 228 -1
230 67 161 -1
231 30 230 -1
232 4 231 -1
233 229 232 0
234 64 161 -1
235 31 80 -1
236 119 234 -1
237 62 235 -1
238 192 237 -1
239 236 238 6
240 147 196 -1
241 123 240 -1
242 25 32 -1
243 234 242 -1
244 241 243 29
245 19 78 -1
246 222 245 -1
247 92 142 -1
248 40 246 -1
249 247 248 -1
250 228 249 27
251 50 148 -1
252 103 248 -1
253 194 252 -1
254 156 251 -1
255 253 254 40
256 4 34 -1
257 245 256 -1
258 149 257 -1
259 129 258 -1
260 185 259 45
261 207 251 -1
262 77 110 -1
263 261 262 -1
264 60 186 -1
265 263 264 12
266 33 176 -1
267 242 256 -1
268 8 207 -1
269 45 267 -1
270 266 269 -1
271 268 270 41
272 61 116 -1
273 34 39 -1
274 229 273 -1
275 266 274 -1
276 272 275 -1
277 22 276 44
278 10 57 -1
279 16 175 -1
280 137 279 -1
281 278 280 -1
282 272 281 4
283 135 275 -1
284 208 283 -1
285 182 284 -1
286 211 285 -1
287 280 286 2
288 17 285 -1
289 66 84 -1
290 127 288 -1
291 289 290 22
292 4 132 -1
293 283 292 -1
294 199 206 -1
295 203 293 -1
296 25 295 -1
297 294 296 21
298 3 207 -1
299 145 153 -1
300 141 292 -1
301 298 300 -1
302 299 301 39
303 176 235 -1
304 87 224 -1
305 110 304 -1
306 22 303 -1
307 305 306 -1
308 35 307 8
309 69 140 -1
310 27 76 -1
311 10 32 -1
312 199 311 -1
313 33 309 -1
314 310 312 -1
315 313 314 10
