52 30 44 -1
53 19 34 -1
54 24 53 -1
55 52 54 -1
56 18 55 -1
57 3 56 24
58 0 42 -1
59 31 36 -1
60 54 58 -1
61 59 60 -1
62 49 61 38
63 1 20 -1
64 4 29 -1
65 6 58 -1
66 63 65 -1
67 64 66 23
68 12 39 -1
69 8 52 -1
70 17 59 -1
71 69 70 -1
72 68 71 45
73 23 29 -1
74 11 28 -1
75 0 69 -1
76 73 74 -1
77 75 76 29
78 10 34 -1
79 28 78 -1
80 14 68 -1
81 64 80 -1
82 79 81 31
83 43 63 -1
84 37 48 -1
85 79 83 -1
86 84 85 50
87 47 50 -1
88 31 73 -1
89 37 65 -1
90 87 89 -1
91 88 90 11
92 38 46 -1
93 2 47 -1
94 92 93 -1
95 88 94 20
96 21 49 -1
97 15 96 -1
98 7 9 -1
99 87 97 -1
100 98 99 17
101 24 27 -1
102 46 101 -1
103 1 102 -1
104 37 103 -1
105 97 104 37
106 20 31 -1
107 26 27 -1
108 52 107 -1
109 74 108 -1
110 106 109 40
111 22 44 -1
112 4 111 -1
113 0 15 -1
114 108 113 -1
115 112 114 19
116 26 50 -1
117 1 21 -1
118 116 117 -1
119 39 118 -1
120 111 119 22
121 30 40 -1
122 37 51 -1
123 15 116 -1
124 121 123 -1
125 122 124 25
126 7 41 -1
127 43 124 -1
128 126 127 39
129 14 17 -1
130 121 129 -1
131 92 112 -1
132 130 131 3
133 24 33 -1
134 28 126 -1
135 31 133 -1
136 122 135 -1
137 134 136 34
138 5 26 -1
139 9 39 -1
140 44 138 -1
141 135 139 -1
142 140 141 48
143 2 16 -1
144 34 143 -1
145 122 144 -1
146 64 145 -1
147 138 146 7
148 13 41 -1
149 8 148 -1
150 101 149 -1
151 143 150 -1
152 21 151 51
153 33 84 -1
154 122 153 -1
155 149 154 -1
156 40 155 -1
157 38 156 33
158 8 117 -1
159 92 155 -1
160 158 159 6
161 35 50 -1
162 18 111 -1
163 37 161 -1
164 7 163 -1
165 162 164 16
166 103 106 -1
167 131 166 -1
168 162 167 -1
169 13 168 1
170 10 25 -1
171 158 170 -1
172 59 171 -1
173 24 166 -1
174 172 173 47
175 11 84 -1
176 14 36 -1
177 163 175 -1
178 176 177 -1
179 18 178 18
180 2 41 -1
181 38 177 -1
182 106 180 -1
183 181 182 2
184 11 23 -1
185 180 184 -1
186 170 185 -1
187 36 186 14
188 22 42 -1
189 21 188 -1
190 93 189 -1
191 185 190 21
192 3 40 -1
193 188 192 -1
194 16 193 -1
195 134 194 36
196 1 29 -1
197 144 196 -1
198 45 197 -1
199 176 198 44
200 3 19 -1
201 2 49 -1
202 83 200 -1
203 29 202 -1
204 201 203 35
205 44 58 -1
206 153 205 -1
207 90 200 -1
208 206 207 41
209 9 175 -1
210 3 47 -1
211 8 22 -1
212 210 211 -1
213 209 212 30
214 21 153 -1
215 209 214 -1
216 36 193 -1
217 215 216 12
218 37 40 -1
219 5 170 -1
220 218 219 -1
221 93 220 -1
222 0 221 27
223 13 44 -1
224 10 133 -1
225 129 224 -1
226 1 223 -1
227 225 226 26
228 0 46 -1
229 30 51 -1
230 210 229 -1
231 33 230 -1
232 228 231 15
233 35 39 -1
234 36 233 -1
235 180 218 -1
236 234 235 -1
237 24 236 32
238 148 234 -1
239 27 238 -1
240 25 239 -1
241 40 240 49
242 50 228 -1
243 7 242 -1
244 36 243 -1
245 10 43 -1
246 244 245 13
247 116 223 -1
248 4 20 -1
249 24 248 -1
250 78 247 -1
251 249 250 9
252 23 133 -1
253 245 252 -1
254 32 141 -1
255 253 254 -1
256 229 255 4
257 17 252 -1
258 41 49 -1
259 257 258 -1
260 248 259 -1
261 6 260 0
262 79 124 -1
263 31 171 -1
264 75 263 -1
265 120 262 -1
266 264 265 8
267 189 211 -1
268 27 40 -1
269 150 259 -1
270 268 269 -1
271 267 270 43
272 28 35 -1
273 32 272 -1
274 20 230 -1
275 121 273 -1
276 274 275 28
277 38 53 -1
278 16 277 -1
279 79 272 -1
280 278 279 -1
281 9 101 -1
282 280 281 46
283 7 12 -1
284 5 51 -1
285 278 284 -1
286 283 285 42
287 123 138 -1
288 25 45 -1
289 48 287 -1
290 288 289 -1
291 18 93 -1
292 290 291 10
293 51 196 -1
294 272 293 -1
295 14 294 -1
296 11 295 -1
297 24 49 -1
298 296 297 5
