42 5 15 -1
43 24 36 -1
44 29 30 -1
45 19 42 -1
46 43 44 -1
47 45 46 10
48 8 34 -1
49 1 7 -1
50 18 44 -1
51 48 49 -1
52 50 51 13
53 8 13 -1
54 9 24 -1
55 53 54 -1
56 50 55 17
57 35 39 -1
58 0 12 -1
59 57 58 -1
60 14 54 -1
61 59 60 11
62 42 58 -1
63 22 37 -1
64 48 62 -1
65 63 64 32
66 28 31 -1
67 16 32 -1
68 62 66 -1
69 67 68 21
70 8 39 -1
71 10 70 -1
72 43 67 -1
73 7 72 -1
74 71 73 27
75 6 20 -1
76 2 41 -1
77 3 75 -1
78 66 77 -1
79 76 78 19
80 17 21 -1
81 53 80 -1
82 0 29 -1
83 81 82 -1
84 57 83 35
85 28 37 -1
86 18 85 -1
87 14 81 -1
88 71 86 -1
89 87 88 5
90 11 33 -1
91 1 23 -1
92 24 90 -1
93 91 92 -1
94 77 93 40
95 76 92 -1
96 57 95 -1
97 22 96 33
98 27 32 -1
99 6 98 -1
100 71 90 -1
101 99 100 41
102 26 36 -1
103 30 102 -1
104 34 103 -1
105 99 104 -1
106 67 105 15
107 13 17 -1
108 42 107 -1
109 85 102 -1
110 108 109 38
111 11 103 -1
112 70 111 -1
113 28 54 -1
114 112 113 2
115 18 38 -1
116 91 115 -1
117 6 66 -1
118 26 117 -1
119 116 118 31
120 20 34 -1
121 116 120 -1
122 107 121 29
123 12 22 -1
124 2 25 -1
125 36 123 -1
126 124 125 -1
127 104 126 14
128 11 27 -1
129 30 128 -1
130 14 17 -1
131 129 130 -1
132 51 131 1
133 4 9 -1
134 55 133 -1
135 131 134 8
136 40 123 -1
137 29 49 -1
138 133 137 -1
139 136 138 39
140 63 75 -1
141 35 136 -1
142 140 141 -1
143 115 142 28
144 12 15 -1
145 21 41 -1
146 86 144 -1
147 6 145 -1
148 146 147 37
149 26 88 -1
150 17 146 -1
151 20 150 -1
152 149 151 22
153 1 28 -1
154 80 153 -1
155 2 154 -1
156 9 155 -1
157 22 156 18
158 27 75 -1
159 82 154 -1
160 158 159 9
161 25 57 -1
162 21 42 -1
163 161 162 -1
164 33 163 -1
165 3 164 23
166 70 143 -1
167 118 146 -1
168 161 167 -1
169 166 168 36
170 124 137 -1
171 21 170 -1
172 51 171 -1
173 24 172 -1
174 38 173 24
175 23 39 -1
176 145 175 -1
177 11 102 -1
178 125 177 -1
179 176 178 26
180 33 176 -1
181 81 180 -1
182 75 181 -1
183 134 182 0
184 1 6 -1
185 37 184 -1
186 19 185 -1
187 11 186 -1
188 171 187 7
189 10 35 -1
190 3 7 -1
191 186 189 -1
192 190 191 30
193 14 66 -1
194 189 193 -1
195 41 194 -1
196 4 195 12
197 16 19 -1
198 0 140 -1
199 79 198 -1
200 193 199 -1
201 197 200 6
202 129 161 -1
203 100 202 -1
204 52 170 -1
205 5 203 -1
206 204 205 34
207 86 143 -1
208 61 207 -1
209 20 208 -1
210 2 113 -1
211 209 210 16
212 41 43 -1
213 158 184 -1
214 0 35 -1
215 212 213 -1
216 214 215 25
217 130 197 -1
218 5 136 -1
219 125 218 -1
220 1 217 -1
221 219 220 20
222 8 175 -1
223 16 66 -1
224 12 190 -1
225 223 224 -1
226 222 225 3
227 24 25 -1
228 86 98 -1
229 34 40 -1
230 227 228 -1
231 229 230 4
