64 24 46 -1
65 8 43 -1
66 10 22 -1
67 5 47 -1
68 40 64 -1
69 67 68 -1
70 66 69 -1
71 65 70 25
72 29 68 -1
73 16 60 -1
74 13 50 -1
75 72 73 -1
76 37 75 -1
77 74 76 20
78 47 56 -1
79 0 21 -1
80 51 79 -1
81 64 78 -1
82 80 81 -1
83 76 82 -1
84 54 83 6
85 4 17 -1
86 53 59 -1
87 15 81 -1
88 43 86 -1
89 85 87 -1
90 88 89 62
91 26 33 -1
92 40 45 -1
93 72 92 -1
94 85 93 -1
95 91 94 -1
96 57 95 17
97 6 31 -1
98 11 61 -1
99 55 98 -1
100 78 97 -1
101 99 100 -1
102 86 101 28
103 13 44 -1
104 43 103 -1
105 57 104 -1
106 51 66 -1
107 105 106 -1
108 99 107 41
109 9 30 -1
110 17 109 -1
111 24 80 -1
112 11 72 -1
113 110 112 -1
114 111 113 57
115 7 35 -1
116 3 8 -1
117 0 23 -1
118 24 116 -1
119 103 115 -1
120 117 119 -1
121 118 120 23
122 35 36 -1
123 37 122 -1
124 0 123 -1
125 42 124 -1
126 118 125 -1
127 57 126 24
128 41 46 -1
129 12 39 -1
130 2 128 -1
131 68 130 -1
132 123 129 -1
133 131 132 26
134 21 49 -1
135 14 54 -1
136 30 134 -1
137 43 136 -1
138 135 137 -1
139 131 138 63
140 25 38 -1
141 33 140 -1
142 13 31 -1
143 39 124 -1
144 141 143 -1
145 142 144 35
146 12 50 -1
147 141 146 -1
148 47 97 -1
149 103 147 -1
150 148 149 51
151 3 21 -1
152 11 40 -1
153 42 151 -1
154 147 152 -1
155 153 154 55
156 34 65 -1
157 29 156 -1
158 54 62 -1
159 157 158 -1
160 115 159 -1
161 1 160 16
162 2 49 -1
163 17 18 -1
164 156 163 -1
165 40 162 -1
166 91 164 -1
167 165 166 33
168 14 41 -1
169 58 168 -1
170 164 169 -1
171 38 170 -1
172 12 171 49
173 24 58 -1
174 67 129 -1
175 142 173 -1
176 103 174 -1
177 175 176 -1
178 91 177 39
179 52 122 -1
180 15 174 -1
181 179 180 -1
182 124 181 -1
183 8 182 21
184 27 45 -1
185 32 48 -1
186 66 185 -1
187 134 173 -1
188 184 187 -1
189 186 188 38
190 18 62 -1
191 52 63 -1
192 104 190 -1
193 14 184 -1
194 192 193 -1
195 191 194 54
196 47 49 -1
197 20 38 -1
198 196 197 -1
199 186 198 -1
200 191 199 58
201 17 28 -1
202 119 201 -1
203 32 192 -1
204 116 202 -1
205 13 204 -1
206 203 205 4
207 9 55 -1
208 179 204 -1
209 142 207 -1
210 8 209 -1
211 208 210 40
212 19 117 -1
213 85 168 -1
214 122 213 -1
215 207 214 -1
216 212 215 14
217 5 51 -1
218 36 135 -1
219 44 55 -1
220 184 218 -1
221 217 219 -1
222 220 221 18
223 22 110 -1
224 3 26 -1
225 50 224 -1
226 217 223 -1
227 38 225 -1
228 226 227 61
229 169 213 -1
230 8 218 -1
231 229 230 -1
232 63 231 -1
233 223 232 48
234 1 162 -1
235 56 234 -1
236 7 224 -1
237 58 235 -1
238 0 237 -1
239 236 238 29
240 28 91 -1
241 8 11 -1
242 39 50 -1
243 157 242 -1
244 240 241 -1
245 243 244 31
246 42 72 -1
247 1 20 -1
248 48 175 -1
249 246 247 -1
250 19 249 -1
251 248 250 9
252 10 190 -1
253 49 55 -1
254 16 253 -1
255 46 252 -1
256 246 254 -1
257 255 256 37
258 27 47 -1
259 8 258 -1
260 225 247 -1
261 16 54 -1
262 259 260 -1
263 261 262 60
264 42 207 -1
265 130 219 -1
266 264 265 -1
267 1 259 -1
268 266 267 45
269 46 63 -1
270 45 59 -1
271 266 269 -1
272 26 270 -1
273 271 272 27
274 61 270 -1
275 9 60 -1
276 117 158 -1
277 274 275 -1
278 31 277 -1
279 276 278 44
280 34 35 -1
281 21 53 -1
282 225 281 -1
283 58 280 -1
284 240 283 -1
285 282 284 30
286 28 41 -1
287 252 286 -1
288 97 106 -1
289 287 288 -1
290 280 289 36
291 30 92 -1
292 22 291 -1
293 21 61 -1
294 29 212 -1
295 292 293 -1
296 294 295 59
297 1 151 -1
298 23 297 -1
299 6 196 -1
300 111 299 -1
301 269 298 -1
302 300 301 5
303 10 36 -1
304 298 303 -1
305 27 129 -1
306 304 305 -1
307 224 306 22
308 40 303 -1
309 15 128 -1
310 308 309 -1
311 31 270 -1
312 134 310 -1
313 311 312 7
314 20 62 -1
315 32 303 -1
316 146 314 -1
317 315 316 -1
318 57 317 -1
319 53 318 19
320 291 314 -1
321 8 276 -1
322 320 321 -1
323 125 308 -1
324 322 323 42
325 22 48 -1
326 33 325 -1
327 299 326 -1
328 89 327 -1
329 23 328 -1
330 309 329 0
331 58 74 -1
332 59 331 -1
333 103 162 -1
334 326 333 -1
335 62 332 -1
336 334 335 47
337 2 15 -1
338 115 248 -1
339 56 338 -1
340 217 337 -1
341 339 340 -1
342 331 341 1
343 275 337 -1
344 14 116 -1
345 34 140 -1
346 344 345 -1
347 343 346 46
348 42 197 -1
349 163 348 -1
350 140 175 -1
351 349 350 -1
352 255 331 -1
353 351 352 43
354 19 254 -1
355 349 354 -1
356 5 229 -1
357 355 356 -1
358 261 357 12
359 35 190 -1
360 352 359 -1
361 196 360 -1
362 26 71 -1
363 68 361 -1
364 362 363 2
365 241 267 -1
366 29 37 -1
367 128 366 -1
368 13 367 -1
369 365 368 -1
370 281 369 10
371 152 269 -1
372 305 316 -1
373 9 50 -1
374 371 372 -1
375 309 374 -1
376 373 375 53
377 34 60 -1
378 42 377 -1
379 18 51 -1
380 128 379 -1
381 291 380 -1
382 378 381 34
383 0 30 -1
384 170 359 -1
385 212 344 -1
386 160 384 -1
387 383 385 -1
388 386 387 15
389 38 377 -1
390 295 389 -1
391 27 390 -1
392 383 391 -1
393 270 392 -1
394 57 393 11
395 7 60 -1
396 56 62 -1
397 52 396 -1
398 41 354 -1
399 397 398 -1
400 395 399 32
401 2 78 -1
402 77 401 -1
403 18 325 -1
404 402 403 -1
405 75 404 -1
406 119 405 13
407 254 284 -1
408 55 201 -1
409 377 407 -1
410 186 327 -1
411 409 410 -1
412 408 411 52
413 228 365 -1
414 70 110 -1
415 15 371 -1
416 282 414 -1
417 415 416 -1
418 413 417 50
419 25 269 -1
420 201 419 -1
421 89 162 -1
422 60 421 -1
423 420 422 -1
424 187 423 8
425 53 420 -1
426 88 425 -1
427 234 426 -1
428 163 380 -1
429 12 428 -1
430 427 429 3
431 179 274 -1
432 19 44 -1
433 184 432 -1
434 16 303 -1
435 17 434 -1
436 433 435 -1
437 431 436 56
