38 4 20 -1
39 8 16 -1
40 10 18 -1
41 5 26 -1
42 25 33 -1
43 23 38 -1
44 39 40 -1
45 17 43 -1
46 42 44 -1
47 41 45 -1
48 30 47 -1
49 46 48 14
50 0 19 -1
51 27 28 -1
52 29 32 -1
53 14 36 -1
54 46 51 -1
55 2 50 -1
56 52 55 -1
57 53 54 -1
58 56 57 5
59 3 21 -1
60 31 36 -1
61 26 60 -1
62 20 59 -1
63 33 62 -1
64 61 63 -1
65 57 64 10
66 9 18 -1
67 38 66 -1
68 34 62 -1
69 67 68 -1
70 17 69 -1
71 49 70 -1
72 57 71 22
73 11 21 -1
74 22 24 -1
75 41 67 -1
76 29 75 -1
77 56 74 -1
78 76 77 -1
79 73 78 26
80 37 73 -1
81 12 34 -1
82 8 80 -1
83 19 81 -1
84 23 83 -1
85 54 82 -1
86 84 85 19
87 3 70 -1
88 44 87 -1
89 0 88 -1
90 20 47 -1
91 89 90 -1
92 86 91 33
93 1 35 -1
94 2 88 -1
95 93 94 -1
96 60 95 -1
97 17 96 -1
98 18 97 12
99 7 15 -1
100 43 99 -1
101 31 81 -1
102 100 101 -1
103 80 102 -1
104 94 103 27
105 10 35 -1
106 101 105 -1
107 87 104 -1
108 66 107 -1
109 106 108 -1
110 33 109 29
111 5 63 -1
112 81 111 -1
113 82 112 -1
114 21 113 -1
115 109 114 11
116 6 12 -1
117 100 116 -1
118 74 117 -1
119 32 118 -1
120 59 119 -1
121 40 120 21
122 15 37 -1
123 13 30 -1
124 36 122 -1
125 25 124 -1
126 118 125 -1
127 123 126 17
128 7 95 -1
129 28 122 -1
130 4 87 -1
131 65 130 -1
132 128 129 -1
133 131 132 8
134 10 24 -1
135 50 128 -1
136 29 135 -1
137 134 136 -1
138 34 137 18
139 14 80 -1
140 50 130 -1
141 61 139 -1
142 140 141 -1
143 28 142 15
144 9 31 -1
145 90 129 -1
146 144 145 -1
147 10 146 -1
148 55 147 32
149 27 105 -1
150 76 149 -1
151 84 134 -1
152 5 151 -1
153 150 152 -1
154 0 153 25
155 6 32 -1
156 25 93 -1
157 150 155 -1
158 41 82 -1
159 156 157 -1
160 158 159 4
161 23 157 -1
162 108 161 -1
163 44 162 -1
164 133 163 34
165 16 77 -1
166 51 92 -1
167 112 165 -1
168 166 167 -1
169 19 69 -1
170 168 169 28
171 13 22 -1
172 0 171 -1
173 78 172 -1
174 168 173 -1
175 124 174 0
176 7 94 -1
177 20 151 -1
178 161 176 -1
179 177 178 -1
180 165 179 24
181 64 122 -1
182 121 166 -1
183 45 182 -1
184 181 183 -1
185 134 184 2
186 42 60 -1
187 13 186 -1
188 4 187 -1
189 176 188 -1
190 169 189 7
191 58 84 -1
192 163 191 -1
193 9 49 -1
194 181 192 -1
195 193 194 1
196 16 93 -1
197 114 196 -1
198 47 174 -1
199 53 197 -1
200 198 199 6
201 71 110 -1
202 98 201 -1
203 88 197 -1
204 190 202 -1
205 74 203 -1
206 204 205 13
207 102 202 -1
208 25 86 -1
209 207 208 -1
210 65 209 9
211 15 205 -1
212 115 193 -1
213 79 211 -1
214 212 213 -1
215 24 214 30
216 64 80 -1
217 101 157 -1
218 216 217 -1
219 27 218 -1
220 70 219 -1
221 13 220 31
222 208 216 -1
223 146 222 -1
224 68 161 -1
225 223 224 -1
226 104 225 23
227 37 138 -1
228 93 165 -1
229 84 228 -1
230 146 229 -1
231 30 230 -1
232 227 231 35
233 118 179 -1
234 103 230 -1
235 100 194 -1
236 234 235 -1
237 233 236 37
238 37 59 -1
239 236 238 -1
240 22 47 -1
241 168 240 -1
242 239 241 36
243 140 239 -1
244 148 243 -1
245 160 244 -1
246 31 245 16
247 97 227 -1
248 127 247 -1
249 20 248 -1
250 149 156 -1
251 249 250 3
252 191 221 -1
253 87 252 -1
254 82 253 -1
255 244 254 -1
256 165 255 20
