48 17 39 -1
49 5 40 -1
50 1 18 -1
51 48 49 -1
52 29 50 -1
53 51 52 14
54 2 9 -1
55 51 54 -1
56 12 47 -1
57 55 56 41
58 19 26 -1
59 39 55 -1
60 58 59 22
61 30 48 -1
62 12 44 -1
63 22 61 -1
64 29 63 -1
65 62 64 17
66 13 26 -1
67 8 61 -1
68 47 66 -1
69 67 68 -1
70 25 69 25
71 0 21 -1
72 35 71 -1
73 67 72 -1
74 14 73 36
75 36 41 -1
76 48 75 -1
77 1 24 -1
78 76 77 -1
79 66 78 24
80 20 63 -1
81 21 26 -1
82 80 81 -1
83 76 82 19
84 3 7 -1
85 4 25 -1
86 77 84 -1
87 23 86 -1
88 85 87 12
89 9 27 -1
90 6 29 -1
91 84 90 -1
92 89 91 -1
93 14 92 23
94 31 40 -1
95 32 37 -1
96 89 95 -1
97 59 96 -1
98 94 97 18
99 10 15 -1
100 14 23 -1
101 13 94 -1
102 99 101 -1
103 100 102 13
104 8 46 -1
105 34 99 -1
106 95 104 -1
107 105 106 20
108 5 44 -1
109 33 104 -1
110 108 109 -1
111 9 110 -1
112 0 111 15
113 13 39 -1
114 25 113 -1
115 110 114 47
116 11 32 -1
117 46 116 -1
118 31 117 -1
119 113 118 -1
120 12 119 21
121 3 43 -1
122 68 121 -1
123 9 122 -1
124 117 123 4
125 4 38 -1
126 33 100 -1
127 24 34 -1
128 125 127 -1
129 126 128 16
130 7 47 -1
131 20 125 -1
132 76 130 -1
133 131 132 7
134 16 126 -1
135 41 62 -1
136 134 135 -1
137 19 136 31
138 7 27 -1
139 14 138 -1
140 11 96 -1
141 134 140 -1
142 139 141 45
143 15 58 -1
144 27 40 -1
145 33 144 -1
146 143 145 -1
147 116 146 44
148 12 30 -1
149 85 148 -1
150 20 149 -1
151 143 150 38
152 35 144 -1
153 28 152 -1
154 46 130 -1
155 148 153 -1
156 154 155 2
157 44 50 -1
158 153 157 -1
159 8 47 -1
160 158 159 6
161 19 32 -1
162 17 161 -1
163 23 99 -1
164 162 163 -1
165 90 164 28
166 34 36 -1
167 2 166 -1
168 25 71 -1
169 161 167 -1
170 168 169 43
171 6 8 -1
172 21 171 -1
173 162 166 -1
174 38 172 -1
175 173 174 0
176 31 43 -1
177 75 172 -1
178 176 177 -1
179 99 178 9
180 10 42 -1
181 7 180 -1
182 127 167 -1
183 121 181 -1
184 182 183 42
185 40 45 -1
186 80 171 -1
187 4 185 -1
188 17 187 -1
189 186 188 1
190 89 185 -1
191 139 190 -1
192 10 50 -1
193 191 192 34
194 8 23 -1
195 39 181 -1
196 33 36 -1
197 195 196 -1
198 194 197 30
199 138 194 -1
200 143 199 -1
201 26 200 -1
202 127 201 40
203 18 75 -1
204 33 84 -1
205 192 203 -1
206 19 205 -1
207 204 206 46
208 28 203 -1
209 117 208 -1
210 14 209 -1
211 22 210 5
212 152 166 -1
213 40 212 -1
214 22 121 -1
215 23 213 -1
216 214 215 27
217 44 169 -1
218 98 217 -1
219 58 218 -1
220 212 219 32
221 12 45 -1
222 16 221 -1
223 21 222 -1
224 11 223 -1
225 167 224 37
226 18 34 -1
227 204 221 -1
228 35 226 -1
229 227 228 39
230 0 130 -1
231 102 105 -1
232 22 230 -1
233 49 231 -1
234 232 233 29
235 18 42 -1
236 22 235 -1
237 131 236 -1
238 152 237 -1
239 89 238 3
240 81 157 -1
241 12 31 -1
242 168 240 -1
243 149 242 -1
244 241 243 26
245 189 222 -1
246 148 176 -1
247 6 245 -1
248 125 246 -1
249 247 248 11
250 11 230 -1
251 163 250 -1
252 6 195 -1
253 44 252 -1
254 251 253 8
255 143 240 -1
256 11 235 -1
257 39 255 -1
258 9 256 -1
259 257 258 10
260 3 13 -1
261 34 38 -1
262 12 32 -1
263 89 261 -1
264 260 262 -1
265 263 264 35
266 166 236 -1
267 4 266 -1
268 211 260 -1
269 117 268 -1
270 267 269 33
