36 2 23 -1
37 3 22 -1
38 7 12 -1
39 8 38 -1
40 28 36 -1
41 16 30 -1
42 10 20 -1
43 39 40 -1
44 25 43 -1
45 41 42 -1
46 37 44 -1
47 45 46 16
48 31 34 -1
49 29 43 -1
50 0 19 -1
51 14 32 -1
52 48 51 -1
53 30 49 -1
54 50 53 -1
55 52 54 20
56 11 33 -1
57 17 28 -1
58 7 41 -1
59 57 58 -1
60 56 59 -1
61 44 60 -1
62 52 61 29
63 5 18 -1
64 6 20 -1
65 3 63 -1
66 2 65 -1
67 32 66 -1
68 13 53 -1
69 64 67 -1
70 68 69 19
71 22 30 -1
72 38 71 -1
73 23 35 -1
74 19 72 -1
75 73 74 -1
76 55 75 -1
77 69 76 28
78 15 27 -1
79 9 64 -1
80 72 79 -1
81 32 80 -1
82 45 81 -1
83 60 78 -1
84 82 83 13
85 11 78 -1
86 34 85 -1
87 42 53 -1
88 18 74 -1
89 87 88 -1
90 86 89 24
91 23 33 -1
92 6 91 -1
93 77 87 -1
94 14 93 -1
95 27 92 -1
96 94 95 8
97 1 5 -1
98 2 97 -1
99 92 98 -1
100 50 71 -1
101 99 100 -1
102 59 101 14
103 21 33 -1
104 99 103 -1
105 58 104 -1
106 67 86 -1
107 105 106 32
108 4 26 -1
109 97 105 -1
110 100 109 -1
111 108 110 -1
112 63 82 -1
113 111 112 15
114 21 74 -1
115 17 114 -1
116 34 80 -1
117 94 115 -1
118 116 117 -1
119 100 118 26
120 43 108 -1
121 86 120 -1
122 31 121 -1
123 27 28 -1
124 79 122 -1
125 123 124 21
126 34 57 -1
127 73 126 -1
128 122 127 -1
129 9 128 12
130 13 95 -1
131 1 37 -1
132 106 131 -1
133 130 132 -1
134 117 133 -1
135 51 134 4
136 4 11 -1
137 28 136 -1
138 66 128 -1
139 137 138 -1
140 20 25 -1
141 139 140 6
142 7 131 -1
143 68 109 -1
144 137 143 -1
145 142 144 11
146 11 139 -1
147 60 146 -1
148 130 147 -1
149 108 119 -1
150 148 149 33
151 18 25 -1
152 56 114 -1
153 151 152 -1
154 142 153 -1
155 62 154 30
156 35 153 -1
157 24 156 -1
158 40 157 -1
159 19 158 -1
160 136 159 22
161 139 158 -1
162 80 161 -1
163 43 162 -1
164 47 163 -1
165 150 164 25
166 12 147 -1
167 28 166 -1
168 54 105 -1
169 156 167 -1
170 168 169 17
171 15 53 -1
172 112 171 -1
173 131 166 -1
174 172 173 18
175 5 135 -1
176 30 161 -1
177 148 176 -1
178 78 177 -1
179 175 178 3
180 170 178 -1
181 114 180 -1
182 166 181 -1
183 3 86 -1
184 182 183 7
185 59 92 -1
186 65 174 -1
187 185 186 -1
188 69 187 -1
189 26 188 9
190 84 138 -1
191 183 190 -1
192 41 191 -1
193 114 148 -1
194 192 193 34
195 18 185 -1
196 10 14 -1
197 195 196 -1
198 190 197 23
199 24 74 -1
200 31 141 -1
201 81 199 -1
202 200 201 -1
203 193 202 35
204 29 186 -1
205 66 180 -1
206 150 205 -1
207 204 206 -1
208 20 207 10
209 174 204 -1
210 127 209 -1
211 60 210 -1
212 14 199 -1
213 211 212 1
214 34 179 -1
215 211 214 -1
216 135 215 5
217 21 212 -1
218 200 217 -1
219 147 216 -1
220 22 218 -1
221 219 220 2
222 27 184 -1
223 10 159 -1
224 222 223 -1
225 29 224 -1
226 146 225 27
227 34 59 -1
228 111 186 -1
229 189 228 -1
230 217 227 -1
231 229 230 0
232 96 167 -1
233 78 118 -1
234 75 232 -1
235 39 234 -1
236 233 235 31
