32 1 3 -1
33 9 17 -1
34 23 30 -1
35 25 32 -1
36 7 13 -1
37 33 34 -1
38 15 28 -1
39 35 36 -1
40 37 38 -1
41 39 40 11
42 0 29 -1
43 9 24 -1
44 30 43 -1
45 28 42 -1
46 41 44 -1
47 45 46 13
48 16 18 -1
49 4 28 -1
50 25 49 -1
51 40 48 -1
52 50 51 -1
53 47 52 19
54 19 21 -1
55 22 27 -1
56 35 55 -1
57 52 56 -1
58 54 57 -1
59 18 58 4
60 11 27 -1
61 5 19 -1
62 51 60 -1
63 9 62 -1
64 7 63 -1
65 61 64 22
66 20 58 -1
67 30 66 -1
68 64 67 -1
69 53 68 28
70 8 10 -1
71 12 70 -1
72 35 71 -1
73 6 72 -1
74 4 48 -1
75 24 74 -1
76 73 75 8
77 26 72 -1
78 16 37 -1
79 20 77 -1
80 78 79 2
81 31 45 -1
82 50 81 -1
83 34 82 -1
84 73 83 -1
85 8 21 -1
86 84 85 31
87 2 56 -1
88 12 87 -1
89 24 88 -1
90 13 89 -1
91 82 90 30
92 0 37 -1
93 61 70 -1
94 92 93 -1
95 87 94 -1
96 32 95 6
97 62 87 -1
98 14 97 -1
99 6 81 -1
100 98 99 -1
101 66 100 7
102 11 15 -1
103 36 102 -1
104 46 100 -1
105 103 104 -1
106 69 105 29
107 3 14 -1
108 5 107 -1
109 103 108 -1
110 30 109 -1
111 72 110 25
112 29 97 -1
113 38 43 -1
114 59 113 -1
115 85 114 -1
116 112 115 16
117 105 115 -1
118 93 117 -1
119 7 118 -1
120 57 119 17
121 60 96 -1
122 19 121 -1
123 98 118 -1
124 122 123 21
125 2 49 -1
126 111 119 -1
127 83 126 -1
128 125 127 -1
129 18 128 14
130 61 91 -1
131 21 130 -1
132 68 126 -1
133 131 132 5
134 95 102 -1
135 30 125 -1
136 114 134 -1
137 135 136 26
138 29 107 -1
139 48 77 -1
140 138 139 -1
141 33 140 -1
142 22 141 1
143 56 141 -1
144 17 79 -1
145 49 144 -1
146 143 145 -1
147 18 146 9
148 96 143 -1
149 82 148 -1
150 108 149 -1
151 7 150 12
152 77 113 -1
153 136 152 -1
154 149 153 -1
155 94 154 10
156 86 150 -1
157 9 101 -1
158 156 157 -1
159 27 158 3
160 44 144 -1
161 69 160 -1
162 122 161 -1
163 13 162 0
164 16 153 -1
165 85 143 -1
166 164 165 -1
167 62 166 -1
168 92 167 18
169 123 164 -1
170 64 169 -1
171 97 170 -1
172 34 162 -1
173 171 172 20
174 81 142 -1
175 61 109 -1
176 170 174 -1
177 175 176 23
178 29 157 -1
179 10 38 -1
180 176 178 -1
181 115 179 -1
182 180 181 27
183 140 161 -1
184 4 111 -1
185 183 184 -1
186 84 96 -1
187 185 186 24
188 1 153 -1
189 131 142 -1
190 60 188 -1
191 189 190 -1
192 13 191 15
