32 7 21 -1
33 9 11 -1
34 31 32 -1
35 4 34 -1
36 33 35 -1
37 2 36 11
38 3 27 -1
39 29 38 -1
40 5 39 -1
41 35 40 20
42 2 6 -1
43 39 42 -1
44 14 22 -1
45 43 44 12
46 23 25 -1
47 8 27 -1
48 9 46 -1
49 43 47 -1
50 48 49 18
51 12 24 -1
52 20 51 -1
53 6 32 -1
54 47 53 -1
55 52 54 31
56 0 16 -1
57 1 25 -1
58 19 51 -1
59 56 58 -1
60 57 59 9
61 7 28 -1
62 38 42 -1
63 58 62 -1
64 61 63 7
65 30 57 -1
66 5 65 -1
67 61 66 -1
68 9 67 10
69 17 24 -1
70 16 69 -1
71 6 70 -1
72 1 71 -1
73 48 72 23
74 8 21 -1
75 33 74 -1
76 71 75 25
77 12 22 -1
78 23 75 -1
79 16 77 -1
80 78 79 17
81 19 53 -1
82 69 81 -1
83 25 82 -1
84 5 83 19
85 29 56 -1
86 10 85 -1
87 81 86 -1
88 42 87 16
89 13 17 -1
90 30 89 -1
91 14 86 -1
92 90 91 29
93 46 66 -1
94 89 93 -1
95 77 94 -1
96 7 95 6
97 20 62 -1
98 13 18 -1
99 74 97 -1
100 98 99 3
101 8 10 -1
102 84 93 -1
103 101 102 -1
104 73 103 21
105 15 101 -1
106 0 105 -1
107 26 106 -1
108 57 107 15
109 1 103 -1
110 18 109 -1
111 55 110 -1
112 19 111 1
113 23 26 -1
114 31 85 -1
115 18 114 -1
116 113 115 13
117 3 113 -1
118 33 117 -1
119 47 118 -1
120 24 119 28
121 78 88 -1
122 50 97 -1
123 60 121 -1
124 122 123 4
125 52 110 -1
126 29 125 -1
127 83 126 -1
128 106 127 5
129 45 118 -1
130 10 37 -1
131 129 130 -1
132 41 131 27
133 13 27 -1
134 7 105 -1
135 133 134 -1
136 65 135 2
137 70 98 -1
138 95 137 -1
139 4 57 -1
140 51 138 -1
141 139 140 24
142 11 97 -1
143 45 142 -1
144 138 143 -1
145 128 144 8
146 9 24 -1
147 40 137 -1
148 27 146 -1
149 147 148 30
150 55 91 -1
151 106 143 -1
152 71 151 -1
153 150 152 22
154 74 137 -1
155 44 92 -1
156 107 155 -1
157 154 156 26
158 28 54 -1
159 100 158 -1
160 124 139 -1
161 159 160 -1
162 133 161 0
163 17 56 -1
164 14 31 -1
165 21 164 -1
166 25 163 -1
167 165 166 14
