52 39 46 -1
53 3 24 -1
54 26 30 -1
55 10 31 -1
56 44 53 -1
57 54 56 -1
58 52 55 -1
59 57 58 20
60 42 49 -1
61 1 9 -1
62 8 25 -1
63 52 60 -1
64 33 63 -1
65 61 64 -1
66 62 65 19
67 30 50 -1
68 22 23 -1
69 1 63 -1
70 67 69 -1
71 68 70 18
72 6 13 -1
73 35 72 -1
74 53 73 -1
75 25 37 -1
76 4 61 -1
77 74 75 -1
78 76 77 42
79 17 32 -1
80 50 79 -1
81 12 22 -1
82 74 81 -1
83 80 82 35
84 43 45 -1
85 19 49 -1
86 2 79 -1
87 85 86 -1
88 75 84 -1
89 87 88 25
90 7 24 -1
91 23 56 -1
92 42 91 -1
93 86 90 -1
94 1 93 -1
95 92 94 22
96 27 39 -1
97 34 41 -1
98 92 96 -1
99 45 97 -1
100 74 98 -1
101 99 100 2
102 5 49 -1
103 4 38 -1
104 33 102 -1
105 97 103 -1
106 56 104 -1
107 105 106 43
108 13 84 -1
109 8 108 -1
110 68 104 -1
111 36 110 -1
112 109 111 34
113 16 20 -1
114 36 102 -1
115 51 62 -1
116 2 113 -1
117 115 116 -1
118 114 117 17
119 30 34 -1
120 1 119 -1
121 0 32 -1
122 16 73 -1
123 120 121 -1
124 122 123 23
125 14 31 -1
126 20 28 -1
127 43 120 -1
128 115 126 -1
129 125 128 -1
130 127 129 8
131 16 41 -1
132 29 131 -1
133 47 132 -1
134 58 72 -1
135 133 134 -1
136 125 135 49
137 8 17 -1
138 9 132 -1
139 90 138 -1
140 54 139 -1
141 137 140 38
142 18 40 -1
143 26 142 -1
144 9 19 -1
145 7 144 -1
146 127 145 -1
147 143 146 31
148 8 50 -1
149 96 148 -1
150 116 149 -1
151 35 143 -1
152 150 151 0
153 45 46 -1
154 20 153 -1
155 149 154 -1
156 23 155 -1
157 134 156 44
158 5 15 -1
159 18 158 -1
160 38 144 -1
161 115 159 -1
162 31 161 -1
163 160 162 28
164 34 47 -1
165 17 164 -1
166 3 10 -1
167 85 165 -1
168 166 167 -1
169 142 168 16
170 0 29 -1
171 12 170 -1
172 54 171 -1
173 151 159 -1
174 172 173 -1
175 154 174 3
176 45 48 -1
177 8 42 -1
178 103 177 -1
179 126 176 -1
180 178 179 -1
181 55 180 45
182 19 21 -1
183 15 182 -1
184 41 183 -1
185 14 184 -1
186 178 185 14
187 46 67 -1
188 14 187 -1
189 2 165 -1
190 28 189 -1
191 188 190 -1
192 5 191 40
193 16 47 -1
194 40 188 -1
195 49 194 -1
196 53 193 -1
197 195 196 29
198 42 114 -1
199 4 28 -1
200 7 12 -1
201 164 199 -1
202 198 200 -1
203 201 202 36
204 14 138 -1
205 16 204 -1
206 84 205 -1
207 171 198 -1
208 206 207 12
209 49 51 -1
210 7 176 -1
211 6 46 -1
212 209 211 -1
213 170 210 -1
214 212 213 15
215 17 27 -1
216 155 215 -1
217 38 216 -1
218 109 217 -1
219 210 218 11
220 12 209 -1
221 125 220 -1
222 39 160 -1
223 221 222 -1
224 61 223 13
225 37 48 -1
226 33 205 -1
227 225 226 -1
228 76 227 -1
229 32 40 -1
230 228 229 39
231 13 41 -1
232 55 231 -1
233 67 232 -1
234 227 233 10
235 11 38 -1
236 131 200 -1
237 126 235 -1
238 10 23 -1
239 236 238 -1
240 237 239 26
241 25 26 -1
242 88 241 -1
243 21 24 -1
244 242 243 -1
245 28 244 -1
246 193 245 21
247 22 39 -1
248 6 247 -1
249 153 241 -1
250 47 248 -1
251 249 250 -1
252 158 251 41
253 31 121 -1
254 79 248 -1
255 183 254 -1
256 37 253 -1
257 255 256 51
258 42 80 -1
259 132 253 -1
260 45 259 -1
261 196 258 -1
262 260 261 1
263 93 125 -1
264 187 258 -1
265 84 263 -1
266 244 265 -1
267 264 266 47
268 35 41 -1
269 115 137 -1
270 63 268 -1
271 24 247 -1
272 269 270 -1
273 271 272 46
274 43 161 -1
275 40 68 -1
276 62 274 -1
277 275 276 -1
278 268 277 48
279 5 79 -1
280 184 235 -1
281 206 280 -1
282 109 222 -1
283 279 281 -1
284 282 283 4
285 11 212 -1
286 25 285 -1
287 123 286 -1
288 15 80 -1
289 70 288 -1
290 287 289 27
291 3 6 -1
292 42 131 -1
293 36 76 -1
294 291 292 -1
295 116 294 -1
296 293 295 37
297 14 63 -1
298 119 294 -1
299 136 176 -1
300 201 298 -1
301 299 300 -1
302 297 301 32
303 138 144 -1
304 40 298 -1
305 23 304 -1
306 98 303 -1
307 305 306 30
308 215 297 -1
309 86 248 -1
310 256 285 -1
311 309 310 -1
312 308 311 33
313 11 229 -1
314 44 93 -1
315 108 279 -1
316 313 315 -1
317 242 316 -1
318 314 317 6
319 5 48 -1
320 41 319 -1
321 23 143 -1
322 243 321 -1
323 320 322 -1
324 313 323 50
325 64 322 -1
326 98 169 -1
327 164 249 -1
328 325 327 -1
329 326 328 24
330 133 139 -1
331 42 330 -1
332 286 314 -1
333 48 332 -1
334 331 333 -1
335 272 334 7
336 156 221 -1
337 1 195 -1
338 238 337 -1
339 336 338 -1
340 76 181 -1
341 339 340 9
342 179 185 -1
343 153 243 -1
344 159 226 -1
345 342 344 -1
346 303 343 -1
347 345 346 5
