48 36 43 -1
49 40 47 -1
50 14 25 -1
51 12 48 -1
52 4 8 -1
53 50 52 -1
54 11 49 -1
55 29 53 -1
56 54 55 -1
57 51 56 21
58 2 17 -1
59 9 10 -1
60 28 53 -1
61 26 60 -1
62 35 58 -1
63 31 62 -1
64 61 63 -1
65 59 64 46
66 21 37 -1
67 22 43 -1
68 66 67 -1
69 20 47 -1
70 68 69 -1
71 61 70 35
72 0 39 -1
73 33 40 -1
74 8 72 -1
75 68 74 -1
76 28 59 -1
77 73 76 -1
78 75 77 25
79 7 19 -1
80 32 42 -1
81 35 37 -1
82 79 80 -1
83 26 81 -1
84 82 83 -1
85 75 84 33
86 34 36 -1
87 38 73 -1
88 32 86 -1
89 61 87 -1
90 18 88 -1
91 56 90 -1
92 89 91 23
93 16 33 -1
94 15 45 -1
95 50 93 -1
96 28 95 -1
97 3 96 -1
98 88 97 -1
99 94 98 20
100 5 48 -1
101 54 100 -1
102 24 68 -1
103 3 81 -1
104 101 102 -1
105 103 104 -1
106 7 105 17
107 18 27 -1
108 40 46 -1
109 107 108 -1
110 23 86 -1
111 101 109 -1
112 58 110 -1
113 111 112 12
114 5 17 -1
115 24 114 -1
116 80 115 -1
117 50 109 -1
118 116 117 22
119 6 35 -1
120 21 45 -1
121 70 120 -1
122 8 110 -1
123 119 121 -1
124 122 123 37
125 10 108 -1
126 51 102 -1
127 125 126 -1
128 66 121 -1
129 127 128 -1
130 38 129 31
131 16 42 -1
132 1 34 -1
133 0 131 -1
134 28 132 -1
135 126 134 -1
136 67 133 -1
137 135 136 39
138 25 31 -1
139 133 138 -1
140 102 139 -1
141 21 107 -1
142 140 141 13
143 15 44 -1
144 46 139 -1
145 88 144 -1
146 39 145 -1
147 143 146 43
148 62 119 -1
149 22 131 -1
150 3 149 -1
151 148 150 -1
152 87 151 -1
153 100 152 0
154 31 101 -1
155 150 154 -1
156 108 155 -1
157 106 156 -1
158 70 157 -1
159 84 158 14
160 1 41 -1
161 13 23 -1
162 154 161 -1
163 160 162 -1
164 40 163 -1
165 66 164 40
166 11 44 -1
167 136 155 -1
168 5 160 -1
169 167 168 -1
170 166 169 -1
171 109 170 15
172 14 15 -1
173 51 93 -1
174 148 173 -1
175 160 172 -1
176 131 174 -1
177 175 176 28
178 137 166 -1
179 7 39 -1
180 42 179 -1
181 178 180 -1
182 37 181 -1
183 173 182 18
184 34 115 -1
185 178 184 -1
186 13 131 -1
187 185 186 -1
188 163 187 41
189 49 138 -1
190 18 114 -1
191 120 190 -1
192 189 191 -1
193 143 162 -1
194 192 193 45
195 144 151 -1
196 5 157 -1
197 140 196 -1
198 195 197 -1
199 14 180 -1
200 198 199 30
201 52 132 -1
202 19 62 -1
203 86 202 -1
204 166 203 -1
205 175 204 -1
206 201 205 38
207 116 131 -1
208 71 127 -1
209 46 123 -1
210 65 208 -1
211 207 210 -1
212 209 211 9
213 30 47 -1
214 9 29 -1
215 14 213 -1
216 87 95 -1
217 215 216 -1
218 201 214 -1
219 217 218 27
220 90 215 -1
221 36 110 -1
222 72 220 -1
223 173 221 -1
224 222 223 34
225 55 80 -1
226 120 216 -1
227 27 74 -1
228 226 227 -1
229 7 225 -1
230 228 229 2
231 38 161 -1
232 4 231 -1
233 45 214 -1
234 19 233 -1
235 115 234 -1
236 232 235 19
237 2 30 -1
238 32 237 -1
239 231 238 -1
240 26 239 -1
241 226 240 -1
242 125 241 10
243 59 238 -1
244 31 72 -1
245 12 195 -1
246 243 245 -1
247 244 246 32
248 97 214 -1
249 185 248 -1
250 239 246 -1
251 165 250 -1
252 249 251 11
253 20 180 -1
254 29 44 -1
255 87 254 -1
256 131 238 -1
257 255 256 -1
258 253 257 24
259 51 79 -1
260 18 76 -1
261 254 259 -1
262 17 260 -1
263 261 262 -1
264 47 263 5
265 54 213 -1
266 9 168 -1
267 82 265 -1
268 77 266 -1
269 253 267 -1
270 268 269 29
271 4 41 -1
272 7 265 -1
273 271 272 -1
274 58 189 -1
275 125 273 -1
276 274 275 3
277 15 211 -1
278 206 271 -1
279 277 278 -1
280 101 279 -1
281 261 280 47
282 41 91 -1
283 221 282 -1
284 64 260 -1
285 169 239 -1
286 283 285 -1
287 284 286 26
288 142 231 -1
289 122 158 -1
290 259 289 -1
291 217 288 -1
292 86 291 -1
293 290 292 4
294 176 263 -1
295 243 283 -1
296 61 133 -1
297 101 294 -1
298 295 296 -1
299 297 298 1
300 12 201 -1
301 82 232 -1
302 3 300 -1
303 6 301 -1
304 86 302 -1
305 303 304 8
306 98 220 -1
307 186 202 -1
308 30 307 -1
309 152 308 -1
310 306 309 -1
311 117 310 44
312 15 69 -1
313 60 154 -1
314 86 273 -1
315 168 314 -1
316 312 315 -1
317 313 316 42
318 156 207 -1
319 272 290 -1
320 90 318 -1
321 63 320 -1
322 20 321 -1
323 319 322 36
324 46 117 -1
325 16 223 -1
326 255 266 -1
327 175 325 -1
328 324 327 -1
329 264 326 -1
330 328 329 6
331 13 18 -1
332 172 324 -1
333 12 332 -1
334 119 333 -1
335 233 331 -1
336 334 335 16
337 75 304 -1
338 240 242 -1
339 45 338 -1
340 40 339 -1
341 245 337 -1
342 340 341 -1
343 58 342 7
