44 25 41 -1
45 0 8 -1
46 18 43 -1
47 21 33 -1
48 9 44 -1
49 17 19 -1
50 7 38 -1
51 49 50 -1
52 46 47 -1
53 45 48 -1
54 52 53 -1
55 51 54 12
56 5 20 -1
57 11 12 -1
58 3 16 -1
59 23 30 -1
60 15 56 -1
61 57 60 -1
62 32 52 -1
63 58 59 -1
64 62 63 -1
65 61 64 41
66 24 29 -1
67 10 16 -1
68 28 67 -1
69 9 68 -1
70 51 66 -1
71 61 70 -1
72 69 71 3
73 36 40 -1
74 21 57 -1
75 43 73 -1
76 32 75 -1
77 6 71 -1
78 74 76 -1
79 77 78 10
80 0 26 -1
81 2 80 -1
82 6 81 -1
83 21 48 -1
84 56 83 -1
85 82 84 -1
86 63 85 31
87 4 35 -1
88 7 87 -1
89 45 58 -1
90 42 69 -1
91 1 89 -1
92 82 88 -1
93 90 92 -1
94 91 93 15
95 23 37 -1
96 5 24 -1
97 2 75 -1
98 95 96 -1
99 97 98 -1
100 91 99 13
101 27 40 -1
102 96 101 -1
103 11 102 -1
104 25 92 -1
105 8 103 -1
106 104 105 39
107 25 31 -1
108 33 107 -1
109 19 40 -1
110 108 109 -1
111 35 84 -1
112 110 111 -1
113 90 112 14
114 20 95 -1
115 39 67 -1
116 0 115 -1
117 13 114 -1
118 59 116 -1
119 117 118 -1
120 111 119 19
121 14 22 -1
122 28 74 -1
123 117 122 -1
124 73 123 -1
125 121 124 -1
126 80 125 32
127 3 36 -1
128 20 103 -1
129 49 124 -1
130 127 129 -1
131 26 128 -1
132 130 131 21
133 27 39 -1
134 66 133 -1
135 110 134 -1
136 64 135 -1
137 79 136 -1
138 127 137 4
139 2 44 -1
140 18 134 -1
141 19 140 -1
142 90 141 -1
143 139 142 33
144 38 128 -1
145 14 141 -1
146 108 144 -1
147 57 146 -1
148 4 145 -1
149 147 148 43
150 15 31 -1
151 109 145 -1
152 89 151 -1
153 50 152 -1
154 150 153 2
155 58 121 -1
156 107 147 -1
157 134 156 -1
158 155 157 -1
159 67 158 -1
160 87 159 28
161 152 157 -1
162 40 84 -1
163 69 161 -1
164 162 163 -1
165 62 164 0
166 22 56 -1
167 144 166 -1
168 102 159 -1
169 78 168 -1
170 44 169 -1
171 167 170 20
172 8 23 -1
173 158 172 -1
174 18 173 -1
175 56 174 -1
176 115 175 -1
177 154 176 18
178 28 100 -1
179 81 147 -1
180 178 179 -1
181 135 180 -1
182 175 181 17
183 10 24 -1
184 33 41 -1
185 183 184 -1
186 165 185 -1
187 173 186 -1
188 171 187 23
189 17 42 -1
190 77 166 -1
191 26 190 -1
192 104 191 -1
193 183 192 -1
194 189 193 27
195 46 191 -1
196 19 195 -1
197 37 88 -1
198 150 197 -1
199 196 198 1
200 7 172 -1
201 1 185 -1
202 66 201 -1
203 128 202 -1
204 200 203 -1
205 2 204 8
206 62 171 -1
207 152 206 -1
208 200 207 -1
209 97 208 -1
210 93 209 25
211 13 109 -1
212 189 211 -1
213 6 212 -1
214 0 213 -1
215 207 214 22
216 28 34 -1
217 64 216 -1
218 22 217 -1
219 41 218 -1
220 130 219 -1
221 211 220 38
222 114 216 -1
223 59 143 -1
224 55 223 -1
225 209 224 -1
226 222 225 34
227 50 61 -1
228 36 133 -1
229 11 227 -1
230 201 229 -1
231 179 230 -1
232 228 231 16
233 25 73 -1
234 89 227 -1
235 195 233 -1
236 234 235 -1
237 215 236 37
238 13 112 -1
239 32 216 -1
240 184 239 -1
241 3 240 -1
242 26 238 -1
243 241 242 42
244 43 81 -1
245 159 244 -1
246 238 245 -1
247 193 246 -1
248 74 247 29
249 0 230 -1
250 1 52 -1
251 148 246 -1
252 249 251 -1
253 250 252 -1
254 128 253 40
255 96 108 -1
256 202 255 -1
257 44 256 -1
258 225 249 -1
259 257 258 11
260 12 123 -1
261 35 103 -1
262 183 261 -1
263 219 262 -1
264 203 263 -1
265 260 264 6
266 228 249 -1
267 170 208 -1
268 178 266 -1
269 234 267 -1
270 268 269 -1
271 262 270 5
272 37 66 -1
273 60 82 -1
274 178 272 -1
275 47 273 -1
276 218 274 -1
277 275 276 24
278 123 130 -1
279 66 139 -1
280 83 87 -1
281 278 279 -1
282 280 281 -1
283 91 282 26
284 116 167 -1
285 16 255 -1
286 6 285 -1
287 54 261 -1
288 286 287 -1
289 284 288 30
290 220 260 -1
291 236 239 -1
292 45 210 -1
293 290 292 -1
294 9 291 -1
295 293 294 36
296 130 189 -1
297 61 163 -1
298 47 296 -1
299 23 297 -1
300 167 299 -1
301 298 300 9
302 59 138 -1
303 132 266 -1
304 94 302 -1
305 222 304 -1
306 113 303 -1
307 305 306 35
308 113 224 -1
309 32 308 -1
310 103 109 -1
311 139 310 -1
312 157 311 -1
313 197 312 -1
314 309 313 7
