48 14 38 -1
49 0 39 -1
50 6 20 -1
51 9 40 -1
52 48 49 -1
53 2 52 -1
54 50 51 -1
55 53 54 14
56 8 42 -1
57 32 36 -1
58 29 41 -1
59 56 57 -1
60 52 58 -1
61 59 60 42
62 15 44 -1
63 7 30 -1
64 13 25 -1
65 62 64 -1
66 63 65 -1
67 59 66 41
68 3 19 -1
69 17 23 -1
70 58 69 -1
71 4 70 -1
72 63 68 -1
73 71 72 20
74 21 33 -1
75 2 31 -1
76 74 75 -1
77 70 76 -1
78 56 77 29
79 11 24 -1
80 0 43 -1
81 19 79 -1
82 80 81 -1
83 10 82 -1
84 70 83 37
85 37 62 -1
86 36 85 -1
87 45 68 -1
88 47 80 -1
89 86 88 -1
90 87 89 30
91 4 5 -1
92 25 31 -1
93 48 91 -1
94 92 93 -1
95 88 94 22
96 10 28 -1
97 1 92 -1
98 19 41 -1
99 97 98 -1
100 96 99 -1
101 85 100 46
102 6 46 -1
103 13 87 -1
104 97 102 -1
105 43 103 -1
106 104 105 34
107 18 27 -1
108 23 24 -1
109 107 108 -1
110 12 85 -1
111 8 110 -1
112 109 111 15
113 39 102 -1
114 45 113 -1
115 53 114 -1
116 109 115 2
117 30 44 -1
118 5 49 -1
119 34 117 -1
120 47 118 -1
121 111 120 -1
122 119 121 28
123 7 46 -1
124 72 123 -1
125 96 103 -1
126 124 125 -1
127 118 126 23
128 27 42 -1
129 86 128 -1
130 2 29 -1
131 123 130 -1
132 129 131 43
133 24 119 -1
134 68 133 -1
135 21 134 -1
136 18 51 -1
137 135 136 26
138 4 45 -1
139 37 93 -1
140 9 138 -1
141 139 140 -1
142 129 141 24
143 38 50 -1
144 42 143 -1
145 19 144 -1
146 13 18 -1
147 91 146 -1
148 145 147 16
149 29 104 -1
150 64 145 -1
151 149 150 12
152 81 117 -1
153 146 152 -1
154 20 153 -1
155 9 154 -1
156 66 155 18
157 8 17 -1
158 107 157 -1
159 14 153 -1
160 4 159 -1
161 158 160 7
162 3 22 -1
163 36 162 -1
164 51 163 -1
165 42 164 -1
166 11 165 -1
167 74 166 13
168 21 38 -1
169 163 168 -1
170 39 169 -1
171 124 170 -1
172 40 171 17
173 25 34 -1
174 8 79 -1
175 168 173 -1
176 130 174 -1
177 175 176 21
178 16 98 -1
179 138 178 -1
180 32 134 -1
181 39 180 -1
182 34 181 -1
183 179 182 27
184 102 126 -1
185 133 173 -1
186 75 184 -1
187 185 186 -1
188 146 187 -1
189 109 188 31
190 86 186 -1
191 31 114 -1
192 81 190 -1
193 191 192 -1
194 154 193 45
195 10 65 -1
196 33 157 -1
197 138 187 -1
198 196 197 -1
199 195 198 38
200 22 48 -1
201 12 200 -1
202 32 201 -1
203 195 202 -1
204 44 203 19
205 30 106 -1
206 178 190 -1
207 110 205 -1
208 206 207 -1
209 3 208 4
210 44 47 -1
211 1 33 -1
212 3 26 -1
213 210 212 -1
214 179 213 -1
215 211 214 5
216 7 11 -1
217 50 162 -1
218 108 211 -1
219 216 217 -1
220 218 219 35
221 41 210 -1
222 90 180 -1
223 129 221 -1
224 25 222 -1
225 223 224 3
226 2 26 -1
227 9 12 -1
228 221 226 -1
229 45 228 -1
230 227 229 -1
231 56 230 36
232 31 143 -1
233 28 232 -1
234 216 233 -1
235 16 227 -1
236 234 235 25
237 35 158 -1
238 145 233 -1
239 237 238 -1
240 103 239 1
241 129 165 -1
242 62 241 -1
243 63 242 -1
244 213 243 -1
245 230 244 33
246 152 226 -1
247 46 185 -1
248 115 247 -1
249 246 248 -1
250 139 249 47
251 28 43 -1
252 35 221 -1
253 74 173 -1
254 252 253 -1
255 213 251 -1
256 254 255 40
257 102 107 -1
258 15 257 -1
259 5 258 -1
260 38 252 -1
261 259 260 9
262 22 40 -1
263 72 178 -1
264 42 251 -1
265 262 263 -1
266 264 265 39
267 13 200 -1
268 23 267 -1
269 35 268 -1
270 57 98 -1
271 34 270 -1
272 269 271 10
273 105 224 -1
274 67 271 -1
275 123 274 -1
276 252 275 -1
277 273 276 32
278 35 91 -1
279 94 276 -1
280 86 278 -1
281 171 280 -1
282 34 281 -1
283 279 282 11
284 14 268 -1
285 218 238 -1
286 151 284 -1
287 71 286 -1
288 113 287 -1
289 285 288 0
290 131 162 -1
291 43 54 -1
292 290 291 -1
293 243 278 -1
294 292 293 -1
295 113 294 6
296 34 196 -1
297 40 43 -1
298 226 296 -1
299 18 297 -1
300 15 298 -1
301 299 300 44
302 6 90 -1
303 236 302 -1
304 171 195 -1
305 186 303 -1
306 292 304 -1
307 305 306 8
