36 12 23 -1
37 3 22 -1
38 8 28 -1
39 7 20 -1
40 10 30 -1
41 36 38 -1
42 16 37 -1
43 39 41 -1
44 42 43 -1
45 40 44 16
46 6 29 -1
47 5 18 -1
48 30 32 -1
49 43 47 -1
50 46 49 -1
51 48 50 19
52 2 31 -1
53 8 13 -1
54 12 53 -1
55 46 54 -1
56 14 52 -1
57 44 55 -1
58 56 57 2
59 7 21 -1
60 1 37 -1
61 59 60 -1
62 4 55 -1
63 61 62 11
64 0 19 -1
65 29 34 -1
66 32 64 -1
67 41 66 -1
68 56 65 -1
69 67 68 20
70 4 24 -1
71 15 29 -1
72 67 70 -1
73 71 72 10
74 9 35 -1
75 3 49 -1
76 52 74 -1
77 10 38 -1
78 76 77 -1
79 59 75 -1
80 78 79 26
81 27 31 -1
82 16 17 -1
83 46 81 -1
84 1 83 -1
85 82 84 -1
86 74 85 -1
87 39 86 9
88 23 26 -1
89 8 88 -1
90 33 89 -1
91 78 90 -1
92 84 91 18
93 6 61 -1
94 47 65 -1
95 93 94 -1
96 35 95 -1
97 87 96 31
98 25 26 -1
99 15 98 -1
100 0 7 -1
101 99 100 -1
102 84 101 -1
103 3 102 17
104 35 36 -1
105 75 104 -1
106 81 105 -1
107 99 106 6
108 5 22 -1
109 2 108 -1
110 6 109 -1
111 7 110 -1
112 105 111 -1
113 68 112 28
114 23 33 -1
115 1 17 -1
116 64 115 -1
117 114 116 -1
118 111 117 14
119 40 106 -1
120 109 114 -1
121 100 120 -1
122 119 121 -1
123 49 122 8
124 11 19 -1
125 20 124 -1
126 77 109 -1
127 15 94 -1
128 126 127 -1
129 125 128 24
130 90 108 -1
131 70 130 -1
132 125 131 -1
133 54 132 25
134 14 33 -1
135 37 134 -1
136 94 135 -1
137 104 136 -1
138 124 137 1
139 4 9 -1
140 22 139 -1
141 88 140 -1
142 67 126 -1
143 141 142 -1
144 21 143 15
145 16 32 -1
146 35 135 -1
147 130 140 -1
148 145 146 -1
149 147 148 23
150 27 95 -1
151 11 71 -1
152 108 145 -1
153 151 152 -1
154 150 153 32
155 21 116 -1
156 146 155 -1
157 13 151 -1
158 29 156 -1
159 157 158 4
160 33 63 -1
161 101 160 -1
162 109 161 -1
163 155 162 -1
164 131 163 5
165 10 125 -1
166 79 150 -1
167 160 165 -1
168 166 167 34
169 31 139 -1
170 127 169 -1
171 26 28 -1
172 170 171 -1
173 50 172 21
174 133 147 -1
175 50 174 -1
176 39 175 -1
177 107 164 -1
178 176 177 12
179 0 136 -1
180 30 70 -1
181 12 46 -1
182 179 181 -1
183 152 182 -1
184 180 183 0
185 148 158 -1
186 8 185 -1
187 1 179 -1
188 186 187 -1
189 120 188 30
190 124 180 -1
191 69 156 -1
192 190 191 -1
193 91 192 -1
194 144 193 7
195 49 132 -1
196 186 193 -1
197 195 196 -1
198 155 197 -1
199 154 198 13
200 129 198 -1
201 8 12 -1
202 7 201 -1
203 200 202 -1
204 167 203 33
205 30 35 -1
206 21 205 -1
207 98 206 -1
208 124 195 -1
209 207 208 22
210 191 207 -1
211 11 29 -1
212 60 210 -1
213 211 212 -1
214 171 213 29
215 114 207 -1
216 180 215 -1
217 199 204 -1
218 178 216 -1
219 217 218 35
220 121 199 -1
221 141 210 -1
222 220 221 -1
223 63 222 -1
224 5 223 27
225 14 93 -1
226 83 220 -1
227 157 225 -1
228 219 226 -1
229 227 228 3
