36 17 20 -1
37 16 29 -1
38 1 18 -1
39 26 37 -1
40 33 39 -1
41 31 38 -1
42 36 40 -1
43 41 42 14
44 23 25 -1
45 7 34 -1
46 40 45 -1
47 44 46 -1
48 3 47 11
49 2 21 -1
50 10 49 -1
51 46 50 -1
52 11 51 20
53 34 35 -1
54 4 8 -1
55 53 54 -1
56 41 50 -1
57 55 56 25
58 10 19 -1
59 13 39 -1
60 11 59 -1
61 55 58 -1
62 60 61 6
63 6 32 -1
64 22 28 -1
65 44 64 -1
66 29 63 -1
67 65 66 -1
68 60 67 29
69 12 27 -1
70 18 65 -1
71 11 69 -1
72 41 71 -1
73 70 72 15
74 9 14 -1
75 6 26 -1
76 36 70 -1
77 74 75 -1
78 76 77 7
79 21 53 -1
80 1 30 -1
81 0 80 -1
82 42 79 -1
83 51 82 -1
84 81 83 16
85 8 24 -1
86 15 74 -1
87 16 17 -1
88 79 86 -1
89 87 88 -1
90 85 89 28
91 24 37 -1
92 89 91 -1
93 38 92 8
94 22 23 -1
95 33 91 -1
96 32 82 -1
97 95 96 -1
98 94 97 31
99 20 66 -1
100 58 95 -1
101 7 100 -1
102 99 101 -1
103 1 102 26
104 32 35 -1
105 31 104 -1
106 24 105 -1
107 87 106 -1
108 101 107 10
109 0 28 -1
110 10 85 -1
111 99 110 -1
112 38 111 -1
113 109 112 3
114 5 23 -1
115 53 114 -1
116 20 80 -1
117 115 116 -1
118 32 117 -1
119 88 118 34
120 19 28 -1
121 9 17 -1
122 114 121 -1
123 116 122 -1
124 120 123 17
125 3 120 -1
126 2 63 -1
127 69 126 -1
128 7 125 -1
129 127 128 12
130 58 114 -1
131 127 130 -1
132 85 131 0
133 57 93 -1
134 64 126 -1
135 111 125 -1
136 133 135 -1
137 134 136 35
138 27 121 -1
139 32 138 -1
140 26 130 -1
141 44 140 -1
142 139 141 9
143 59 138 -1
144 31 77 -1
145 94 144 -1
146 143 145 23
147 108 124 -1
148 133 147 -1
149 74 117 -1
150 90 149 -1
151 148 150 32
152 8 98 -1
153 47 70 -1
154 148 152 -1
155 153 154 1
156 25 37 -1
157 12 156 -1
158 35 157 -1
159 134 158 -1
160 76 159 5
161 17 54 -1
162 100 157 -1
163 30 161 -1
164 162 163 22
165 57 116 -1
166 105 165 -1
167 13 95 -1
168 111 166 -1
169 167 168 30
170 98 115 -1
171 110 170 -1
172 18 171 -1
173 91 172 -1
174 43 173 33
175 153 171 -1
176 75 167 -1
177 113 176 -1
178 175 177 27
179 7 161 -1
180 15 179 -1
181 12 180 -1
182 109 181 -1
183 31 182 13
184 121 181 -1
185 168 184 -1
186 18 88 -1
187 185 186 19
188 81 116 -1
189 110 188 -1
190 148 180 -1
191 174 190 -1
192 189 191 4
193 135 192 -1
194 109 193 -1
195 67 194 -1
196 32 195 -1
197 105 196 24
198 17 78 -1
199 57 141 -1
200 194 198 -1
201 199 200 21
202 189 197 -1
203 22 202 -1
204 7 150 -1
205 98 199 -1
206 204 205 -1
207 203 206 2
208 11 12 -1
209 21 81 -1
210 208 209 -1
211 203 210 18
