40 34 35 -1
41 10 25 -1
42 9 40 -1
43 17 41 -1
44 2 43 -1
45 42 44 12
46 14 27 -1
47 0 30 -1
48 26 46 -1
49 47 48 -1
50 40 49 13
51 4 8 -1
52 30 51 -1
53 12 33 -1
54 43 53 -1
55 52 54 37
56 7 29 -1
57 41 52 -1
58 56 57 -1
59 9 58 25
60 3 4 -1
61 14 47 -1
62 19 60 -1
63 61 62 -1
64 10 63 11
65 17 18 -1
66 16 20 -1
67 35 60 -1
68 65 66 -1
69 67 68 15
70 27 37 -1
71 8 70 -1
72 66 71 -1
73 56 72 16
74 13 21 -1
75 28 74 -1
76 0 32 -1
77 65 76 -1
78 75 77 14
79 2 39 -1
80 75 79 -1
81 67 80 -1
82 51 81 39
83 15 38 -1
84 6 19 -1
85 80 83 -1
86 84 85 7
87 25 29 -1
88 40 74 -1
89 1 88 -1
90 87 89 18
91 7 18 -1
92 9 21 -1
93 61 92 -1
94 33 93 -1
95 91 94 30
96 31 83 -1
97 0 3 -1
98 91 96 -1
99 97 98 19
100 14 23 -1
101 11 25 -1
102 2 101 -1
103 100 102 -1
104 91 103 17
105 92 102 -1
106 60 105 -1
107 24 106 26
108 32 39 -1
109 11 20 -1
110 103 108 -1
111 33 110 -1
112 109 111 20
113 5 36 -1
114 35 100 -1
115 87 114 -1
116 22 115 -1
117 113 116 34
118 6 65 -1
119 5 10 -1
120 23 51 -1
121 118 120 -1
122 119 121 38
123 33 38 -1
124 11 123 -1
125 114 118 -1
126 124 125 6
127 4 12 -1
128 2 123 -1
129 34 127 -1
130 128 129 -1
131 106 130 8
132 38 127 -1
133 42 120 -1
134 36 133 -1
135 132 134 36
136 15 29 -1
137 26 136 -1
138 0 137 -1
139 128 138 -1
140 10 139 22
141 15 19 -1
142 9 113 -1
143 0 142 -1
144 141 143 -1
145 37 144 10
146 28 39 -1
147 143 146 -1
148 17 23 -1
149 147 148 31
150 35 46 -1
151 17 141 -1
152 127 151 -1
153 150 152 29
154 28 109 -1
155 38 154 -1
156 137 155 -1
157 4 156 -1
158 31 157 4
159 24 154 -1
160 40 136 -1
161 5 160 -1
162 159 161 1
163 16 31 -1
164 37 101 -1
165 6 164 -1
166 119 165 -1
167 163 166 35
168 7 97 -1
169 155 164 -1
170 41 168 -1
171 169 170 23
172 84 146 -1
173 76 172 -1
174 168 173 -1
175 27 174 28
176 5 13 -1
177 62 108 -1
178 163 177 -1
179 176 178 5
180 30 176 -1
181 1 180 -1
182 71 119 -1
183 15 181 -1
184 182 183 24
185 11 75 -1
186 181 185 -1
187 172 186 27
188 22 24 -1
189 12 188 -1
190 30 172 -1
191 34 190 -1
192 189 191 2
193 6 46 -1
194 32 189 -1
195 20 194 -1
196 193 195 21
197 3 193 -1
198 13 22 -1
199 29 197 -1
200 198 199 -1
201 2 200 32
202 31 197 -1
203 14 202 -1
204 34 39 -1
205 41 204 -1
206 203 205 33
207 79 158 -1
208 18 140 -1
209 207 208 -1
210 21 159 -1
211 209 210 3
212 12 51 -1
213 75 212 -1
214 87 213 -1
215 169 214 -1
216 92 215 9
217 96 210 -1
218 1 119 -1
219 27 217 -1
220 113 219 -1
221 154 218 -1
222 220 221 0
