44 21 36 -1
45 13 39 -1
46 40 45 -1
47 37 42 -1
48 44 47 -1
49 46 48 12
50 15 20 -1
51 9 11 -1
52 46 51 -1
53 50 52 19
54 10 17 -1
55 26 43 -1
56 12 54 -1
57 55 56 -1
58 50 57 21
59 35 36 -1
60 31 59 -1
61 30 60 -1
62 56 61 17
63 29 31 -1
64 6 23 -1
65 0 63 -1
66 64 65 -1
67 47 66 13
68 7 34 -1
69 5 63 -1
70 68 69 -1
71 3 19 -1
72 70 71 18
73 27 41 -1
74 15 73 -1
75 70 74 25
76 23 24 -1
77 54 76 -1
78 57 74 -1
79 77 78 -1
80 16 79 4
81 20 41 -1
82 33 81 -1
83 77 82 -1
84 34 83 28
85 4 39 -1
86 6 85 -1
87 10 83 -1
88 86 87 0
89 17 81 -1
90 74 89 -1
91 35 90 -1
92 86 91 43
93 1 21 -1
94 25 93 -1
95 13 69 -1
96 60 95 -1
97 94 96 41
98 1 19 -1
99 29 98 -1
100 81 99 -1
101 96 100 34
102 23 68 -1
103 98 102 -1
104 27 103 -1
105 9 104 20
106 37 73 -1
107 8 40 -1
108 28 94 -1
109 106 107 -1
110 108 109 8
111 28 31 -1
112 3 32 -1
113 89 111 -1
114 9 112 -1
115 113 114 38
116 11 18 -1
117 12 30 -1
118 50 116 -1
119 117 118 -1
120 68 119 23
121 2 22 -1
122 106 117 -1
123 121 122 -1
124 35 123 36
125 26 45 -1
126 93 125 -1
127 121 126 -1
128 36 127 26
129 0 22 -1
130 8 129 -1
131 55 130 -1
132 34 131 -1
133 38 132 16
134 54 116 -1
135 3 134 -1
136 130 135 -1
137 21 136 3
138 11 15 -1
139 76 111 -1
140 42 71 -1
141 139 140 -1
142 138 141 7
143 43 59 -1
144 96 143 -1
145 138 144 -1
146 56 135 -1
147 145 146 37
148 10 19 -1
149 13 148 -1
150 36 149 -1
151 76 150 -1
152 106 151 6
153 12 104 -1
154 150 153 -1
155 68 154 -1
156 125 155 32
157 20 140 -1
158 8 157 -1
159 29 34 -1
160 149 159 -1
161 158 160 42
162 32 51 -1
163 7 24 -1
164 4 163 -1
165 44 164 -1
166 162 165 33
167 38 143 -1
168 9 19 -1
169 107 168 -1
170 167 169 -1
171 17 170 10
172 6 36 -1
173 167 172 -1
174 42 173 -1
175 162 174 35
176 26 64 -1
177 2 30 -1
178 9 20 -1
179 176 178 -1
180 177 179 15
181 148 163 -1
182 27 181 -1
183 139 176 -1
184 182 183 27
185 4 38 -1
186 13 185 -1
187 82 186 -1
188 107 178 -1
189 187 188 39
190 25 144 -1
191 65 186 -1
192 190 191 -1
193 14 192 24
194 125 185 -1
195 37 194 -1
196 11 16 -1
197 195 196 29
198 5 41 -1
199 32 198 -1
200 33 199 -1
201 8 200 -1
202 190 201 31
203 194 199 -1
204 187 203 -1
205 25 163 -1
206 204 205 2
207 12 181 -1
208 37 207 -1
209 129 208 -1
210 89 209 -1
211 83 210 22
212 72 77 -1
213 63 212 -1
214 207 213 -1
215 190 214 -1
216 147 215 11
217 104 213 -1
218 40 217 -1
219 135 218 14
220 39 131 -1
221 22 117 -1
222 214 220 -1
223 221 222 -1
224 133 223 30
225 42 220 -1
226 177 225 -1
227 127 226 -1
228 16 227 9
229 44 112 -1
230 43 229 -1
231 17 34 -1
232 40 231 -1
233 230 232 40
234 23 198 -1
235 42 100 -1
236 2 234 -1
237 235 236 -1
238 21 237 5
239 4 32 -1
240 19 65 -1
241 35 240 -1
242 28 239 -1
243 15 241 -1
244 242 243 1
