60 15 42 -1
61 34 35 -1
62 17 52 -1
63 48 60 -1
64 61 63 -1
65 62 64 16
66 23 47 -1
67 57 66 -1
68 7 40 -1
69 67 68 -1
70 61 69 24
71 34 59 -1
72 43 60 -1
73 71 72 -1
74 33 73 -1
75 5 74 27
76 44 57 -1
77 2 25 -1
78 72 77 -1
79 76 78 20
80 3 13 -1
81 21 32 -1
82 9 81 -1
83 80 82 -1
84 66 83 21
85 48 58 -1
86 10 30 -1
87 52 85 -1
88 80 86 -1
89 87 88 28
90 6 57 -1
91 18 90 -1
92 65 87 -1
93 73 91 -1
94 92 93 39
95 51 54 -1
96 29 34 -1
97 15 95 -1
98 90 96 -1
99 97 98 29
100 7 52 -1
101 22 100 -1
102 41 101 -1
103 18 95 -1
104 102 103 18
105 51 53 -1
106 32 49 -1
107 10 105 -1
108 101 106 -1
109 107 108 56
110 25 36 -1
111 20 110 -1
112 5 49 -1
113 105 111 -1
114 112 113 15
115 28 59 -1
116 18 111 -1
117 66 116 -1
118 77 117 -1
119 115 118 34
120 26 27 -1
121 63 120 -1
122 13 22 -1
123 110 122 -1
124 121 123 12
125 7 21 -1
126 2 125 -1
127 5 126 -1
128 17 127 -1
129 120 128 23
130 31 46 -1
131 42 130 -1
132 14 30 -1
133 126 132 -1
134 131 133 41
135 36 39 -1
136 100 135 -1
137 120 136 -1
138 46 137 -1
139 116 138 7
140 0 3 -1
141 37 140 -1
142 47 88 -1
143 42 142 -1
144 141 143 17
145 10 115 -1
146 27 141 -1
147 145 146 25
148 33 102 -1
149 55 90 -1
150 23 148 -1
151 7 149 -1
152 150 151 47
153 1 4 -1
154 6 153 -1
155 108 148 -1
156 42 154 -1
157 155 156 33
158 0 51 -1
159 18 50 -1
160 2 154 -1
161 158 160 -1
162 159 161 52
163 16 55 -1
164 5 163 -1
165 131 164 -1
166 159 165 51
167 28 160 -1
168 3 33 -1
169 167 168 -1
170 21 169 37
171 53 110 -1
172 43 135 -1
173 163 171 -1
174 172 173 -1
175 73 174 8
176 8 35 -1
177 172 176 -1
178 1 32 -1
179 37 178 -1
180 177 179 30
181 44 45 -1
182 26 56 -1
183 112 182 -1
184 178 181 -1
185 183 184 31
186 20 54 -1
187 153 186 -1
188 16 17 -1
189 23 188 -1
190 187 189 22
191 24 49 -1
192 135 156 -1
193 187 191 -1
194 192 193 49
195 33 41 -1
196 50 195 -1
197 125 176 -1
198 196 197 -1
199 54 198 40
200 8 44 -1
201 21 200 -1
202 10 60 -1
203 182 201 -1
204 202 203 32
205 36 95 -1
206 55 177 -1
207 81 206 -1
208 158 205 -1
209 207 208 0
210 12 37 -1
211 24 40 -1
212 62 211 -1
213 171 212 -1
214 210 213 6
215 38 191 -1
216 29 57 -1
217 1 215 -1
218 158 216 -1
219 217 218 59
220 17 44 -1
221 211 215 -1
222 13 115 -1
223 221 222 -1
224 220 223 38
225 46 220 -1
226 55 225 -1
227 42 210 -1
228 28 226 -1
229 227 228 46
230 9 47 -1
231 15 230 -1
232 225 231 -1
233 71 232 -1
234 52 233 9
235 19 39 -1
236 110 235 -1
237 50 236 -1
238 61 237 -1
239 230 238 10
240 17 41 -1
241 12 38 -1
242 91 240 -1
243 241 242 -1
244 226 243 3
245 200 240 -1
246 19 245 -1
247 2 205 -1
248 246 247 4
249 3 112 -1
250 123 222 -1
251 141 208 -1
252 250 251 -1
253 249 252 45
254 11 235 -1
255 249 254 -1
256 31 164 -1
257 255 256 -1
258 188 257 43
259 16 47 -1
260 105 195 -1
261 259 260 -1
262 56 261 -1
263 48 262 54
264 14 39 -1
265 57 264 -1
266 20 85 -1
267 231 266 -1
268 265 267 1
269 9 51 -1
270 12 269 -1
271 8 41 -1
272 270 271 -1
273 265 272 42
274 48 96 -1
275 49 274 -1
276 254 275 -1
277 71 276 -1
278 23 277 57
279 13 181 -1
280 11 269 -1
281 107 280 -1
282 279 281 -1
283 48 282 50
284 10 91 -1
285 256 284 -1
286 24 151 -1
287 285 286 -1
288 259 287 19
289 23 279 -1
290 39 289 -1
291 27 290 -1
292 42 291 -1
293 61 292 2
294 188 266 -1
295 56 163 -1
296 12 274 -1
297 294 295 -1
298 296 297 55
299 50 225 -1
300 24 43 -1
301 181 300 -1
302 29 30 -1
303 299 301 -1
304 302 303 35
305 39 254 -1
306 3 130 -1
307 300 305 -1
308 32 307 -1
309 306 308 58
310 19 76 -1
311 183 310 -1
312 129 299 -1
313 126 312 -1
314 311 313 26
315 38 52 -1
316 51 59 -1
317 50 315 -1
318 316 317 -1
319 27 318 -1
320 218 319 44
321 14 197 -1
322 16 22 -1
323 201 321 -1
324 316 323 -1
325 322 324 53
326 105 321 -1
327 315 326 -1
328 206 280 -1
329 172 327 -1
330 328 329 13
331 97 133 -1
332 34 331 -1
333 326 332 -1
334 92 333 -1
335 1 334 5
336 45 105 -1
337 57 158 -1
338 322 337 -1
339 336 338 -1
340 31 339 -1
341 235 340 11
342 46 125 -1
343 61 321 -1
344 25 342 -1
345 158 343 -1
346 47 344 -1
347 345 346 36
348 4 41 -1
349 43 132 -1
350 11 27 -1
351 348 349 -1
352 35 350 -1
353 351 352 48
354 33 54 -1
355 305 336 -1
356 26 38 -1
357 354 355 -1
358 356 357 -1
359 316 358 14
