54 7 30 -1
55 35 40 -1
56 1 16 -1
57 46 54 -1
58 55 56 -1
59 57 58 22
60 49 50 -1
61 57 60 -1
62 11 42 -1
63 29 62 -1
64 61 63 30
65 47 53 -1
66 5 8 -1
67 54 65 -1
68 66 67 -1
69 18 68 14
70 24 40 -1
71 21 36 -1
72 70 71 -1
73 41 72 -1
74 66 73 20
75 4 39 -1
76 44 49 -1
77 65 76 -1
78 26 77 -1
79 75 78 16
80 23 51 -1
81 3 5 -1
82 50 80 -1
83 75 81 -1
84 82 83 18
85 30 35 -1
86 34 46 -1
87 76 86 -1
88 85 87 -1
89 82 88 6
90 24 42 -1
91 6 85 -1
92 61 91 -1
93 90 92 41
94 3 38 -1
95 0 94 -1
96 90 95 -1
97 17 96 -1
98 75 97 47
99 12 47 -1
100 5 51 -1
101 95 99 -1
102 100 101 23
103 48 87 -1
104 2 39 -1
105 94 103 -1
106 104 105 1
107 13 32 -1
108 27 55 -1
109 11 71 -1
110 107 109 -1
111 108 110 31
112 10 44 -1
113 7 19 -1
114 48 112 -1
115 113 114 -1
116 109 115 49
117 12 112 -1
118 42 117 -1
119 18 31 -1
120 104 119 -1
121 118 120 36
122 32 45 -1
123 2 122 -1
124 118 123 -1
125 38 124 50
126 9 28 -1
127 7 126 -1
128 38 70 -1
129 127 128 -1
130 16 129 25
131 25 34 -1
132 31 127 -1
133 2 52 -1
134 131 132 -1
135 133 134 46
136 44 103 -1
137 1 136 -1
138 113 137 -1
139 132 138 8
140 25 85 -1
141 14 43 -1
142 36 141 -1
143 113 140 -1
144 142 143 44
145 0 35 -1
146 16 145 -1
147 122 142 -1
148 146 147 35
149 4 14 -1
150 53 149 -1
151 108 150 -1
152 34 151 -1
153 28 152 48
154 18 62 -1
155 22 154 -1
156 27 38 -1
157 140 155 -1
158 156 157 12
159 20 52 -1
160 117 159 -1
161 155 160 2
162 15 99 -1
163 46 50 -1
164 40 163 -1
165 162 164 -1
166 156 165 42
167 27 42 -1
168 10 167 -1
169 52 162 -1
170 168 169 -1
171 23 170 38
172 16 25 -1
173 18 172 -1
174 150 168 -1
175 173 174 3
176 8 94 -1
177 19 107 -1
178 172 177 -1
179 176 178 52
180 9 20 -1
181 25 180 -1
182 39 181 -1
183 50 182 -1
184 178 183 28
185 13 70 -1
186 51 185 -1
187 181 186 -1
188 31 187 39
189 4 11 -1
190 13 29 -1
191 180 190 -1
192 100 189 -1
193 191 192 32
194 17 191 -1
195 183 194 -1
196 5 195 -1
197 104 196 19
198 37 114 -1
199 118 198 -1
200 17 36 -1
201 162 199 -1
202 200 201 21
203 45 199 -1
204 1 203 -1
205 8 204 -1
206 20 205 40
207 23 26 -1
208 21 207 -1
209 131 208 -1
210 45 209 -1
211 189 210 53
212 14 42 -1
213 203 212 -1
214 6 13 -1
215 52 214 -1
216 213 215 34
217 22 51 -1
218 137 213 -1
219 87 218 -1
220 217 219 51
221 20 191 -1
222 23 131 -1
223 19 222 -1
224 47 221 -1
225 223 224 43
226 33 40 -1
227 14 226 -1
228 214 227 -1
229 221 228 -1
230 25 229 17
231 54 226 -1
232 12 231 -1
233 122 232 -1
234 189 233 9
235 32 41 -1
236 43 235 -1
237 131 136 -1
238 236 237 -1
239 27 238 27
240 25 217 -1
241 28 240 -1
242 15 235 -1
243 35 242 -1
244 241 243 37
245 17 45 -1
246 8 245 -1
247 241 246 -1
248 23 247 26
249 37 236 -1
250 107 249 -1
251 76 112 -1
252 250 251 -1
253 47 252 13
254 52 56 -1
255 29 41 -1
256 3 255 -1
257 254 256 -1
258 34 257 15
259 11 207 -1
260 58 133 -1
261 10 260 -1
262 259 261 -1
263 40 262 11
264 16 33 -1
265 47 264 -1
266 14 265 -1
267 30 266 -1
268 245 267 24
269 17 53 -1
270 167 177 -1
271 214 269 -1
272 46 270 -1
273 271 272 33
274 41 133 -1
275 176 274 -1
276 125 160 -1
277 119 276 -1
278 275 277 5
279 117 149 -1
280 46 124 -1
281 26 280 -1
282 277 279 -1
283 281 282 10
284 41 279 -1
285 7 174 -1
286 284 285 -1
287 90 286 -1
288 25 287 45
289 202 224 -1
290 250 289 -1
291 73 290 -1
292 90 291 -1
293 126 292 29
294 141 143 -1
295 25 185 -1
296 44 294 -1
297 9 231 -1
298 295 296 -1
299 297 298 4
300 67 170 -1
301 175 204 -1
302 300 301 -1
303 49 268 -1
304 302 303 -1
305 202 304 0
306 22 264 -1
307 37 46 -1
308 6 307 -1
309 306 308 -1
310 56 259 -1
311 309 310 7
