58 17 47 -1
59 9 16 -1
60 7 58 -1
61 14 46 -1
62 60 61 -1
63 59 62 22
64 26 36 -1
65 20 53 -1
66 23 61 -1
67 64 65 -1
68 66 67 19
69 43 64 -1
70 60 69 -1
71 6 70 -1
72 45 71 46
73 9 24 -1
74 4 17 -1
75 22 74 -1
76 73 75 -1
77 69 76 51
78 38 54 -1
79 19 52 -1
80 78 79 -1
81 75 80 25
82 0 30 -1
83 39 82 -1
84 40 78 -1
85 29 83 -1
86 84 85 20
87 10 53 -1
88 19 67 -1
89 87 88 -1
90 83 89 42
91 13 47 -1
92 22 91 -1
93 51 87 -1
94 92 93 -1
95 59 94 44
96 2 37 -1
97 11 45 -1
98 40 93 -1
99 97 98 -1
100 96 99 34
101 36 48 -1
102 10 32 -1
103 98 102 -1
104 101 103 -1
105 44 104 17
106 6 21 -1
107 36 38 -1
108 92 107 -1
109 106 108 -1
110 30 109 29
111 10 17 -1
112 13 84 -1
113 111 112 -1
114 106 113 30
115 3 28 -1
116 65 96 -1
117 25 116 -1
118 115 117 -1
119 50 118 38
120 35 53 -1
121 55 69 -1
122 120 121 -1
123 101 122 -1
124 23 123 14
125 34 38 -1
126 15 125 -1
127 97 120 -1
128 126 127 24
129 17 26 -1
130 31 129 -1
131 82 130 -1
132 121 131 -1
133 3 132 48
134 14 28 -1
135 64 134 -1
136 73 135 -1
137 32 136 -1
138 130 137 56
139 12 18 -1
140 52 139 -1
141 125 140 -1
142 1 141 -1
143 37 142 18
144 22 46 -1
145 73 126 -1
146 144 145 -1
147 141 146 57
148 12 51 -1
149 0 79 -1
150 148 149 -1
151 23 150 -1
152 129 151 35
153 20 55 -1
154 19 59 -1
155 97 154 -1
156 0 153 -1
157 155 156 36
158 33 55 -1
159 5 154 -1
160 2 115 -1
161 159 160 -1
162 158 161 10
163 26 29 -1
164 13 30 -1
165 15 163 -1
166 158 165 -1
167 164 166 21
168 27 134 -1
169 34 164 -1
170 60 168 -1
171 169 170 2
172 56 160 -1
173 41 57 -1
174 45 172 -1
175 26 174 -1
176 173 175 37
177 49 51 -1
178 4 102 -1
179 172 178 -1
180 3 177 -1
181 179 180 40
182 2 27 -1
183 48 182 -1
184 177 183 -1
185 43 184 -1
186 10 185 15
187 18 42 -1
188 135 187 -1
189 163 188 -1
190 183 189 9
191 7 39 -1
192 14 37 -1
193 178 191 -1
194 55 193 -1
195 192 194 52
196 7 11 -1
197 34 163 -1
198 35 197 -1
199 144 196 -1
200 198 199 55
201 12 96 -1
202 6 197 -1
203 22 202 -1
204 201 203 47
205 29 58 -1
206 3 205 -1
207 34 43 -1
208 187 207 -1
209 206 208 50
210 37 52 -1
211 205 210 -1
212 54 101 -1
213 211 212 54
214 50 206 -1
215 24 153 -1
216 17 214 -1
217 215 216 27
218 1 43 -1
219 4 139 -1
220 65 218 -1
221 8 219 -1
222 220 221 45
223 196 201 -1
224 16 223 -1
225 219 224 -1
226 38 225 53
227 191 218 -1
228 15 57 -1
229 227 228 -1
230 5 229 26
231 96 107 -1
232 210 231 -1
233 184 232 -1
234 104 233 -1
235 91 234 13
236 9 50 -1
237 41 236 -1
238 159 237 -1
239 46 238 -1
240 18 239 23
241 0 106 -1
242 182 241 -1
243 38 242 -1
244 237 243 11
245 116 182 -1
246 19 56 -1
247 21 245 -1
248 246 247 -1
249 12 248 28
250 5 246 -1
251 79 250 -1
252 24 129 -1
253 53 251 -1
254 252 253 16
255 31 158 -1
256 24 41 -1
257 66 256 -1
258 35 257 -1
259 255 258 1
260 9 37 -1
261 223 256 -1
262 25 191 -1
263 261 262 -1
264 260 263 33
265 24 42 -1
266 117 265 -1
267 120 177 -1
268 266 267 -1
269 201 268 41
270 38 260 -1
271 8 43 -1
272 28 271 -1
273 270 272 -1
274 149 273 6
275 28 53 -1
276 194 255 -1
277 275 276 -1
278 6 179 -1
279 277 278 3
280 48 250 -1
281 215 280 -1
282 25 135 -1
283 89 282 -1
284 281 283 5
285 7 53 -1
286 18 285 -1
287 0 231 -1
288 27 287 -1
289 286 288 12
290 36 178 -1
291 87 290 -1
292 245 291 -1
293 41 292 -1
294 196 293 8
295 5 50 -1
296 20 47 -1
297 21 296 -1
298 232 297 -1
299 295 298 -1
300 38 299 39
301 2 44 -1
302 15 301 -1
303 14 148 -1
304 296 302 -1
305 303 304 32
306 23 31 -1
307 207 265 -1
308 302 306 -1
309 307 308 7
310 4 30 -1
311 54 310 -1
312 18 295 -1
313 158 312 -1
314 311 313 43
315 23 54 -1
316 15 16 -1
317 297 316 -1
318 205 317 -1
319 315 318 31
320 1 44 -1
321 306 316 -1
322 320 321 -1
323 22 228 -1
324 51 323 -1
325 322 324 49
326 26 295 -1
327 49 326 -1
328 7 320 -1
329 327 328 -1
330 78 329 4
331 50 85 -1
332 42 331 -1
333 28 44 -1
334 332 333 -1
335 310 334 -1
336 45 335 0
