62 23 50 -1
63 27 33 -1
64 12 62 -1
65 19 64 -1
66 16 63 -1
67 65 66 19
68 11 36 -1
69 32 60 -1
70 44 64 -1
71 68 70 -1
72 69 71 53
73 35 38 -1
74 29 59 -1
75 61 74 -1
76 69 75 -1
77 73 76 17
78 17 24 -1
79 39 78 -1
80 14 37 -1
81 79 80 -1
82 63 81 15
83 13 49 -1
84 0 62 -1
85 43 83 -1
86 16 85 -1
87 55 84 -1
88 86 87 30
89 5 25 -1
90 19 61 -1
91 57 90 -1
92 84 89 -1
93 91 92 41
94 24 47 -1
95 13 94 -1
96 7 95 -1
97 68 96 -1
98 89 97 33
99 28 48 -1
100 90 94 -1
101 99 100 -1
102 58 101 20
103 19 34 -1
104 78 95 -1
105 38 104 -1
106 3 103 -1
107 105 106 24
108 25 105 -1
109 26 57 -1
110 85 109 -1
111 108 110 55
112 10 47 -1
113 42 112 -1
114 108 113 -1
115 86 114 31
116 19 37 -1
117 32 116 -1
118 74 112 -1
119 117 118 -1
120 43 119 54
121 14 26 -1
122 29 121 -1
123 10 122 -1
124 31 106 -1
125 123 124 52
126 116 123 -1
127 5 126 -1
128 44 127 -1
129 0 128 8
130 53 121 -1
131 3 6 -1
132 5 58 -1
133 131 132 -1
134 130 133 18
135 15 43 -1
136 110 135 -1
137 130 136 -1
138 68 137 50
139 33 54 -1
140 80 130 -1
141 17 139 -1
142 140 141 -1
143 103 142 40
144 17 20 -1
145 55 144 -1
146 50 145 -1
147 29 146 -1
148 132 147 16
149 25 41 -1
150 7 149 -1
151 45 150 -1
152 145 151 -1
153 31 152 42
154 56 60 -1
155 9 150 -1
156 35 154 -1
157 155 156 27
158 31 154 -1
159 131 158 -1
160 15 159 -1
161 75 160 12
162 36 41 -1
163 35 83 -1
164 99 162 -1
165 96 163 -1
166 164 165 1
167 12 58 -1
168 43 167 -1
169 155 162 -1
170 18 168 -1
171 169 170 47
172 8 54 -1
173 140 172 -1
174 41 173 -1
175 22 50 -1
176 174 175 39
177 13 21 -1
178 39 48 -1
179 68 139 -1
180 177 179 -1
181 178 180 43
182 116 124 -1
183 177 182 -1
184 12 183 -1
185 52 184 61
186 4 20 -1
187 178 186 -1
188 23 83 -1
189 54 187 -1
190 188 189 34
191 30 46 -1
192 11 21 -1
193 191 192 -1
194 149 193 -1
195 38 194 29
196 22 32 -1
197 167 191 -1
198 196 197 -1
199 0 198 23
200 36 44 -1
201 164 200 -1
202 42 141 -1
203 201 202 -1
204 1 203 9
205 18 54 -1
206 28 205 -1
207 52 206 -1
208 103 207 -1
209 55 208 25
210 15 205 -1
211 62 210 -1
212 200 211 -1
213 10 212 35
214 3 162 -1
215 15 214 -1
216 61 215 -1
217 7 216 -1
218 186 217 60
219 11 26 -1
220 19 23 -1
221 49 220 -1
222 214 219 -1
223 221 222 49
224 117 219 -1
225 22 42 -1
226 224 225 -1
227 52 226 51
228 45 47 -1
229 64 146 -1
230 228 229 -1
231 186 230 -1
232 35 231 59
233 2 27 -1
234 36 233 -1
235 37 228 -1
236 53 234 -1
237 235 236 22
238 29 45 -1
239 1 238 -1
240 234 239 -1
241 116 240 48
242 51 220 -1
243 17 28 -1
244 85 243 -1
245 117 244 -1
246 242 245 6
247 42 79 -1
248 32 242 -1
249 103 248 -1
250 247 249 -1
251 30 250 3
252 2 57 -1
253 18 247 -1
254 9 252 -1
255 94 253 -1
256 254 255 38
257 51 252 -1
258 29 257 -1
259 47 52 -1
260 7 258 -1
261 259 260 21
262 43 233 -1
263 48 258 -1
264 42 262 -1
265 263 264 26
266 8 56 -1
267 40 83 -1
268 266 267 -1
269 30 131 -1
270 268 269 45
271 21 34 -1
272 39 58 -1
273 271 272 -1
274 8 135 -1
275 61 274 -1
276 273 275 58
277 184 273 -1
278 16 277 -1
279 36 278 5
280 3 33 -1
281 271 280 -1
282 15 243 -1
283 266 281 -1
284 282 283 11
285 0 11 -1
286 14 280 -1
287 35 286 -1
288 285 287 -1
289 59 288 28
290 49 78 -1
291 141 269 -1
292 137 286 -1
293 291 292 -1
294 290 293 56
295 12 85 -1
296 61 175 -1
297 46 290 -1
298 295 296 -1
299 297 298 0
300 4 48 -1
301 281 285 -1
302 184 301 -1
303 13 300 -1
304 302 303 44
305 49 59 -1
306 172 206 -1
307 21 31 -1
308 109 305 -1
309 306 308 -1
310 307 309 14
311 4 274 -1
312 266 305 -1
313 47 312 -1
314 297 313 -1
315 311 314 2
316 30 144 -1
317 1 2 -1
318 0 316 -1
319 73 317 -1
320 318 319 -1
321 7 320 10
322 63 316 -1
323 69 141 -1
324 262 323 -1
325 322 324 -1
326 37 325 37
327 40 48 -1
328 23 25 -1
329 47 327 -1
330 9 328 -1
331 249 329 -1
332 330 331 32
333 14 17 -1
334 305 333 -1
335 40 334 -1
336 58 335 -1
337 10 336 -1
338 34 337 36
339 21 58 -1
340 46 52 -1
341 238 339 -1
342 44 341 -1
343 23 342 -1
344 340 343 57
345 24 32 -1
346 35 46 -1
347 57 327 -1
348 5 346 -1
349 347 348 -1
350 345 349 46
351 53 73 -1
352 48 192 -1
353 56 351 -1
354 352 353 -1
355 22 354 -1
356 51 355 4
357 13 61 -1
358 121 357 -1
359 5 42 -1
360 9 73 -1
361 358 359 -1
362 360 361 13
363 63 280 -1
364 172 295 -1
365 32 363 -1
366 11 364 -1
367 365 366 -1
368 267 367 7
