38 26 36 -1
39 21 22 -1
40 16 24 -1
41 38 39 -1
42 12 40 -1
43 14 41 -1
44 9 42 -1
45 43 44 15
46 10 30 -1
47 8 20 -1
48 43 47 -1
49 46 48 -1
50 4 49 23
51 15 29 -1
52 3 51 -1
53 2 46 -1
54 20 39 -1
55 52 53 -1
56 54 55 9
57 7 31 -1
58 0 57 -1
59 28 34 -1
60 52 58 -1
61 40 60 -1
62 59 61 27
63 6 28 -1
64 22 63 -1
65 26 64 -1
66 46 57 -1
67 18 66 -1
68 65 67 16
69 19 35 -1
70 32 42 -1
71 6 69 -1
72 66 70 -1
73 71 72 7
74 30 51 -1
75 4 40 -1
76 74 75 -1
77 71 76 -1
78 65 77 5
79 34 37 -1
80 19 41 -1
81 75 80 -1
82 70 79 -1
83 81 82 30
84 23 29 -1
85 76 84 -1
86 22 58 -1
87 85 86 -1
88 81 87 22
89 17 61 -1
90 5 28 -1
91 89 90 -1
92 85 91 1
93 11 21 -1
94 14 93 -1
95 19 94 -1
96 2 95 -1
97 88 96 6
98 24 64 -1
99 67 74 -1
100 89 98 -1
101 2 100 -1
102 99 101 25
103 33 80 -1
104 98 103 -1
105 21 29 -1
106 104 105 -1
107 7 106 17
108 5 13 -1
109 27 108 -1
110 106 109 -1
111 6 110 18
112 35 37 -1
113 23 112 -1
114 26 113 -1
115 104 114 26
116 0 11 -1
117 20 116 -1
118 16 117 -1
119 72 99 -1
120 118 119 36
121 31 105 -1
122 84 121 -1
123 1 122 -1
124 10 123 -1
125 118 124 12
126 17 32 -1
127 27 126 -1
128 53 127 -1
129 84 128 -1
130 59 129 21
131 2 15 -1
132 19 25 -1
133 128 131 -1
134 36 133 -1
135 132 134 13
136 40 114 -1
137 131 136 -1
138 20 137 -1
139 18 138 33
140 5 94 -1
141 15 98 -1
142 8 140 -1
143 141 142 -1
144 0 143 2
145 52 140 -1
146 121 145 -1
147 34 146 -1
148 69 147 14
149 122 127 -1
150 71 114 -1
151 83 103 -1
152 149 151 -1
153 150 152 4
154 12 26 -1
155 7 108 -1
156 116 155 -1
157 154 156 -1
158 75 157 37
159 10 89 -1
160 9 159 -1
161 93 160 -1
162 72 161 -1
163 15 162 20
164 21 25 -1
165 101 164 -1
166 9 165 -1
167 145 166 -1
168 156 167 3
169 33 109 -1
170 93 149 -1
171 37 169 -1
172 30 170 -1
173 171 172 34
174 107 154 -1
175 41 141 -1
176 5 174 -1
177 1 176 -1
178 175 177 28
179 68 164 -1
180 102 179 -1
181 37 180 -1
182 139 181 -1
183 87 182 24
184 11 86 -1
185 33 160 -1
186 44 185 -1
187 147 186 -1
188 184 187 31
189 99 186 -1
190 156 189 -1
191 124 149 -1
192 190 191 -1
193 7 192 8
194 19 24 -1
195 8 30 -1
196 194 195 -1
197 9 117 -1
198 79 196 -1
199 197 198 29
200 72 196 -1
201 27 200 -1
202 86 201 11
203 30 105 -1
204 13 95 -1
205 203 204 -1
206 49 112 -1
207 54 206 -1
208 205 207 32
209 60 198 -1
210 203 209 -1
211 190 210 -1
212 153 211 -1
213 158 212 10
214 117 205 -1
215 1 214 -1
216 164 215 -1
217 17 216 -1
218 121 217 35
219 14 210 -1
220 137 214 -1
221 219 220 -1
222 181 221 0
223 83 181 -1
224 84 92 -1
225 132 166 -1
226 223 224 -1
227 225 226 -1
228 186 227 19
