36 4 12 -1
37 23 28 -1
38 24 32 -1
39 37 38 -1
40 15 39 -1
41 36 40 10
42 9 17 -1
43 12 25 -1
44 39 43 -1
45 42 44 35
46 6 29 -1
47 13 46 -1
48 21 36 -1
49 47 48 -1
50 8 49 11
51 2 19 -1
52 9 48 -1
53 0 52 -1
54 51 53 15
55 22 23 -1
56 47 51 -1
57 55 56 -1
58 43 57 5
59 5 55 -1
60 1 19 -1
61 59 60 -1
62 6 61 -1
63 17 62 14
64 3 7 -1
65 37 64 -1
66 10 22 -1
67 12 66 -1
68 65 67 16
69 2 31 -1
70 47 65 -1
71 69 70 2
72 18 34 -1
73 20 72 -1
74 15 66 -1
75 51 74 -1
76 73 75 24
77 27 35 -1
78 6 31 -1
79 42 77 -1
80 20 78 -1
81 79 80 9
82 7 26 -1
83 12 79 -1
84 82 83 12
85 21 34 -1
86 52 85 -1
87 78 86 -1
88 82 87 21
89 4 8 -1
90 14 35 -1
91 3 90 -1
92 59 89 -1
93 91 92 23
94 18 22 -1
95 80 94 -1
96 91 95 28
97 12 29 -1
98 59 97 -1
99 72 98 -1
100 90 99 1
101 10 30 -1
102 37 77 -1
103 68 102 -1
104 69 101 -1
105 103 104 8
106 11 32 -1
107 28 33 -1
108 106 107 -1
109 9 108 -1
110 101 109 13
111 6 89 -1
112 30 106 -1
113 42 111 -1
114 87 113 -1
115 112 114 29
116 5 17 -1
117 3 116 -1
118 27 117 -1
119 31 73 -1
120 118 119 31
121 21 72 -1
122 69 83 -1
123 120 122 -1
124 121 123 26
125 27 46 -1
126 1 125 -1
127 7 25 -1
128 15 127 -1
129 126 128 17
130 9 26 -1
131 102 130 -1
132 126 131 18
133 33 35 -1
134 36 127 -1
135 94 133 -1
136 134 135 22
137 10 13 -1
138 102 133 -1
139 137 138 -1
140 85 139 34
141 2 16 -1
142 8 23 -1
143 32 142 -1
144 121 141 -1
145 143 144 30
146 17 141 -1
147 10 146 -1
148 113 147 -1
149 7 148 33
150 14 97 -1
151 19 150 -1
152 0 143 -1
153 151 152 20
154 0 30 -1
155 1 116 -1
156 147 154 -1
157 155 156 -1
158 43 157 3
159 97 115 -1
160 38 159 -1
161 155 160 -1
162 69 161 7
163 64 119 -1
164 11 117 -1
165 159 164 -1
166 163 165 19
167 16 80 -1
168 85 163 -1
169 167 168 -1
170 106 169 32
171 36 38 -1
172 3 171 -1
173 72 172 -1
174 154 173 0
175 31 128 -1
176 142 175 -1
177 102 176 -1
178 20 82 -1
179 177 178 6
180 46 70 -1
181 176 180 -1
182 152 181 -1
183 3 108 -1
184 182 183 27
185 43 127 -1
186 59 106 -1
187 171 178 -1
188 186 187 -1
189 185 188 25
190 11 14 -1
191 137 190 -1
192 3 191 -1
193 60 74 -1
194 21 192 -1
195 193 194 4
