42 25 35 -1
43 4 8 -1
44 26 29 -1
45 0 15 -1
46 13 43 -1
47 42 44 -1
48 45 46 -1
49 47 48 11
50 22 31 -1
51 6 41 -1
52 50 51 -1
53 25 46 -1
54 16 52 -1
55 53 54 17
56 2 36 -1
57 21 50 -1
58 13 57 -1
59 48 56 -1
60 58 59 15
61 28 33 -1
62 17 35 -1
63 61 62 -1
64 30 43 -1
65 63 64 -1
66 52 65 3
67 19 40 -1
68 12 37 -1
69 57 68 -1
70 16 28 -1
71 69 70 -1
72 67 71 13
73 28 32 -1
74 30 73 -1
75 40 41 -1
76 14 75 -1
77 74 76 -1
78 46 77 14
79 1 9 -1
80 34 75 -1
81 18 47 -1
82 79 80 -1
83 81 82 35
84 21 24 -1
85 3 4 -1
86 44 84 -1
87 39 85 -1
88 74 87 -1
89 86 88 24
90 11 33 -1
91 0 86 -1
92 90 91 -1
93 7 63 -1
94 92 93 25
95 10 61 -1
96 34 95 -1
97 38 67 -1
98 27 96 -1
99 23 97 -1
100 98 99 18
101 25 84 -1
102 4 26 -1
103 98 102 -1
104 101 103 27
105 3 27 -1
106 20 105 -1
107 46 106 -1
108 91 104 -1
109 107 108 2
110 5 18 -1
111 14 50 -1
112 110 111 -1
113 87 112 -1
114 107 113 32
115 39 61 -1
116 42 111 -1
117 66 115 -1
118 116 117 -1
119 29 118 39
120 22 79 -1
121 20 120 -1
122 69 121 -1
123 115 122 -1
124 6 123 7
125 19 120 -1
126 12 125 -1
127 64 126 -1
128 45 102 -1
129 127 128 26
130 4 38 -1
131 36 53 -1
132 82 125 -1
133 130 132 -1
134 131 133 40
135 31 90 -1
136 5 101 -1
137 28 136 -1
138 135 137 -1
139 9 74 -1
140 138 139 20
141 34 37 -1
142 13 135 -1
143 23 141 -1
144 45 143 -1
145 142 144 12
146 6 17 -1
147 2 142 -1
148 18 146 -1
149 97 147 -1
150 148 149 9
151 20 44 -1
152 15 95 -1
153 130 152 -1
154 135 153 -1
155 151 154 38
156 7 19 -1
157 31 137 -1
158 154 156 -1
159 157 158 8
160 8 34 -1
161 56 160 -1
162 92 151 -1
163 161 162 -1
164 138 163 31
165 69 137 -1
166 26 141 -1
167 165 166 -1
168 56 111 -1
169 167 168 30
170 23 42 -1
171 30 170 -1
172 22 171 -1
173 33 172 -1
174 165 173 23
175 27 101 -1
176 2 175 -1
177 172 176 -1
178 85 177 21
179 28 146 -1
180 75 175 -1
181 93 116 -1
182 179 181 -1
183 180 182 4
184 139 179 -1
185 90 152 -1
186 184 185 -1
187 27 186 -1
188 36 187 0
189 34 184 -1
190 38 189 -1
191 117 190 -1
192 55 191 36
193 28 43 -1
194 171 193 -1
195 103 106 -1
196 166 195 -1
197 194 196 22
198 116 160 -1
199 13 198 -1
200 112 199 -1
201 32 134 -1
202 200 201 41
203 185 193 -1
204 199 203 -1
205 147 204 -1
206 104 205 -1
207 137 206 19
208 1 205 -1
209 45 208 1
210 5 9 -1
211 62 203 -1
212 26 153 -1
213 211 212 -1
214 210 213 28
215 22 161 -1
216 15 62 -1
217 105 216 -1
218 141 217 -1
219 215 218 29
220 57 102 -1
221 75 220 -1
222 178 221 -1
223 56 99 -1
224 222 223 5
225 166 210 -1
226 16 38 -1
227 68 226 -1
228 225 227 -1
229 156 228 10
230 190 201 -1
231 77 230 -1
232 148 231 -1
233 131 232 -1
234 20 233 16
235 47 109 -1
236 12 193 -1
237 161 235 -1
238 236 237 -1
239 131 238 37
240 100 118 -1
241 67 146 -1
242 108 241 -1
243 74 242 -1
244 36 243 -1
245 240 244 6
246 1 134 -1
247 42 236 -1
248 85 202 -1
249 98 247 -1
250 246 248 -1
251 249 250 34
252 41 121 -1
253 43 233 -1
254 245 252 -1
255 128 253 -1
256 155 254 -1
257 255 256 33
