64 24 48 -1
65 11 56 -1
66 63 64 -1
67 59 66 -1
68 65 67 -1
69 40 68 24
70 8 18 -1
71 30 46 -1
72 66 71 -1
73 70 72 -1
74 47 73 63
75 10 31 -1
76 11 75 -1
77 52 54 -1
78 70 76 -1
79 77 78 18
80 7 20 -1
81 23 44 -1
82 63 81 -1
83 76 80 -1
84 82 83 55
85 4 42 -1
86 25 34 -1
87 85 86 -1
88 75 87 -1
89 48 88 30
90 1 10 -1
91 41 80 -1
92 27 90 -1
93 62 65 -1
94 92 93 -1
95 91 94 2
96 9 10 -1
97 18 96 -1
98 55 91 -1
99 5 98 -1
100 97 99 53
101 43 45 -1
102 23 34 -1
103 71 102 -1
104 96 101 -1
105 103 104 33
106 14 38 -1
107 47 106 -1
108 52 85 -1
109 101 108 -1
110 107 109 62
111 11 39 -1
112 6 48 -1
113 111 112 -1
114 107 113 22
115 49 61 -1
116 40 55 -1
117 106 115 -1
118 50 117 -1
119 116 118 27
120 39 43 -1
121 1 53 -1
122 97 121 -1
123 76 120 -1
124 122 123 37
125 6 16 -1
126 28 44 -1
127 3 115 -1
128 125 126 -1
129 127 128 26
130 51 64 -1
131 26 27 -1
132 2 130 -1
133 125 132 -1
134 131 133 59
135 38 61 -1
136 36 59 -1
137 7 136 -1
138 131 137 -1
139 135 138 28
140 4 30 -1
141 57 140 -1
142 126 137 -1
143 141 142 50
144 81 135 -1
145 130 144 -1
146 9 37 -1
147 145 146 14
148 17 56 -1
149 25 111 -1
150 45 148 -1
151 149 150 -1
152 135 151 61
153 16 21 -1
154 140 148 -1
155 1 44 -1
156 153 155 -1
157 154 156 34
158 27 58 -1
159 12 57 -1
160 153 158 -1
161 159 160 -1
162 0 161 19
163 22 71 -1
164 15 154 -1
165 29 163 -1
166 31 165 -1
167 164 166 48
168 16 18 -1
169 33 168 -1
170 50 163 -1
171 169 170 -1
172 53 171 52
173 12 150 -1
174 32 49 -1
175 85 173 -1
176 164 174 -1
177 175 176 16
178 7 168 -1
179 5 17 -1
180 4 179 -1
181 175 178 -1
182 180 181 60
183 32 63 -1
184 3 29 -1
185 178 183 -1
186 27 184 -1
187 185 186 54
188 21 64 -1
189 154 188 -1
190 25 62 -1
191 180 189 -1
192 190 191 45
193 39 46 -1
194 189 193 -1
195 7 194 -1
196 141 195 11
197 1 57 -1
198 58 193 -1
199 25 51 -1
200 197 198 -1
201 199 200 17
202 8 13 -1
203 23 202 -1
204 33 41 -1
205 197 203 -1
206 204 205 23
207 2 19 -1
208 90 183 -1
209 33 208 -1
210 207 209 -1
211 47 210 42
212 22 48 -1
213 37 208 -1
214 34 174 -1
215 212 214 -1
216 213 215 41
217 36 60 -1
218 70 217 -1
219 213 218 -1
220 1 219 36
221 2 52 -1
222 45 221 -1
223 193 222 -1
224 26 223 -1
225 34 224 20
226 6 14 -1
227 186 207 -1
228 60 227 -1
229 58 228 -1
230 226 229 6
231 13 65 -1
232 101 231 -1
233 15 226 -1
234 232 233 -1
235 61 234 4
236 29 41 -1
237 8 39 -1
238 214 236 -1
239 237 238 -1
240 19 239 40
241 15 47 -1
242 25 52 -1
243 241 242 -1
244 92 202 -1
245 243 244 1
246 59 106 -1
247 9 246 -1
248 120 247 -1
249 8 184 -1
250 248 249 9
251 198 247 -1
252 125 231 -1
253 114 251 -1
254 252 253 15
255 12 46 -1
256 241 255 -1
257 37 121 -1
258 34 256 -1
259 257 258 58
260 7 60 -1
261 51 115 -1
262 260 261 -1
263 13 82 -1
264 262 263 3
265 9 28 -1
266 27 265 -1
267 148 266 -1
268 255 267 -1
269 231 268 39
270 35 61 -1
271 155 270 -1
272 0 236 -1
273 271 272 -1
274 92 273 44
275 40 41 -1
276 30 260 -1
277 275 276 -1
278 212 277 -1
279 265 278 5
280 22 180 -1
281 85 280 -1
282 27 270 -1
283 281 282 -1
284 261 283 35
285 5 38 -1
286 275 285 -1
287 10 280 -1
288 150 287 -1
289 286 288 57
290 18 58 -1
291 29 290 -1
292 56 291 -1
293 221 292 -1
294 21 293 21
295 120 285 -1
296 237 295 -1
297 24 33 -1
298 296 297 -1
299 58 298 25
300 49 203 -1
301 20 54 -1
302 237 300 -1
303 4 302 -1
304 301 303 29
305 5 37 -1
306 53 305 -1
307 160 306 -1
308 21 25 -1
309 295 307 -1
310 308 309 7
311 36 62 -1
312 77 311 -1
313 45 312 -1
314 46 313 -1
315 306 314 10
316 3 19 -1
317 86 311 -1
318 316 317 -1
319 30 318 -1
320 0 319 51
321 36 54 -1
322 23 321 -1
323 21 316 -1
324 9 323 -1
325 322 324 31
326 26 55 -1
327 43 326 -1
328 168 327 -1
329 322 328 38
330 54 156 -1
331 128 327 -1
332 112 330 -1
333 331 332 32
334 7 15 -1
335 305 334 -1
336 27 335 -1
337 111 336 -1
338 49 337 43
339 6 297 -1
340 2 66 -1
341 38 339 -1
342 340 341 -1
343 140 342 -1
344 212 343 49
345 11 300 -1
346 252 339 -1
347 345 346 -1
348 191 308 -1
349 347 348 12
350 13 31 -1
351 45 189 -1
352 164 350 -1
353 20 352 -1
354 340 353 -1
355 351 354 56
356 62 71 -1
357 37 356 -1
358 0 357 -1
359 58 350 -1
360 358 359 -1
361 170 360 47
362 11 55 -1
363 24 159 -1
364 242 362 -1
365 363 364 -1
366 59 365 -1
367 4 366 0
368 80 212 -1
369 16 93 -1
370 68 369 -1
371 42 185 -1
372 368 370 -1
373 371 372 46
374 36 53 -1
375 30 374 -1
376 22 375 -1
377 40 47 -1
378 291 377 -1
379 376 378 13
380 43 153 -1
381 116 380 -1
382 10 36 -1
383 2 61 -1
384 382 383 -1
385 381 384 8
