56 14 21 -1
57 42 47 -1
58 29 56 -1
59 2 19 -1
60 9 58 -1
61 26 60 -1
62 57 61 -1
63 59 62 22
64 1 4 -1
65 13 33 -1
66 43 64 -1
67 60 66 -1
68 7 65 -1
69 67 68 35
70 37 48 -1
71 42 50 -1
72 44 70 -1
73 66 72 -1
74 11 73 -1
75 71 74 20
76 32 54 -1
77 8 51 -1
78 15 71 -1
79 64 78 -1
80 76 79 -1
81 77 80 19
82 28 54 -1
83 38 82 -1
84 6 83 -1
85 50 59 -1
86 72 84 -1
87 85 86 29
88 31 34 -1
89 39 47 -1
90 15 48 -1
91 85 89 -1
92 88 91 -1
93 90 92 27
94 18 55 -1
95 13 51 -1
96 10 94 -1
97 54 96 -1
98 95 97 -1
99 84 88 -1
100 98 99 46
101 35 40 -1
102 14 77 -1
103 38 101 -1
104 3 102 -1
105 96 103 -1
106 104 105 49
107 2 45 -1
108 22 57 -1
109 95 107 -1
110 85 109 -1
111 108 110 -1
112 102 111 26
113 18 52 -1
114 54 113 -1
115 20 36 -1
116 15 109 -1
117 114 116 -1
118 115 117 36
119 17 51 -1
120 3 23 -1
121 64 119 -1
122 114 121 -1
123 120 122 24
124 24 53 -1
125 15 124 -1
126 77 94 -1
127 7 126 -1
128 125 127 -1
129 120 128 47
130 0 19 -1
131 35 113 -1
132 27 58 -1
133 130 131 -1
134 32 133 -1
135 132 134 51
136 29 30 -1
137 50 136 -1
138 65 137 -1
139 131 138 -1
140 126 139 31
141 1 48 -1
142 27 141 -1
143 46 142 -1
144 137 143 -1
145 74 144 38
146 11 52 -1
147 36 82 -1
148 143 146 -1
149 31 147 -1
150 148 149 44
151 33 49 -1
152 28 55 -1
153 70 151 -1
154 152 153 -1
155 8 154 -1
156 132 155 5
157 53 142 -1
158 23 37 -1
159 152 157 -1
160 146 159 -1
161 158 160 40
162 1 41 -1
163 45 162 -1
164 37 121 -1
165 59 164 -1
166 101 165 -1
167 163 166 54
168 38 151 -1
169 107 163 -1
170 24 168 -1
171 108 169 -1
172 170 171 45
173 3 11 -1
174 47 56 -1
175 173 174 -1
176 163 175 -1
177 49 176 18
178 21 26 -1
179 23 178 -1
180 39 179 -1
181 13 180 -1
182 43 147 -1
183 181 182 16
184 54 179 -1
185 5 6 -1
186 153 185 -1
187 42 184 -1
188 186 187 11
189 0 158 -1
190 61 64 -1
191 168 189 -1
192 190 191 -1
193 184 192 9
194 21 44 -1
195 6 32 -1
196 45 195 -1
197 194 196 -1
198 57 136 -1
199 197 198 17
200 36 180 -1
201 34 197 -1
202 29 201 -1
203 120 202 -1
204 200 203 50
205 1 3 -1
206 8 31 -1
207 130 205 -1
208 46 206 -1
209 97 208 -1
210 207 209 2
211 9 205 -1
212 52 211 -1
213 63 212 -1
214 200 213 -1
215 171 214 34
216 29 51 -1
217 25 70 -1
218 127 216 -1
219 217 218 -1
220 195 219 -1
221 189 220 7
222 22 55 -1
223 32 222 -1
224 71 218 -1
225 196 223 -1
226 224 225 25
227 25 50 -1
228 9 122 -1
229 64 228 -1
230 127 229 -1
231 223 227 -1
232 230 231 32
233 4 133 -1
234 47 233 -1
235 13 234 -1
236 20 227 -1
237 235 236 6
238 30 82 -1
239 144 238 -1
240 217 239 -1
241 13 94 -1
242 240 241 -1
243 1 242 4
244 89 206 -1
245 108 244 -1
246 23 182 -1
247 238 245 -1
248 246 247 23
249 12 124 -1
250 26 89 -1
251 0 250 -1
252 6 249 -1
253 251 252 -1
254 95 253 41
255 18 51 -1
256 40 255 -1
257 76 250 -1
258 256 257 -1
259 107 258 42
260 34 249 -1
261 30 194 -1
262 7 261 -1
263 2 262 -1
264 38 260 -1
265 263 264 52
266 0 18 -1
267 157 263 -1
268 266 267 10
269 35 41 -1
270 239 269 -1
271 159 236 -1
272 260 270 -1
273 271 272 1
274 35 141 -1
275 90 256 -1
276 65 275 -1
277 77 185 -1
278 274 276 -1
279 277 278 53
280 16 34 -1
281 113 115 -1
282 275 281 -1
283 45 282 -1
284 280 283 48
285 14 274 -1
286 217 280 -1
287 54 149 -1
288 285 286 -1
289 287 288 28
290 76 124 -1
291 2 290 -1
292 285 291 -1
293 184 292 -1
294 26 293 43
295 62 178 -1
296 224 230 -1
297 41 296 -1
298 290 297 -1
299 295 298 37
300 42 119 -1
301 12 300 -1
302 173 301 -1
303 178 302 -1
304 30 303 -1
305 33 304 39
306 24 300 -1
307 0 306 -1
308 32 36 -1
309 307 308 -1
310 211 309 30
311 7 43 -1
312 256 311 -1
313 88 113 -1
314 301 313 -1
315 312 314 15
316 88 94 -1
317 291 316 -1
318 21 169 -1
319 260 318 -1
320 207 317 -1
321 319 320 8
322 195 210 -1
323 11 57 -1
324 59 323 -1
325 322 324 -1
326 320 325 13
327 146 173 -1
328 132 327 -1
329 45 111 -1
330 28 62 -1
331 329 330 -1
332 328 331 12
333 46 184 -1
334 44 269 -1
335 14 200 -1
336 103 335 -1
337 333 336 -1
338 334 337 21
339 274 318 -1
340 70 339 -1
341 53 216 -1
342 6 341 -1
343 11 342 -1
344 340 343 55
345 48 83 -1
346 43 110 -1
347 216 345 -1
348 138 346 -1
349 206 347 -1
350 348 349 0
351 224 260 -1
352 126 137 -1
353 254 351 -1
354 25 257 -1
355 352 354 -1
356 353 355 33
357 132 255 -1
358 174 223 -1
359 98 358 -1
360 72 359 -1
361 158 360 -1
362 357 361 3
363 286 300 -1
364 157 164 -1
365 26 364 -1
366 33 365 -1
367 34 366 -1
368 41 363 -1
369 367 368 14
