40 9 29 -1
41 17 37 -1
42 28 30 -1
43 40 41 -1
44 42 43 9
45 8 10 -1
46 43 45 29
47 1 19 -1
48 42 45 -1
49 0 47 -1
50 48 49 30
51 21 39 -1
52 20 51 -1
53 48 52 10
54 18 38 -1
55 9 54 -1
56 6 26 -1
57 37 56 -1
58 55 57 18
59 43 58 38
60 12 49 -1
61 51 55 -1
62 60 61 21
63 14 34 -1
64 57 63 -1
65 25 64 -1
66 30 65 6
67 5 41 -1
68 64 67 -1
69 10 68 26
70 8 36 -1
71 39 70 -1
72 65 68 -1
73 71 72 17
74 16 28 -1
75 19 74 -1
76 72 75 37
77 70 75 -1
78 27 77 8
79 7 71 -1
80 74 79 28
81 78 80 -1
82 0 18 -1
83 81 82 39
84 20 38 -1
85 81 84 19
86 32 40 -1
87 47 86 -1
88 52 55 -1
89 87 88 1
90 23 31 -1
91 87 90 -1
92 60 91 12
93 3 11 -1
94 12 93 -1
95 86 94 -1
96 20 95 32
97 82 84 -1
98 29 97 -1
99 30 31 -1
100 98 99 0
101 11 40 -1
102 10 101 -1
103 98 102 20
104 22 39 -1
105 31 48 -1
106 102 104 -1
107 105 106 11
108 19 101 -1
109 2 30 -1
110 105 108 -1
111 109 110 31
112 13 47 -1
113 109 112 -1
114 104 113 22
115 2 33 -1
116 108 115 -1
117 21 116 -1
118 106 117 2
119 22 40 -1
120 63 119 -1
121 25 115 -1
122 120 121 14
123 2 5 -1
124 13 123 -1
125 120 124 34
126 4 16 -1
127 121 124 -1
128 126 127 25
129 24 36 -1
130 127 129 5
131 7 15 -1
132 126 129 -1
133 0 131 -1
134 132 133 36
135 27 35 -1
136 20 132 -1
137 135 136 16
138 18 135 -1
139 131 138 -1
140 6 139 -1
141 55 140 27
142 29 56 -1
143 140 142 7
144 55 93 -1
145 90 144 -1
146 14 145 -1
147 120 146 3
148 2 146 23
149 24 39 -1
150 114 118 -1
151 48 150 -1
152 32 149 -1
153 151 152 13
154 4 12 -1
155 19 154 -1
156 151 155 33
157 3 15 -1
158 153 156 -1
159 157 158 24
160 23 35 -1
161 158 160 4
162 159 161 -1
163 26 162 -1
164 34 163 15
165 56 164 -1
166 63 165 35
