40 28 38 -1
41 19 40 -1
42 0 30 -1
43 41 42 0
44 8 18 -1
45 29 44 -1
46 42 45 30
47 39 44 -1
48 20 47 -1
49 10 48 20
50 9 47 -1
51 40 50 -1
52 49 51 10
53 8 27 -1
54 37 53 -1
55 50 54 9
56 19 29 -1
57 54 56 19
58 17 38 -1
59 7 58 -1
60 56 59 29
61 44 59 -1
62 51 61 39
63 0 11 -1
64 21 51 -1
65 63 64 -1
66 45 65 11
67 43 65 21
68 46 48 -1
69 32 63 -1
70 2 69 -1
71 68 70 2
72 1 68 -1
73 31 43 -1
74 72 73 -1
75 51 74 31
76 10 20 -1
77 74 76 1
78 12 22 -1
79 0 72 -1
80 78 79 12
81 45 76 -1
82 68 75 -1
83 80 82 -1
84 81 83 22
85 71 81 -1
86 0 67 -1
87 85 86 32
88 4 25 -1
89 6 36 -1
90 14 88 -1
91 89 90 36
92 23 33 -1
93 15 92 -1
94 88 93 15
95 5 35 -1
96 14 92 -1
97 95 96 5
98 3 13 -1
99 24 95 -1
100 98 99 35
101 15 34 -1
102 24 101 -1
103 89 102 6
104 98 101 -1
105 25 104 25
106 16 35 -1
107 26 106 -1
108 34 107 -1
109 99 108 16
110 25 90 -1
111 107 110 26
112 7 37 -1
113 25 41 -1
114 112 113 -1
115 106 114 7
116 26 45 -1
117 5 15 -1
118 116 117 -1
119 112 118 37
120 36 47 -1
121 116 120 -1
122 58 121 -1
123 8 122 8
124 61 123 -1
125 28 124 18
126 38 53 -1
127 123 126 -1
128 118 127 27
129 9 19 -1
130 6 129 -1
131 16 130 -1
132 126 131 38
133 121 131 -1
134 112 133 -1
135 125 134 28
136 115 127 -1
137 134 136 17
138 2 23 -1
139 13 47 -1
140 138 139 -1
141 71 140 -1
142 79 141 23
143 31 140 -1
144 64 143 13
145 129 138 -1
146 12 145 -1
147 4 34 -1
148 146 147 34
149 97 99 -1
150 146 149 24
151 98 144 -1
152 33 151 -1
153 146 152 3
154 66 153 -1
155 42 154 -1
156 72 83 -1
157 155 156 33
158 142 157 -1
159 13 158 -1
160 149 159 14
161 105 159 -1
162 94 161 4
