40 3 14 -1
41 22 40 -1
42 29 32 -1
43 41 42 38
44 7 36 -1
45 17 28 -1
46 44 45 -1
47 41 46 20
48 15 29 -1
49 10 21 -1
50 44 48 -1
51 49 50 29
52 23 37 -1
53 4 48 -1
54 18 52 -1
55 53 54 21
56 5 31 -1
57 26 52 -1
58 12 57 -1
59 56 58 13
60 13 39 -1
61 34 56 -1
62 60 61 -1
63 20 62 5
64 24 25 -1
65 42 64 -1
66 22 65 -1
67 50 66 7
68 6 35 -1
69 14 24 -1
70 68 69 -1
71 21 70 6
72 27 38 -1
73 6 72 -1
74 16 73 -1
75 13 74 14
76 1 31 -1
77 12 76 -1
78 20 77 -1
79 73 78 36
80 0 8 -1
81 23 38 -1
82 77 81 -1
83 80 82 31
84 33 80 -1
85 32 84 -1
86 57 85 -1
87 64 86 0
88 1 16 -1
89 61 88 -1
90 85 89 32
91 0 30 -1
92 11 22 -1
93 37 92 -1
94 91 93 30
95 2 60 -1
96 7 21 -1
97 95 96 -1
98 28 97 37
99 9 24 -1
100 88 99 -1
101 95 100 -1
102 80 101 24
103 72 100 -1
104 34 52 -1
105 103 104 1
106 19 30 -1
107 8 106 -1
108 38 107 -1
109 5 108 22
110 16 46 -1
111 36 110 -1
112 69 111 -1
113 39 112 15
114 25 92 -1
115 18 84 -1
116 96 115 -1
117 114 116 17
118 28 99 -1
119 20 70 -1
120 39 119 -1
121 118 120 28
122 29 114 -1
123 36 122 -1
124 30 53 -1
125 123 124 12
126 32 118 -1
127 8 49 -1
128 126 127 -1
129 111 128 16
130 0 42 -1
131 23 33 -1
132 124 130 -1
133 131 132 39
134 8 12 -1
135 131 134 -1
136 4 108 -1
137 135 136 4
138 41 122 -1
139 54 138 -1
140 110 139 -1
141 113 140 3
142 2 45 -1
143 126 142 -1
144 56 68 -1
145 143 144 33
146 26 107 -1
147 48 146 -1
148 33 147 -1
149 88 148 9
150 103 134 -1
151 79 150 -1
152 39 151 -1
153 24 152 23
154 31 35 -1
155 3 51 -1
156 110 154 -1
157 155 156 11
158 81 97 -1
159 154 158 -1
160 74 159 -1
161 153 160 19
162 0 15 -1
163 27 63 -1
164 78 163 -1
165 19 164 -1
166 162 165 27
167 18 162 -1
168 65 167 -1
169 16 168 -1
170 17 169 8
171 11 130 -1
172 55 86 -1
173 14 171 -1
174 1 173 -1
175 172 174 26
176 17 171 -1
177 60 138 -1
178 10 176 -1
179 177 178 25
180 3 116 -1
181 6 127 -1
182 36 181 -1
183 25 182 -1
184 180 183 34
185 24 59 -1
186 67 185 -1
187 135 186 -1
188 107 187 -1
189 125 188 35
190 19 37 -1
191 99 190 -1
192 22 185 -1
193 89 191 -1
194 192 193 18
195 5 118 -1
196 60 142 -1
197 163 195 -1
198 196 197 -1
199 30 198 10
200 119 143 -1
201 38 200 -1
202 25 35 -1
203 201 202 -1
204 10 121 -1
205 203 204 2
