40 17 25 -1
41 7 14 -1
42 16 39 -1
43 41 42 -1
44 40 43 15
45 15 29 -1
46 36 45 -1
47 21 41 -1
48 46 47 29
49 23 37 -1
50 22 45 -1
51 4 50 -1
52 49 51 21
53 3 48 -1
54 28 53 -1
55 50 54 20
56 11 36 -1
57 30 56 -1
58 51 57 12
59 5 31 -1
60 12 30 -1
61 49 60 -1
62 59 61 13
63 4 19 -1
64 61 63 -1
65 38 64 4
66 13 39 -1
67 38 59 -1
68 20 67 -1
69 66 68 5
70 12 27 -1
71 6 68 -1
72 70 71 36
73 0 32 -1
74 15 73 -1
75 41 74 -1
76 50 75 38
77 69 71 -1
78 14 77 -1
79 28 78 -1
80 47 79 37
81 20 35 -1
82 79 81 28
83 24 32 -1
84 13 21 -1
85 78 83 -1
86 84 85 6
87 16 26 -1
88 17 87 -1
89 18 88 -1
90 74 89 8
91 5 67 -1
92 24 42 -1
93 91 92 -1
94 77 93 14
95 0 1 -1
96 23 95 -1
97 9 96 -1
98 91 97 31
99 30 74 -1
100 33 96 -1
101 99 100 39
102 2 10 -1
103 92 95 -1
104 102 103 24
105 8 37 -1
106 32 99 -1
107 105 106 -1
108 22 107 30
109 12 62 -1
110 16 91 -1
111 109 110 -1
112 105 111 22
113 8 9 -1
114 7 113 -1
115 10 18 -1
116 114 115 -1
117 83 116 16
118 17 31 -1
119 13 118 -1
120 77 113 -1
121 119 120 23
122 25 33 -1
123 24 122 -1
124 29 123 -1
125 7 124 -1
126 50 125 7
127 3 18 -1
128 56 127 -1
129 49 124 -1
130 128 129 3
131 1 34 -1
132 26 100 -1
133 8 132 -1
134 123 133 -1
135 131 134 0
136 9 131 -1
137 19 136 -1
138 12 137 -1
139 20 138 -1
140 88 139 18
141 0 137 -1
142 66 141 -1
143 5 142 -1
144 70 143 27
145 35 83 -1
146 16 23 -1
147 27 146 -1
148 145 147 -1
149 136 148 1
150 19 35 -1
151 74 148 -1
152 150 151 -1
153 133 152 9
154 10 11 -1
155 122 154 -1
156 128 155 -1
157 4 95 -1
158 156 157 34
159 116 155 -1
160 141 159 -1
161 131 160 -1
162 16 161 17
163 39 154 -1
164 40 73 -1
165 8 163 -1
166 3 164 -1
167 165 166 25
168 56 163 -1
169 44 168 -1
170 35 169 -1
171 54 170 11
172 15 101 -1
173 11 26 -1
174 109 172 -1
175 63 174 -1
176 173 175 35
177 67 131 -1
178 112 172 -1
179 2 177 -1
180 178 179 32
181 2 81 -1
182 27 181 -1
183 84 182 -1
184 17 183 -1
185 114 184 19
186 28 145 -1
187 36 186 -1
188 17 187 -1
189 102 123 -1
190 188 189 2
191 95 186 -1
192 136 182 -1
193 164 191 -1
194 192 193 10
195 7 138 -1
196 25 26 -1
197 160 195 -1
198 157 196 -1
199 197 198 26
200 0 3 -1
201 2 145 -1
202 9 118 -1
203 200 202 -1
204 201 203 33
