40 7 14 -1
41 22 29 -1
42 6 32 -1
43 40 42 -1
44 41 43 38
45 4 37 -1
46 15 41 -1
47 21 45 -1
48 46 47 21
49 21 40 -1
50 36 49 -1
51 13 29 -1
52 50 51 29
53 20 28 -1
54 50 53 -1
55 3 54 20
56 4 11 -1
57 36 46 -1
58 28 57 -1
59 56 58 12
60 17 24 -1
61 16 31 -1
62 39 61 -1
63 60 62 -1
64 40 63 15
65 8 23 -1
66 9 62 -1
67 6 66 -1
68 65 67 23
69 6 13 -1
70 30 38 -1
71 61 70 -1
72 69 71 14
73 22 65 -1
74 5 73 -1
75 70 74 22
76 39 69 -1
77 21 76 -1
78 5 28 -1
79 77 78 37
80 12 53 -1
81 35 76 -1
82 80 81 28
83 13 38 -1
84 14 24 -1
85 77 84 -1
86 83 85 6
87 5 37 -1
88 20 31 -1
89 87 88 -1
90 83 89 5
91 23 30 -1
92 12 91 -1
93 87 92 -1
94 29 93 13
95 19 45 -1
96 36 95 -1
97 92 96 4
98 25 42 -1
99 52 85 -1
100 98 99 -1
101 57 100 7
102 12 27 -1
103 38 102 -1
104 89 103 -1
105 45 104 36
106 0 33 -1
107 25 106 -1
108 26 107 -1
109 24 108 -1
110 65 109 0
111 7 32 -1
112 15 106 -1
113 91 111 -1
114 112 113 39
115 9 60 -1
116 8 10 -1
117 111 116 -1
118 115 117 16
119 1 33 -1
120 8 119 -1
121 34 120 -1
122 32 61 -1
123 121 122 32
124 16 112 -1
125 120 124 -1
126 108 125 -1
127 19 126 9
128 71 125 -1
129 91 128 31
130 10 18 -1
131 120 130 -1
132 56 131 -1
133 26 132 26
134 107 130 -1
135 3 134 -1
136 36 135 -1
137 2 136 34
138 17 32 -1
139 134 138 -1
140 11 117 -1
141 139 140 17
142 10 124 -1
143 0 139 -1
144 142 143 8
145 1 31 -1
146 2 145 -1
147 0 24 -1
148 146 147 -1
149 66 148 24
150 115 146 -1
151 35 150 -1
152 32 151 33
153 87 145 -1
154 75 153 -1
155 14 129 -1
156 154 155 30
157 27 115 -1
158 2 157 -1
159 34 158 -1
160 26 159 -1
161 20 160 10
162 138 157 -1
163 65 162 -1
164 31 123 -1
165 163 164 1
166 10 25 -1
167 28 162 -1
168 35 167 -1
169 159 168 -1
170 166 169 2
171 9 135 -1
172 143 171 -1
173 39 172 -1
174 166 173 25
175 33 172 -1
176 142 175 -1
177 21 168 -1
178 176 177 11
179 123 127 -1
180 102 179 -1
181 148 180 -1
182 144 181 -1
183 158 182 18
184 15 179 -1
185 121 135 -1
186 37 184 -1
187 185 186 -1
188 132 187 35
189 67 166 -1
190 81 161 -1
191 118 190 -1
192 184 189 -1
193 191 192 19
194 99 141 -1
195 68 194 -1
196 35 61 -1
197 195 196 -1
198 175 197 3
199 39 180 -1
200 106 199 -1
201 5 11 -1
202 122 201 -1
203 126 200 -1
204 202 203 27
