40 16 33 -1
41 0 17 -1
42 8 34 -1
43 41 42 -1
44 26 43 -1
45 40 44 0
46 1 24 -1
47 2 25 -1
48 16 47 -1
49 42 46 -1
50 48 49 32
51 18 32 -1
52 46 51 -1
53 10 52 -1
54 41 53 16
55 3 9 -1
56 11 55 -1
57 43 56 -1
58 47 57 25
59 12 20 -1
60 56 59 -1
61 44 60 -1
62 18 61 18
63 7 15 -1
64 32 40 -1
65 25 64 -1
66 63 65 -1
67 39 66 7
68 19 27 -1
69 65 68 -1
70 53 69 9
71 9 65 -1
72 10 47 -1
73 24 72 -1
74 71 73 24
75 0 33 -1
76 46 75 -1
77 23 76 -1
78 63 77 39
79 18 34 -1
80 45 79 -1
81 17 71 -1
82 80 81 8
83 6 38 -1
84 29 37 -1
85 59 83 -1
86 4 85 -1
87 84 86 36
88 13 21 -1
89 29 83 -1
90 63 89 -1
91 88 90 29
92 23 31 -1
93 14 22 -1
94 5 93 -1
95 84 94 -1
96 92 95 13
97 28 36 -1
98 13 94 -1
99 20 98 -1
100 97 99 20
101 9 92 -1
102 16 41 -1
103 39 101 -1
104 102 103 23
105 1 32 -1
106 8 105 -1
107 15 106 -1
108 101 107 31
109 35 55 -1
110 106 109 -1
111 44 110 33
112 78 107 -1
113 71 112 -1
114 104 113 15
115 30 88 -1
116 4 115 -1
117 22 116 -1
118 97 117 12
119 24 83 -1
120 32 92 -1
121 119 120 -1
122 14 121 6
123 5 38 -1
124 7 39 -1
125 115 123 -1
126 124 125 37
127 0 93 -1
128 8 30 -1
129 124 128 -1
130 127 129 30
131 31 39 -1
132 6 127 -1
133 32 131 -1
134 132 133 38
135 14 37 -1
136 30 131 -1
137 98 136 -1
138 135 137 5
139 123 135 -1
140 28 139 -1
141 85 140 28
142 12 84 -1
143 98 142 -1
144 118 143 -1
145 140 144 4
146 35 71 -1
147 142 146 -1
148 60 147 -1
149 28 148 3
150 15 119 -1
151 16 30 -1
152 150 151 -1
153 23 152 14
154 22 151 -1
155 8 38 -1
156 63 155 -1
157 154 156 22
158 92 138 -1
159 90 126 -1
160 93 159 -1
161 158 160 21
162 79 97 -1
163 1 70 -1
164 2 163 -1
165 162 164 2
166 11 19 -1
167 75 166 -1
168 72 102 -1
169 8 167 -1
170 168 169 17
171 45 47 -1
172 28 167 -1
173 171 172 -1
174 20 173 10
175 70 146 -1
176 33 175 -1
177 19 176 -1
178 10 177 -1
179 26 178 1
180 116 151 -1
181 54 180 -1
182 175 181 -1
183 12 182 19
184 36 177 -1
185 2 9 -1
186 184 185 -1
187 4 186 34
188 5 36 -1
189 37 188 -1
190 3 189 -1
191 46 190 -1
192 172 191 35
193 110 182 -1
194 188 193 -1
195 21 56 -1
196 102 195 -1
197 194 196 27
198 4 12 -1
199 79 111 -1
200 198 199 -1
201 17 200 -1
202 10 201 26
203 13 149 -1
204 198 203 -1
205 192 194 -1
206 204 205 11
