40 31 36 -1
41 1 14 -1
42 22 40 -1
43 41 42 38
44 5 31 -1
45 10 32 -1
46 23 44 -1
47 45 46 31
48 19 24 -1
49 14 46 -1
50 37 48 -1
51 49 50 13
52 4 39 -1
53 9 22 -1
54 30 52 -1
55 53 54 30
56 13 39 -1
57 0 18 -1
58 31 56 -1
59 57 58 23
60 7 12 -1
61 17 30 -1
62 38 60 -1
63 61 62 22
64 7 21 -1
65 8 26 -1
66 39 65 -1
67 64 66 15
68 16 34 -1
69 15 29 -1
70 7 68 -1
71 69 70 7
72 3 38 -1
73 8 72 -1
74 64 69 -1
75 73 74 29
76 15 20 -1
77 6 76 -1
78 25 38 -1
79 77 78 14
80 0 16 -1
81 32 80 -1
82 41 81 -1
83 48 82 16
84 8 81 -1
85 35 61 -1
86 84 85 0
87 24 25 -1
88 73 87 -1
89 80 88 32
90 6 33 -1
91 23 28 -1
92 14 90 -1
93 91 92 6
94 2 37 -1
95 15 23 -1
96 94 95 -1
97 24 96 39
98 24 84 -1
99 27 53 -1
100 98 99 -1
101 16 100 8
102 11 98 -1
103 90 102 -1
104 0 103 24
105 9 32 -1
106 99 105 -1
107 58 106 -1
108 5 107 5
109 30 35 -1
110 64 109 -1
111 0 110 -1
112 56 111 37
113 26 54 -1
114 64 113 -1
115 31 114 -1
116 62 115 4
117 77 94 -1
118 7 14 -1
119 117 118 -1
120 28 119 28
121 18 54 -1
122 42 121 -1
123 56 122 -1
124 23 123 12
125 39 69 -1
126 34 125 -1
127 62 77 -1
128 126 127 36
129 111 121 -1
130 39 99 -1
131 129 130 -1
132 118 131 19
133 10 91 -1
134 49 95 -1
135 133 134 -1
136 42 135 20
137 10 107 -1
138 19 43 -1
139 137 138 -1
140 39 139 -1
141 6 140 27
142 60 131 -1
143 30 115 -1
144 137 142 -1
145 143 144 26
146 51 94 -1
147 30 124 -1
148 22 147 -1
149 139 146 -1
150 148 149 34
151 38 93 -1
152 31 151 -1
153 11 152 -1
154 146 153 35
155 1 32 -1
156 33 155 -1
157 55 156 -1
158 122 157 -1
159 109 158 1
160 87 133 -1
161 106 156 -1
162 160 161 9
163 2 68 -1
164 10 33 -1
165 40 50 -1
166 163 164 -1
167 165 166 2
168 11 163 -1
169 29 168 -1
170 91 169 -1
171 65 170 -1
172 25 171 10
173 6 169 -1
174 34 96 -1
175 173 174 21
176 3 65 -1
177 12 29 -1
178 85 177 -1
179 176 178 -1
180 22 179 11
181 17 87 -1
182 50 181 -1
183 16 182 -1
184 92 183 -1
185 117 184 17
186 33 181 -1
187 68 104 -1
188 105 187 -1
189 60 188 -1
190 186 189 25
191 54 99 -1
192 20 142 -1
193 126 192 -1
194 179 193 -1
195 191 194 18
196 69 78 -1
197 3 196 -1
198 117 197 -1
199 173 198 -1
200 30 199 3
201 72 105 -1
202 61 113 -1
203 0 155 -1
204 201 203 -1
205 202 204 33
