40 0 10 -1
41 18 38 -1
42 40 41 -1
43 29 42 29
44 20 30 -1
45 9 44 -1
46 41 45 9
47 8 28 -1
48 39 47 -1
49 40 48 39
50 19 47 -1
51 44 50 19
52 48 50 -1
53 11 20 -1
54 1 53 -1
55 52 54 20
56 29 54 -1
57 45 56 30
58 22 32 -1
59 0 53 -1
60 58 59 11
61 0 31 -1
62 21 61 -1
63 52 62 0
64 9 29 -1
65 40 64 -1
66 62 65 10
67 2 12 -1
68 61 67 -1
69 20 68 31
70 10 30 -1
71 62 70 -1
72 68 71 21
73 58 70 -1
74 1 73 1
75 8 37 -1
76 17 75 -1
77 29 39 -1
78 76 77 8
79 51 76 -1
80 45 79 28
81 6 26 -1
82 18 81 -1
83 75 82 37
84 28 38 -1
85 17 81 -1
86 84 85 17
87 16 36 -1
88 7 84 -1
89 87 88 7
90 18 27 -1
91 7 90 -1
92 77 91 18
93 8 90 -1
94 87 93 27
95 44 91 -1
96 46 95 -1
97 19 96 38
98 6 35 -1
99 15 98 -1
100 27 37 -1
101 99 100 6
102 88 99 -1
103 86 102 26
104 16 25 -1
105 5 104 -1
106 100 105 16
107 14 34 -1
108 6 104 -1
109 107 108 25
110 81 105 -1
111 109 110 -1
112 36 111 5
113 89 110 -1
114 86 113 36
115 4 24 -1
116 16 115 -1
117 98 116 35
118 87 99 -1
119 117 118 -1
120 26 119 15
121 13 24 -1
122 33 121 -1
123 5 15 -1
124 122 123 24
125 108 117 -1
126 122 125 4
127 3 23 -1
128 34 123 -1
129 127 128 34
130 14 115 -1
131 127 130 -1
132 125 131 14
133 2 22 -1
134 64 133 -1
135 34 121 -1
136 134 135 13
137 24 130 -1
138 134 137 -1
139 33 138 33
140 12 23 -1
141 32 137 -1
142 52 140 -1
143 141 142 23
144 34 143 -1
145 131 144 3
146 44 140 -1
147 33 146 -1
148 1 21 -1
149 147 148 12
150 59 147 -1
151 69 150 2
152 3 40 -1
153 13 152 -1
154 148 153 -1
155 32 154 32
156 22 31 -1
157 153 156 -1
158 11 157 22
