40 11 31 -1
41 14 40 -1
42 4 29 -1
43 41 42 29
44 9 24 -1
45 34 40 -1
46 44 45 9
47 6 36 -1
48 19 44 -1
49 47 48 24
50 14 39 -1
51 29 50 -1
52 47 51 14
53 1 21 -1
54 4 53 -1
55 50 54 39
56 16 26 -1
57 42 56 -1
58 39 57 4
59 19 34 -1
60 24 59 -1
61 53 60 19
62 44 56 -1
63 60 62 34
64 10 30 -1
65 33 64 -1
66 8 23 -1
67 65 66 8
68 3 13 -1
69 64 68 -1
70 28 69 28
71 0 20 -1
72 68 71 -1
73 38 72 38
74 23 71 -1
75 18 33 -1
76 74 75 18
77 5 35 -1
78 18 77 -1
79 66 78 23
80 28 38 -1
81 13 80 -1
82 77 81 13
83 15 25 -1
84 3 80 -1
85 83 84 3
86 75 83 -1
87 8 86 33
88 24 54 -1
89 7 32 -1
90 17 88 -1
91 89 90 32
92 12 37 -1
93 88 92 -1
94 27 93 12
95 19 29 -1
96 2 95 -1
97 92 96 37
98 22 89 -1
99 95 98 7
100 10 35 -1
101 17 27 -1
102 100 101 -1
103 0 102 35
104 20 30 -1
105 5 104 -1
106 101 105 5
107 7 37 -1
108 15 104 -1
109 107 108 15
110 2 22 -1
111 25 100 -1
112 110 111 10
113 64 83 -1
114 112 113 -1
115 77 114 30
116 71 109 -1
117 113 116 25
118 89 92 -1
119 100 118 -1
120 117 119 0
121 103 113 -1
122 106 120 -1
123 121 122 20
124 17 32 -1
125 9 39 -1
126 22 125 -1
127 124 126 17
128 34 41 -1
129 98 128 -1
130 124 129 22
131 2 27 -1
132 125 131 -1
133 12 132 27
134 128 131 -1
135 37 134 2
136 3 74 -1
137 6 16 -1
138 31 136 -1
139 137 138 31
140 11 26 -1
141 136 140 -1
142 36 141 11
143 8 38 -1
144 1 143 -1
145 140 144 26
146 21 31 -1
147 16 146 -1
148 143 147 16
149 13 65 -1
150 21 137 -1
151 149 150 21
152 1 36 -1
153 26 152 -1
154 149 153 1
155 18 28 -1
156 140 155 -1
157 153 156 36
158 147 155 -1
159 137 158 6
