40 21 31 -1
41 15 35 -1
42 8 40 -1
43 41 42 8
44 1 11 -1
45 28 44 -1
46 41 45 28
47 5 25 -1
48 38 44 -1
49 47 48 38
50 18 40 -1
51 47 50 18
52 49 51 -1
53 11 34 -1
54 24 53 -1
55 52 54 1
56 28 42 -1
57 54 56 11
58 14 31 -1
59 4 58 -1
60 52 59 21
61 8 45 -1
62 59 61 31
63 20 30 -1
64 14 34 -1
65 7 63 -1
66 64 65 7
67 0 10 -1
68 27 67 -1
69 64 68 27
70 4 24 -1
71 37 67 -1
72 70 71 37
73 17 63 -1
74 70 73 17
75 53 61 -1
76 21 75 -1
77 69 71 -1
78 76 77 14
79 7 76 -1
80 17 79 34
81 1 61 -1
82 80 81 -1
83 55 82 24
84 60 78 -1
85 21 84 -1
86 56 85 4
87 66 69 -1
88 0 23 -1
89 33 88 -1
90 87 89 10
91 37 73 -1
92 89 91 0
93 3 20 -1
94 13 93 -1
95 87 94 30
96 17 71 -1
97 94 96 20
98 2 12 -1
99 6 39 -1
100 26 99 -1
101 98 100 39
102 13 33 -1
103 29 99 -1
104 102 103 6
105 16 36 -1
106 29 98 -1
107 105 106 29
108 22 32 -1
109 9 108 -1
110 105 109 9
111 19 39 -1
112 108 111 -1
113 100 112 19
114 2 35 -1
115 25 112 -1
116 114 115 2
117 109 114 -1
118 106 117 -1
119 25 118 12
120 9 19 -1
121 26 102 -1
122 120 121 26
123 3 23 -1
124 120 123 -1
125 36 124 36
126 6 16 -1
127 123 126 -1
128 103 127 16
129 91 93 -1
130 127 129 -1
131 10 130 23
132 90 96 -1
133 130 132 33
134 125 127 -1
135 122 133 -1
136 134 135 13
137 30 91 -1
138 136 137 -1
139 95 138 3
140 32 98 -1
141 118 140 -1
142 8 18 -1
143 141 142 35
144 46 48 -1
145 141 144 15
146 15 47 -1
147 115 146 -1
148 140 147 22
149 9 148 -1
150 117 149 -1
151 144 150 5
152 51 150 -1
153 43 152 25
154 29 112 -1
155 149 154 32
