40 19 39 -1
41 12 40 -1
42 2 20 -1
43 41 42 20
44 22 32 -1
45 0 44 -1
46 40 45 0
47 9 29 -1
48 44 47 -1
49 10 48 10
50 2 47 -1
51 30 50 -1
52 12 51 30
53 13 33 -1
54 26 36 -1
55 4 54 -1
56 53 55 4
57 3 23 -1
58 54 57 -1
59 14 58 14
60 6 16 -1
61 34 60 -1
62 57 61 34
63 53 60 -1
64 24 63 24
65 20 30 -1
66 7 27 -1
67 18 66 -1
68 65 67 18
69 17 37 -1
70 8 69 -1
71 65 70 8
72 0 10 -1
73 69 72 -1
74 28 73 28
75 38 66 -1
76 72 75 38
77 4 24 -1
78 27 37 -1
79 15 77 -1
80 78 79 15
81 14 34 -1
82 5 78 -1
83 81 82 5
84 7 17 -1
85 25 84 -1
86 81 85 25
87 35 77 -1
88 84 87 35
89 8 18 -1
90 79 87 -1
91 89 90 -1
92 26 91 26
93 5 25 -1
94 36 89 -1
95 93 94 36
96 28 38 -1
97 90 96 -1
98 6 97 6
99 16 93 -1
100 96 99 16
101 0 30 -1
102 3 13 -1
103 101 102 -1
104 21 103 21
105 23 33 -1
106 101 105 -1
107 11 106 11
108 65 72 -1
109 1 108 -1
110 106 109 1
111 31 108 -1
112 103 111 31
113 32 41 -1
114 5 15 -1
115 113 114 -1
116 23 115 23
117 25 35 -1
118 113 117 -1
119 3 118 3
120 46 52 -1
121 106 116 -1
122 120 121 33
123 119 120 -1
124 103 123 13
125 56 59 -1
126 110 112 -1
127 125 126 -1
128 22 127 22
129 104 107 -1
130 125 129 -1
131 32 130 32
132 77 81 -1
133 12 127 -1
134 132 133 12
135 2 132 -1
136 130 135 2
137 11 109 -1
138 71 74 -1
139 39 137 -1
140 138 139 39
141 104 112 -1
142 19 138 -1
143 141 142 19
144 68 76 -1
145 9 141 -1
146 144 145 9
147 29 137 -1
148 144 147 29
149 140 148 -1
150 95 100 -1
151 149 150 -1
152 7 151 7
153 143 146 -1
154 27 150 -1
155 153 154 27
156 92 98 -1
157 37 156 -1
158 153 157 37
159 149 157 -1
160 69 159 17
