40 26 36 -1
41 9 12 -1
42 29 40 -1
43 41 42 12
44 2 19 -1
45 39 40 -1
46 44 45 2
47 6 16 -1
48 29 32 -1
49 47 48 -1
50 9 49 32
51 22 39 -1
52 47 51 -1
53 19 52 22
54 25 49 -1
55 43 54 -1
56 45 55 25
57 5 18 -1
58 52 54 -1
59 57 58 18
60 21 38 -1
61 15 57 -1
62 60 61 21
63 35 52 -1
64 42 46 -1
65 63 64 35
66 8 15 -1
67 49 63 -1
68 66 67 8
69 28 31 -1
70 5 66 -1
71 69 70 31
72 59 68 -1
73 38 70 -1
74 1 72 -1
75 73 74 1
76 14 62 -1
77 74 76 14
78 28 61 -1
79 11 72 -1
80 78 79 11
81 4 71 -1
82 79 81 4
83 56 65 -1
84 73 83 -1
85 68 84 38
86 78 83 -1
87 59 86 28
88 24 73 -1
89 31 88 -1
90 11 89 24
91 34 78 -1
92 21 91 -1
93 1 92 34
94 31 91 -1
95 7 76 -1
96 94 95 7
97 17 21 -1
98 81 97 -1
99 88 98 17
100 4 14 -1
101 20 37 -1
102 17 100 -1
103 101 102 20
104 27 30 -1
105 7 100 -1
106 104 105 30
107 96 99 -1
108 37 105 -1
109 0 107 -1
110 108 109 0
111 13 109 -1
112 103 111 13
113 27 102 -1
114 10 107 -1
115 113 114 10
116 3 106 -1
117 114 116 3
118 90 93 -1
119 99 118 -1
120 113 119 27
121 107 119 -1
122 108 121 37
123 23 108 -1
124 30 123 -1
125 10 124 23
126 20 33 -1
127 113 126 -1
128 0 127 33
129 20 123 -1
130 116 129 -1
131 16 130 16
132 3 36 -1
133 13 132 -1
134 16 29 -1
135 133 134 29
136 6 133 -1
137 45 136 39
138 112 114 -1
139 129 138 -1
140 133 139 36
141 23 33 -1
142 26 141 -1
143 139 142 26
144 6 19 -1
145 142 144 19
146 40 142 -1
147 9 16 -1
148 146 147 9
149 130 146 -1
150 136 149 6
151 9 19 -1
152 15 22 -1
153 46 152 -1
154 151 153 15
155 5 32 -1
156 43 155 -1
157 151 156 5
