48 24 36 -1
49 10 34 -1
50 23 49 -1
51 48 50 23
52 0 12 -1
53 49 52 -1
54 47 53 47
55 22 46 -1
56 35 52 -1
57 55 56 35
58 11 55 -1
59 48 58 11
60 23 47 -1
61 0 37 -1
62 25 61 -1
63 60 62 0
64 56 62 -1
65 11 64 12
66 2 14 -1
67 61 66 -1
68 24 67 37
69 13 24 -1
70 1 69 -1
71 60 70 24
72 11 35 -1
73 48 72 -1
74 70 73 36
75 12 36 -1
76 67 75 -1
77 62 76 25
78 26 38 -1
79 0 69 -1
80 78 79 13
81 1 75 -1
82 78 81 1
83 22 33 -1
84 9 83 -1
85 35 47 -1
86 84 85 22
87 58 84 -1
88 23 87 46
89 10 45 -1
90 21 89 -1
91 85 90 10
92 11 90 -1
93 50 92 34
94 20 44 -1
95 10 83 -1
96 94 95 33
97 34 46 -1
98 94 97 -1
99 9 98 9
100 8 32 -1
101 22 100 -1
102 89 101 45
103 97 100 -1
104 21 103 21
105 2 39 -1
106 27 105 -1
107 13 37 -1
108 106 107 2
109 77 81 -1
110 106 109 14
111 4 16 -1
112 105 111 -1
113 26 112 39
114 14 38 -1
115 27 114 -1
116 111 115 27
117 28 40 -1
118 3 114 -1
119 117 118 3
120 2 15 -1
121 118 120 -1
122 109 121 38
123 26 121 -1
124 119 123 15
125 68 121 -1
126 80 125 26
127 19 32 -1
128 43 127 -1
129 9 21 -1
130 128 129 32
131 102 128 -1
132 95 131 8
133 7 44 -1
134 31 133 -1
135 129 134 44
136 6 30 -1
137 44 127 -1
138 136 137 19
139 18 42 -1
140 32 139 -1
141 133 140 7
142 8 20 -1
143 139 142 -1
144 31 143 31
145 43 142 -1
146 136 145 43
147 22 134 -1
148 96 147 -1
149 89 148 20
150 5 42 -1
151 29 150 -1
152 7 19 -1
153 151 152 42
154 145 151 -1
155 144 154 18
156 17 41 -1
157 30 156 -1
158 152 157 30
159 43 156 -1
160 6 159 -1
161 31 160 6
162 16 60 -1
163 40 162 -1
164 30 150 -1
165 163 164 5
166 6 18 -1
167 29 163 -1
168 166 167 29
169 4 41 -1
170 28 72 -1
171 169 170 -1
172 166 171 41
173 42 171 -1
174 157 173 17
175 29 169 -1
176 48 175 -1
177 105 120 -1
178 176 177 4
179 116 176 -1
180 118 179 16
181 5 28 -1
182 52 181 -1
183 17 182 -1
184 177 183 28
185 115 119 -1
186 183 185 40
