48 0 12 -1
49 20 34 -1
50 44 48 -1
51 49 50 34
52 8 46 -1
53 32 52 -1
54 48 53 46
55 18 42 -1
56 34 55 -1
57 52 56 8
58 10 22 -1
59 55 58 -1
60 32 59 32
61 6 30 -1
62 44 58 -1
63 61 62 44
64 46 61 -1
65 49 64 20
66 22 46 -1
67 24 36 -1
68 66 67 -1
69 53 68 22
70 2 36 -1
71 14 70 -1
72 68 71 24
73 10 34 -1
74 71 73 36
75 26 38 -1
76 12 73 -1
77 75 76 12
78 66 75 -1
79 0 78 0
80 28 40 -1
81 12 70 -1
82 80 81 2
83 0 24 -1
84 14 83 -1
85 80 84 14
86 4 16 -1
87 38 86 -1
88 83 87 38
89 2 26 -1
90 81 86 -1
91 89 90 26
92 46 68 -1
93 62 92 -1
94 20 93 10
95 25 37 -1
96 9 33 -1
97 23 95 -1
98 96 97 23
99 1 13 -1
100 96 99 -1
101 47 100 47
102 21 45 -1
103 11 95 -1
104 102 103 11
105 35 99 -1
106 102 105 35
107 11 35 -1
108 3 37 -1
109 15 108 -1
110 107 109 37
111 47 97 -1
112 109 111 25
113 27 39 -1
114 13 113 -1
115 107 114 13
116 95 111 -1
117 99 114 -1
118 116 117 1
119 9 43 -1
120 19 119 -1
121 35 47 -1
122 120 121 9
123 103 120 -1
124 98 123 33
125 21 31 -1
126 7 125 -1
127 121 126 21
128 104 126 -1
129 97 128 45
130 17 41 -1
131 125 130 -1
132 9 131 31
133 33 45 -1
134 126 131 -1
135 133 134 7
136 5 29 -1
137 19 133 -1
138 136 137 19
139 21 119 -1
140 136 139 43
141 16 30 -1
142 95 141 -1
143 42 142 -1
144 89 143 16
145 88 143 -1
146 84 145 4
147 6 99 -1
148 18 147 -1
149 40 148 -1
150 89 149 40
151 14 28 -1
152 148 151 -1
153 38 152 28
154 111 142 -1
155 40 154 -1
156 8 20 -1
157 155 156 30
158 32 44 -1
159 61 158 -1
160 155 159 6
161 4 28 -1
162 107 161 -1
163 18 158 -1
164 162 163 18
165 156 162 -1
166 42 165 42
167 29 41 -1
168 67 167 -1
169 13 168 -1
170 108 169 3
171 1 25 -1
172 168 171 -1
173 15 172 15
174 5 39 -1
175 17 174 -1
176 48 175 -1
177 171 176 39
178 37 114 -1
179 176 178 27
180 15 174 -1
181 66 180 -1
182 31 43 -1
183 181 182 5
184 7 19 -1
185 181 184 -1
186 136 185 29
187 3 27 -1
188 73 187 -1
189 184 188 -1
190 41 189 41
191 17 188 -1
192 182 191 17
