48 11 35 -1
49 4 48 -1
50 16 36 -1
51 49 50 36
52 28 40 -1
53 12 52 -1
54 48 53 12
55 23 47 -1
56 0 52 -1
57 55 56 0
58 16 55 -1
59 4 24 -1
60 58 59 24
61 17 41 -1
62 34 46 -1
63 6 62 -1
64 61 63 6
65 5 29 -1
66 18 65 -1
67 62 66 18
68 10 22 -1
69 42 68 -1
70 65 69 42
71 61 68 -1
72 30 71 30
73 27 39 -1
74 22 46 -1
75 11 74 -1
76 73 75 11
77 10 34 -1
78 23 77 -1
79 73 78 23
80 3 15 -1
81 35 74 -1
82 80 81 35
83 47 77 -1
84 80 83 47
85 6 18 -1
86 13 25 -1
87 38 86 -1
88 85 87 38
89 1 37 -1
90 26 85 -1
91 89 90 26
92 30 42 -1
93 2 86 -1
94 92 93 2
95 14 89 -1
96 92 95 14
97 87 93 -1
98 31 43 -1
99 97 98 -1
100 15 99 15
101 7 19 -1
102 97 101 -1
103 27 102 27
104 14 26 -1
105 3 104 -1
106 98 105 3
107 39 104 -1
108 101 107 39
109 8 32 -1
110 25 37 -1
111 109 110 -1
112 21 111 21
113 20 44 -1
114 9 113 -1
115 110 114 9
116 1 13 -1
117 33 116 -1
118 113 117 33
119 45 109 -1
120 116 119 45
121 82 84 -1
122 67 70 -1
123 121 122 -1
124 7 123 7
125 75 78 -1
126 31 122 -1
127 125 126 31
128 64 72 -1
129 43 128 -1
130 125 129 43
131 121 128 -1
132 19 131 19
133 105 107 -1
134 32 44 -1
135 16 134 -1
136 133 135 16
137 15 27 -1
138 134 137 -1
139 4 138 4
140 8 20 -1
141 28 133 -1
142 140 141 28
143 40 137 -1
144 140 143 40
145 112 120 -1
146 94 96 -1
147 34 146 -1
148 145 147 34
149 115 118 -1
150 146 149 -1
151 46 150 46
152 88 91 -1
153 22 152 -1
154 149 153 22
155 145 152 -1
156 10 155 10
157 51 60 -1
158 124 127 -1
159 20 157 -1
160 158 159 20
161 130 132 -1
162 140 161 -1
163 159 162 8
164 54 57 -1
165 32 164 -1
166 161 165 32
167 158 165 -1
168 134 167 44
169 33 45 -1
170 40 58 -1
171 5 170 -1
172 169 171 5
173 28 49 -1
174 17 169 -1
175 173 174 17
176 145 149 -1
177 61 175 -1
178 176 177 41
179 65 172 -1
180 176 179 29
181 29 41 -1
182 0 36 -1
183 13 182 -1
184 181 183 13
185 5 17 -1
186 25 182 -1
187 185 186 25
188 157 164 -1
189 110 187 -1
190 188 189 37
191 184 188 -1
192 116 191 1
