48 12 36 -1
49 17 48 -1
50 5 35 -1
51 49 50 35
52 29 41 -1
53 48 52 -1
54 11 53 11
55 0 24 -1
56 23 55 -1
57 52 56 23
58 5 55 -1
59 17 47 -1
60 58 59 47
61 6 42 -1
62 35 59 -1
63 61 62 17
64 18 30 -1
65 50 64 -1
66 47 65 5
67 11 23 -1
68 41 64 -1
69 67 68 41
70 61 67 -1
71 29 70 29
72 6 24 -1
73 19 31 -1
74 36 72 -1
75 73 74 6
76 13 37 -1
77 72 76 -1
78 18 77 24
79 55 61 -1
80 64 78 -1
81 79 80 0
82 75 79 -1
83 48 82 42
84 3 33 -1
85 10 46 -1
86 15 84 -1
87 85 86 33
88 27 39 -1
89 21 85 -1
90 88 89 21
91 22 34 -1
92 88 91 -1
93 9 92 9
94 15 45 -1
95 3 91 -1
96 94 95 45
97 16 40 -1
98 45 84 -1
99 97 98 3
100 4 28 -1
101 94 100 -1
102 33 101 15
103 9 21 -1
104 100 103 -1
105 39 104 39
106 27 103 -1
107 97 106 27
108 18 24 -1
109 1 25 -1
110 74 109 -1
111 108 110 36
112 7 43 -1
113 108 112 -1
114 36 113 18
115 48 64 -1
116 111 115 -1
117 61 116 12
118 55 115 -1
119 114 118 30
120 34 46 -1
121 29 58 -1
122 16 120 -1
123 121 122 16
124 22 40 -1
125 10 124 -1
126 121 125 40
127 41 49 -1
128 120 127 -1
129 4 128 4
130 28 125 -1
131 127 130 -1
132 40 131 28
133 11 47 -1
134 10 133 -1
135 130 134 22
136 4 46 -1
137 122 133 -1
138 136 137 34
139 23 35 -1
140 16 136 -1
141 139 140 46
142 22 139 -1
143 130 142 10
144 31 43 -1
145 14 38 -1
146 1 145 -1
147 144 146 1
148 7 25 -1
149 19 148 -1
150 145 149 25
151 2 26 -1
152 13 151 -1
153 144 152 13
154 19 37 -1
155 7 151 -1
156 154 155 37
157 8 44 -1
158 25 154 -1
159 157 158 19
160 20 32 -1
161 148 160 -1
162 37 161 7
163 1 13 -1
164 43 160 -1
165 163 164 43
166 31 157 -1
167 163 166 31
168 20 38 -1
169 3 27 -1
170 8 169 -1
171 168 170 38
172 14 44 -1
173 169 172 -1
174 32 173 14
175 9 45 -1
176 168 175 -1
177 26 176 20
178 2 32 -1
179 14 175 -1
180 178 179 32
181 15 39 -1
182 178 181 -1
183 44 182 2
184 8 26 -1
185 181 184 -1
186 20 185 26
187 21 33 -1
188 38 187 -1
189 184 188 8
190 172 187 -1
191 2 190 44
