48 22 46 -1
49 15 48 -1
50 3 49 -1
51 24 50 24
52 27 39 -1
53 48 52 -1
54 0 53 0
55 10 34 -1
56 12 55 -1
57 52 56 12
58 3 55 -1
59 15 36 -1
60 58 59 36
61 11 35 -1
62 4 61 -1
63 37 62 -1
64 16 63 37
65 28 40 -1
66 61 65 -1
67 13 66 13
68 23 47 -1
69 65 68 -1
70 1 69 1
71 16 68 -1
72 4 71 -1
73 25 72 25
74 6 30 -1
75 11 23 -1
76 44 75 -1
77 74 76 44
78 35 47 -1
79 74 78 -1
80 20 79 20
81 18 42 -1
82 75 81 -1
83 32 82 32
84 78 81 -1
85 8 84 8
86 83 85 -1
87 64 73 -1
88 86 87 -1
89 22 88 22
90 67 70 -1
91 46 90 -1
92 86 91 46
93 77 80 -1
94 87 93 -1
95 10 94 10
96 34 90 -1
97 93 96 34
98 5 29 -1
99 91 96 -1
100 19 99 -1
101 98 100 19
102 17 41 -1
103 7 99 -1
104 102 103 7
105 10 22 -1
106 102 105 -1
107 31 106 31
108 98 105 -1
109 43 108 43
110 29 41 -1
111 12 24 -1
112 110 111 -1
113 2 112 2
114 0 36 -1
115 14 114 -1
116 110 115 14
117 5 17 -1
118 38 117 -1
119 111 118 38
120 26 114 -1
121 117 120 26
122 51 60 -1
123 101 109 -1
124 9 123 -1
125 122 124 9
126 104 107 -1
127 21 126 -1
128 122 127 21
129 54 57 -1
130 33 123 -1
131 129 130 33
132 45 126 -1
133 129 132 45
134 113 116 -1
135 125 131 -1
136 47 135 -1
137 134 136 47
138 119 121 -1
139 23 135 -1
140 138 139 23
141 128 133 -1
142 138 141 -1
143 11 142 11
144 134 141 -1
145 35 144 35
146 6 18 -1
147 13 25 -1
148 146 147 -1
149 39 148 39
150 30 42 -1
151 3 147 -1
152 150 151 3
153 1 37 -1
154 27 153 -1
155 146 154 27
156 15 153 -1
157 150 156 15
158 27 58 -1
159 8 20 -1
160 158 159 -1
161 41 160 41
162 39 49 -1
163 29 162 -1
164 159 163 29
165 86 93 -1
166 17 165 -1
167 160 166 17
168 164 165 -1
169 98 168 5
170 40 71 -1
171 9 21 -1
172 30 170 -1
173 171 172 30
174 33 45 -1
175 74 174 -1
176 172 175 6
177 28 62 -1
178 18 174 -1
179 177 178 18
180 42 177 -1
181 171 180 42
182 100 103 -1
183 14 26 -1
184 40 183 -1
185 182 184 40
186 2 38 -1
187 28 186 -1
188 182 187 28
189 31 43 -1
190 4 183 -1
191 189 190 4
192 16 186 -1
193 189 192 16
