40 9 18 -1
41 26 37 -1
42 40 41 -1
43 38 42 18
44 28 39 -1
45 7 16 -1
46 8 44 -1
47 45 46 28
48 29 38 -1
49 6 17 -1
50 18 49 -1
51 48 50 38
52 8 19 -1
53 27 36 -1
54 52 53 -1
55 28 54 8
56 0 20 -1
57 4 15 -1
58 45 53 -1
59 56 58 -1
60 57 59 36
61 24 35 -1
62 59 61 16
63 23 32 -1
64 60 62 -1
65 63 64 -1
66 39 65 4
67 3 12 -1
68 19 67 -1
69 64 68 24
70 19 56 -1
71 39 70 -1
72 7 18 -1
73 71 72 39
74 27 38 -1
75 71 74 19
76 26 35 -1
77 73 75 -1
78 48 76 -1
79 77 78 7
80 6 15 -1
81 40 77 -1
82 80 81 27
83 23 34 -1
84 76 80 -1
85 83 84 15
86 3 14 -1
87 84 86 35
88 22 31 -1
89 83 86 -1
90 48 88 -1
91 89 90 3
92 2 11 -1
93 89 92 -1
94 40 93 23
95 29 30 -1
96 88 92 -1
97 44 96 -1
98 95 97 11
99 9 10 -1
100 52 99 -1
101 96 100 31
102 95 99 -1
103 28 37 -1
104 102 103 9
105 8 17 -1
106 102 105 29
107 25 36 -1
108 103 105 -1
109 107 108 -1
110 44 109 17
111 5 16 -1
112 52 111 -1
113 108 112 37
114 24 33 -1
115 107 111 -1
116 114 115 5
117 4 13 -1
118 115 117 25
119 1 12 -1
120 114 117 -1
121 119 120 -1
122 52 121 33
123 21 32 -1
124 44 123 -1
125 120 124 13
126 25 34 -1
127 43 102 -1
128 51 127 -1
129 126 128 6
130 5 14 -1
131 128 130 26
132 2 13 -1
133 126 130 -1
134 9 133 -1
135 132 134 34
136 22 33 -1
137 29 133 -1
138 136 137 14
139 10 21 -1
140 132 136 -1
141 139 140 -1
142 39 141 2
143 1 30 -1
144 19 143 -1
145 140 144 22
146 70 139 -1
147 144 146 -1
148 44 147 10
149 52 147 30
150 63 67 -1
151 29 31 -1
152 0 150 -1
153 151 152 12
154 11 56 -1
155 9 154 -1
156 152 155 32
157 153 156 -1
158 102 157 -1
159 48 158 0
160 40 158 20
161 20 119 -1
162 123 161 -1
163 39 48 -1
164 162 163 1
165 40 162 -1
166 70 165 21
