40 20 30 -1
41 18 39 -1
42 9 41 -1
43 40 42 9
44 8 29 -1
45 19 40 -1
46 44 45 19
47 7 28 -1
48 29 41 -1
49 47 48 18
50 17 44 -1
51 39 50 -1
52 38 51 8
53 27 48 -1
54 50 53 -1
55 36 54 27
56 43 53 -1
57 38 56 -1
58 46 57 38
59 0 10 -1
60 28 42 -1
61 59 60 -1
62 18 61 39
63 19 38 -1
64 59 63 -1
65 29 64 29
66 16 37 -1
67 47 63 -1
68 66 67 7
69 37 39 -1
70 60 69 -1
71 19 70 28
72 21 30 -1
73 31 72 -1
74 45 73 -1
75 0 74 0
76 9 10 -1
77 73 76 10
78 5 26 -1
79 14 35 -1
80 36 78 -1
81 79 80 5
82 3 24 -1
83 25 82 -1
84 79 83 14
85 27 40 -1
86 78 85 -1
87 66 86 16
88 5 15 -1
89 4 88 -1
90 23 34 -1
91 89 90 34
92 80 89 -1
93 25 92 15
94 14 33 -1
95 24 88 -1
96 94 95 24
97 6 15 -1
98 16 97 -1
99 25 34 -1
100 98 99 25
101 35 95 -1
102 98 101 35
103 80 98 -1
104 87 103 6
105 4 13 -1
106 99 105 -1
107 35 106 4
108 1 11 -1
109 20 108 -1
110 0 109 -1
111 39 110 20
112 29 109 -1
113 10 112 -1
114 40 113 30
115 2 11 -1
116 12 115 -1
117 39 116 -1
118 72 117 21
119 31 112 -1
120 116 119 31
121 23 32 -1
122 33 40 -1
123 121 122 -1
124 115 123 2
125 39 105 -1
126 121 125 -1
127 14 126 23
128 22 32 -1
129 1 128 -1
130 116 124 -1
131 129 130 12
132 114 119 -1
133 129 132 -1
134 45 133 1
135 77 110 -1
136 133 135 11
137 3 22 -1
138 4 29 -1
139 137 138 -1
140 94 139 33
141 13 137 -1
142 76 141 -1
143 115 136 -1
144 142 143 32
145 12 59 -1
146 31 145 -1
147 141 146 22
148 7 26 -1
149 41 69 -1
150 44 148 -1
151 149 150 37
152 50 150 -1
153 59 152 -1
154 16 35 -1
155 153 154 26
156 4 97 -1
157 93 153 -1
158 156 157 36
159 83 121 -1
160 45 130 -1
161 99 160 -1
162 159 161 3
163 38 60 -1
164 54 163 -1
165 8 164 -1
166 6 165 17
167 9 13 -1
168 2 167 -1
169 24 168 -1
170 90 169 13
