40 19 39 -1
41 29 38 -1
42 7 27 -1
43 40 42 -1
44 41 43 19
45 9 18 -1
46 43 45 39
47 0 20 -1
48 18 41 -1
49 47 48 -1
50 30 49 0
51 9 29 -1
52 49 51 -1
53 10 52 20
54 28 39 -1
55 17 37 -1
56 51 54 -1
57 55 56 9
58 8 54 -1
59 19 58 -1
60 57 59 29
61 10 30 -1
62 58 61 -1
63 20 62 10
64 0 40 -1
65 62 64 30
66 16 36 -1
67 59 66 -1
68 7 67 -1
69 18 68 28
70 38 42 -1
71 68 70 8
72 4 24 -1
73 66 72 -1
74 6 15 -1
75 73 74 36
76 26 35 -1
77 73 76 16
78 1 21 -1
79 31 49 -1
80 64 78 -1
81 79 80 1
82 11 48 -1
83 51 82 -1
84 80 83 21
85 12 32 -1
86 83 85 -1
87 2 86 -1
88 49 87 32
89 11 79 -1
90 22 89 -1
91 86 90 12
92 53 89 -1
93 21 62 -1
94 92 93 11
95 40 61 -1
96 78 95 -1
97 94 96 31
98 3 23 -1
99 47 90 -1
100 33 98 -1
101 99 100 3
102 2 22 -1
103 1 102 -1
104 32 96 -1
105 103 104 2
106 85 105 -1
107 78 106 22
108 13 33 -1
109 51 102 -1
110 101 108 -1
111 109 110 23
112 5 25 -1
113 108 112 -1
114 15 113 -1
115 4 114 25
116 24 113 -1
117 35 116 5
118 14 34 -1
119 109 118 -1
120 4 119 -1
121 13 120 34
122 24 119 -1
123 33 122 14
124 6 26 -1
125 118 124 -1
126 16 125 -1
127 5 126 26
128 36 125 -1
129 25 128 6
130 62 104 -1
131 108 130 -1
132 23 40 -1
133 131 132 13
134 3 85 -1
135 131 134 33
136 72 85 -1
137 132 136 -1
138 34 137 4
139 14 98 -1
140 137 139 24
141 15 35 -1
142 139 141 -1
143 5 142 35
144 25 142 -1
145 118 144 15
146 44 46 -1
147 124 146 -1
148 28 147 -1
149 37 148 18
150 8 17 -1
151 147 150 38
152 36 112 -1
153 55 152 -1
154 68 153 -1
155 39 154 37
156 43 155 -1
157 66 156 17
158 45 141 -1
159 70 158 -1
160 6 17 -1
161 159 160 27
162 51 55 -1
163 124 161 -1
164 162 163 7
