64 1 16 -1
65 34 51 -1
66 64 65 -1
67 33 66 1
68 31 63 -1
69 14 46 -1
70 68 69 -1
71 64 70 63
72 33 48 -1
73 70 72 31
74 2 19 -1
75 72 74 -1
76 1 75 33
77 29 61 -1
78 47 48 -1
79 69 77 -1
80 78 79 14
81 15 16 -1
82 79 81 46
83 78 81 -1
84 2 17 -1
85 83 84 48
86 34 49 -1
87 83 86 16
88 12 44 -1
89 15 30 -1
90 77 88 -1
91 89 90 61
92 47 62 -1
93 90 92 29
94 0 17 -1
95 91 93 -1
96 94 95 47
97 32 49 -1
98 95 97 15
99 35 50 -1
100 94 99 -1
101 49 100 17
102 3 18 -1
103 17 97 -1
104 102 103 49
105 27 59 -1
106 13 30 -1
107 88 105 -1
108 106 107 44
109 45 62 -1
110 107 109 12
111 108 110 -1
112 63 111 -1
113 32 112 30
114 0 68 -1
115 112 114 62
116 113 115 -1
117 1 18 -1
118 116 117 32
119 33 50 -1
120 116 119 0
121 10 42 -1
122 13 28 -1
123 105 121 -1
124 122 123 59
125 45 60 -1
126 123 125 27
127 122 125 -1
128 46 127 -1
129 63 128 13
130 70 129 45
131 25 57 -1
132 11 28 -1
133 121 131 -1
134 132 133 42
135 43 60 -1
136 133 135 10
137 132 135 -1
138 61 137 -1
139 46 138 28
140 79 139 60
141 8 40 -1
142 43 58 -1
143 131 141 -1
144 142 143 25
145 11 26 -1
146 143 145 57
147 144 146 -1
148 29 147 -1
149 12 148 43
150 90 149 11
151 4 19 -1
152 117 119 -1
153 64 151 -1
154 152 153 50
155 36 51 -1
156 72 155 -1
157 152 156 18
158 5 22 -1
159 151 155 -1
160 158 159 -1
161 94 160 36
162 37 54 -1
163 97 159 -1
164 162 163 4
165 3 20 -1
166 84 86 -1
167 94 166 -1
168 165 167 34
169 35 52 -1
170 97 166 -1
171 169 170 2
172 6 21 -1
173 165 169 -1
174 64 172 -1
175 173 174 52
176 38 53 -1
177 72 173 -1
178 176 177 20
179 7 24 -1
180 172 176 -1
181 179 180 -1
182 16 181 38
183 39 56 -1
184 180 183 -1
185 48 184 6
186 182 185 -1
187 83 186 -1
188 10 187 -1
189 25 188 56
190 133 189 24
191 158 162 -1
192 0 8 -1
193 23 191 -1
194 192 193 54
195 32 40 -1
196 191 195 -1
197 55 196 22
198 9 26 -1
199 116 194 -1
200 197 199 -1
201 198 200 40
202 41 58 -1
203 200 202 8
204 201 203 -1
205 12 204 -1
206 27 205 58
207 107 206 26
208 9 24 -1
209 41 56 -1
210 208 209 -1
211 10 210 -1
212 27 211 41
213 123 212 9
214 6 38 -1
215 23 214 -1
216 55 215 -1
217 64 208 -1
218 216 217 55
219 72 209 -1
220 216 219 23
221 37 52 -1
222 67 76 -1
223 83 222 -1
224 32 223 -1
225 221 224 19
226 5 20 -1
227 0 226 -1
228 223 227 51
229 116 228 -1
230 38 225 -1
231 229 230 -1
232 55 231 5
233 215 231 37
234 99 102 -1
235 68 234 -1
236 48 53 -1
237 235 236 -1
238 36 237 3
239 21 235 -1
240 4 16 -1
241 239 240 35
242 39 54 -1
243 83 238 -1
244 241 243 -1
245 242 244 21
246 7 22 -1
247 244 246 53
248 245 247 -1
249 49 195 -1
250 57 249 -1
251 248 250 7
252 98 143 -1
253 251 252 -1
254 96 253 39
