64 15 31 -1
65 17 33 -1
66 64 65 -1
67 48 66 33
68 47 63 -1
69 0 65 -1
70 68 69 17
71 1 49 -1
72 16 68 -1
73 71 72 1
74 32 71 -1
75 64 74 49
76 14 30 -1
77 47 76 -1
78 0 48 -1
79 77 78 48
80 32 77 -1
81 72 80 32
82 46 62 -1
83 31 82 -1
84 78 83 0
85 15 82 -1
86 16 85 -1
87 32 86 16
88 29 62 -1
89 13 88 -1
90 31 47 -1
91 89 90 47
92 63 89 -1
93 85 92 63
94 14 45 -1
95 61 94 -1
96 90 95 31
97 68 77 -1
98 15 97 -1
99 95 98 15
100 44 60 -1
101 14 100 -1
102 88 101 14
103 12 28 -1
104 94 103 -1
105 62 104 62
106 30 46 -1
107 100 106 -1
108 13 107 30
109 104 106 -1
110 95 109 46
111 17 50 -1
112 2 111 -1
113 32 48 -1
114 112 113 2
115 72 112 -1
116 70 115 50
117 18 34 -1
118 1 113 -1
119 117 118 18
120 0 49 -1
121 16 120 -1
122 117 121 34
123 11 27 -1
124 29 45 -1
125 60 124 -1
126 123 125 45
127 13 61 -1
128 44 123 -1
129 127 128 61
130 43 59 -1
131 28 130 -1
132 127 131 13
133 103 124 -1
134 131 133 29
135 27 58 -1
136 42 135 -1
137 12 60 -1
138 136 137 12
139 28 136 -1
140 128 139 28
141 10 43 -1
142 26 141 -1
143 137 142 60
144 44 142 -1
145 131 144 44
146 9 25 -1
147 135 146 -1
148 43 147 43
149 41 57 -1
150 141 149 -1
151 27 150 27
152 11 59 -1
153 146 152 -1
154 42 153 59
155 142 152 -1
156 150 155 11
157 8 24 -1
158 26 42 -1
159 57 157 -1
160 158 159 42
161 40 56 -1
162 9 158 -1
163 161 162 26
164 10 58 -1
165 41 164 -1
166 157 165 58
167 25 161 -1
168 164 167 10
169 7 55 -1
170 37 53 -1
171 22 170 -1
172 169 171 7
173 23 39 -1
174 170 173 -1
175 6 174 23
176 5 21 -1
177 169 176 -1
178 38 177 55
179 54 173 -1
180 176 179 39
181 19 97 -1
182 35 111 -1
183 1 182 -1
184 181 183 35
185 21 52 -1
186 3 181 -1
187 37 186 -1
188 185 187 37
189 36 68 -1
190 5 189 -1
191 170 190 -1
192 187 191 53
193 52 191 -1
194 38 171 -1
195 193 194 22
196 180 193 -1
197 175 196 6
198 20 64 -1
199 4 37 -1
200 198 199 -1
201 194 200 38
202 54 200 -1
203 6 202 54
204 35 85 -1
205 51 204 -1
206 21 205 -1
207 199 206 21
208 176 200 -1
209 53 208 -1
210 207 209 5
211 34 50 -1
212 3 211 -1
213 189 212 -1
214 20 213 20
215 205 212 -1
216 77 215 -1
217 188 216 -1
218 207 217 4
219 85 183 -1
220 216 219 51
221 2 204 -1
222 19 221 -1
223 33 49 -1
224 222 223 19
225 18 51 -1
226 3 83 -1
227 225 226 -1
228 223 227 3
229 2 198 -1
230 225 229 -1
231 36 230 36
232 207 227 -1
233 2 232 -1
234 181 188 -1
235 233 234 52
236 8 39 -1
237 55 68 -1
238 236 237 -1
239 25 41 -1
240 238 239 25
241 160 238 -1
242 162 241 9
243 56 236 -1
244 6 77 -1
245 22 244 -1
246 243 245 56
247 24 40 -1
248 237 247 -1
249 245 248 40
250 38 83 -1
251 179 243 -1
252 250 251 8
253 7 64 -1
254 247 253 -1
255 54 254 -1
256 250 255 24
257 179 255 -1
258 237 242 -1
259 257 258 57
260 23 239 -1
261 253 260 -1
262 56 261 41
