64 0 32 -1
65 15 30 -1
66 17 49 -1
67 64 66 -1
68 65 67 32
69 47 62 -1
70 67 69 0
71 44 61 -1
72 65 69 -1
73 71 72 30
74 12 29 -1
75 72 74 62
76 11 26 -1
77 73 75 -1
78 76 77 44
79 43 58 -1
80 77 79 12
81 8 25 -1
82 78 80 -1
83 81 82 58
84 40 57 -1
85 82 84 26
86 2 34 -1
87 47 48 -1
88 66 86 -1
89 87 88 17
90 15 16 -1
91 88 90 49
92 46 61 -1
93 87 90 -1
94 92 93 15
95 14 29 -1
96 93 95 47
97 43 60 -1
98 92 95 -1
99 97 98 29
100 11 28 -1
101 98 100 61
102 10 25 -1
103 99 101 -1
104 102 103 43
105 42 57 -1
106 103 105 11
107 31 63 -1
108 45 62 -1
109 64 107 -1
110 108 109 31
111 13 30 -1
112 109 111 63
113 12 27 -1
114 110 112 -1
115 113 114 45
116 44 59 -1
117 114 116 13
118 41 58 -1
119 113 116 -1
120 118 119 27
121 9 26 -1
122 119 121 59
123 19 51 -1
124 1 48 -1
125 86 123 -1
126 124 125 34
127 16 33 -1
128 125 127 2
129 14 31 -1
130 126 128 -1
131 129 130 48
132 46 63 -1
133 130 132 16
134 13 28 -1
135 131 133 -1
136 134 135 46
137 45 60 -1
138 135 137 14
139 42 59 -1
140 134 137 -1
141 139 140 28
142 10 27 -1
143 140 142 60
144 9 24 -1
145 141 143 -1
146 144 145 42
147 41 56 -1
148 145 147 10
149 39 54 -1
150 81 84 -1
151 69 149 -1
152 150 151 8
153 7 22 -1
154 65 153 -1
155 150 154 40
156 40 55 -1
157 118 121 -1
158 156 157 -1
159 63 158 9
160 8 23 -1
161 157 160 -1
162 31 161 41
163 6 23 -1
164 144 147 -1
165 163 164 -1
166 129 165 56
167 38 55 -1
168 164 167 -1
169 132 168 24
170 37 54 -1
171 64 160 -1
172 156 171 -1
173 170 172 23
174 5 22 -1
175 172 174 55
176 5 20 -1
177 163 167 -1
178 176 177 -1
179 31 178 38
180 37 52 -1
181 63 177 -1
182 180 181 6
183 7 24 -1
184 104 106 -1
185 15 184 -1
186 183 185 57
187 39 56 -1
188 184 187 -1
189 47 188 25
190 38 53 -1
191 93 189 -1
192 186 191 -1
193 190 192 7
194 6 21 -1
195 192 194 39
196 35 52 -1
197 193 195 -1
198 132 197 -1
199 196 198 21
200 3 20 -1
201 129 200 -1
202 197 201 53
203 4 21 -1
204 149 153 -1
205 15 203 -1
206 204 205 54
207 36 47 -1
208 53 207 -1
209 204 208 22
210 173 175 -1
211 19 210 -1
212 4 211 -1
213 65 212 37
214 36 123 -1
215 69 211 -1
216 214 215 5
217 1 18 -1
218 4 214 -1
219 217 218 -1
220 129 219 51
221 33 50 -1
222 218 221 -1
223 132 222 19
224 217 221 -1
225 0 31 -1
226 224 225 33
227 109 226 1
228 196 200 -1
229 65 228 -1
230 17 229 -1
231 2 230 35
232 88 231 -1
233 72 232 3
234 35 50 -1
235 3 18 -1
236 234 235 -1
237 49 236 -1
238 0 237 18
239 67 238 50
240 93 206 -1
241 209 240 -1
242 235 241 -1
243 31 242 36
244 236 243 -1
245 107 244 4
246 109 179 -1
247 182 246 -1
248 34 47 -1
249 247 248 -1
250 51 249 20
251 125 250 -1
252 15 251 -1
253 47 252 52
