64 0 16 -1
65 14 47 -1
66 64 65 -1
67 62 66 62
68 30 63 -1
69 46 64 -1
70 68 69 46
71 13 61 -1
72 68 71 -1
73 47 72 13
74 15 31 -1
75 46 71 -1
76 74 75 61
77 29 45 -1
78 62 77 -1
79 74 78 45
80 63 77 -1
81 65 80 29
82 32 48 -1
83 14 82 -1
84 31 62 -1
85 83 84 14
86 30 82 -1
87 46 86 -1
88 15 87 30
89 1 17 -1
90 32 89 -1
91 15 63 -1
92 90 91 63
93 33 49 -1
94 16 93 -1
95 91 94 15
96 48 89 -1
97 31 47 -1
98 96 97 47
99 64 94 -1
100 97 99 31
101 12 45 -1
102 60 101 -1
103 83 86 -1
104 102 103 60
105 46 78 -1
106 102 105 12
107 28 61 -1
108 44 107 -1
109 103 108 44
110 75 108 -1
111 62 110 28
112 11 59 -1
113 45 112 -1
114 107 113 11
115 13 29 -1
116 44 112 -1
117 115 116 59
118 27 43 -1
119 101 118 -1
120 61 119 27
121 60 118 -1
122 115 121 43
123 10 43 -1
124 58 123 -1
125 12 28 -1
126 124 125 58
127 44 121 -1
128 124 127 10
129 26 59 -1
130 42 129 -1
131 125 130 42
132 60 130 -1
133 116 132 26
134 9 57 -1
135 129 134 -1
136 43 135 9
137 11 27 -1
138 134 137 -1
139 42 138 57
140 25 41 -1
141 137 140 -1
142 58 141 41
143 59 123 -1
144 140 143 25
145 1 34 -1
146 50 145 -1
147 16 32 -1
148 146 147 16
149 0 146 -1
150 96 149 0
151 18 49 -1
152 2 151 -1
153 147 152 32
154 48 99 -1
155 152 154 48
156 9 40 -1
157 24 156 -1
158 42 58 -1
159 157 158 24
160 136 157 -1
161 143 160 40
162 8 56 -1
163 158 162 -1
164 25 163 8
165 141 164 -1
166 128 133 -1
167 165 166 56
168 3 64 -1
169 19 168 -1
170 49 169 -1
171 145 170 49
172 17 33 -1
173 50 172 -1
174 169 173 33
175 35 82 -1
176 51 175 -1
177 2 172 -1
178 176 177 17
179 1 176 -1
180 151 179 1
181 36 168 -1
182 5 21 -1
183 51 182 -1
184 181 183 51
185 52 94 -1
186 181 185 -1
187 18 34 -1
188 186 187 18
189 174 177 -1
190 186 189 2
191 20 51 -1
192 96 191 -1
193 4 192 -1
194 187 193 34
195 173 178 -1
196 193 195 50
197 37 53 -1
198 4 175 -1
199 19 198 -1
200 197 199 19
201 191 197 -1
202 3 201 -1
203 82 202 3
204 5 53 -1
205 39 55 -1
206 204 205 -1
207 22 206 5
208 7 23 -1
209 204 208 -1
210 38 209 53
211 21 37 -1
212 6 211 -1
213 205 212 21
214 54 208 -1
215 211 214 37
216 7 55 -1
217 25 90 -1
218 216 217 -1
219 156 218 55
220 38 54 -1
221 4 21 -1
222 185 221 -1
223 220 222 4
224 5 99 -1
225 20 36 -1
226 224 225 -1
227 220 226 20
228 82 224 -1
229 199 222 -1
230 228 229 35
231 41 57 -1
232 216 231 -1
233 24 232 -1
234 94 233 7
235 206 209 -1
236 99 235 -1
237 8 236 -1
238 232 237 23
239 56 82 -1
240 40 239 -1
241 219 235 -1
242 240 241 39
243 7 240 -1
244 6 214 -1
245 243 244 6
246 22 243 -1
247 38 246 22
248 55 234 -1
249 238 248 -1
250 244 249 54
251 207 249 -1
252 210 251 38
253 22 95 -1
254 92 253 -1
255 212 254 -1
256 222 255 52
257 224 255 -1
258 184 203 -1
259 257 258 36
