64 0 32 -1
65 30 62 -1
66 13 31 -1
67 64 65 -1
68 66 67 62
69 45 63 -1
70 67 69 30
71 46 60 -1
72 68 70 -1
73 71 72 13
74 14 28 -1
75 72 74 45
76 43 61 -1
77 71 74 -1
78 76 77 28
79 11 29 -1
80 77 79 60
81 44 58 -1
82 78 80 -1
83 81 82 11
84 12 26 -1
85 82 84 43
86 9 27 -1
87 81 84 -1
88 86 87 58
89 41 59 -1
90 87 89 26
91 42 56 -1
92 88 90 -1
93 91 92 9
94 10 24 -1
95 92 94 41
96 18 50 -1
97 33 63 -1
98 64 96 -1
99 97 98 0
100 1 31 -1
101 98 100 32
102 14 16 -1
103 99 101 -1
104 102 103 63
105 46 48 -1
106 103 105 31
107 47 61 -1
108 102 105 -1
109 107 108 14
110 15 29 -1
111 108 110 46
112 109 111 -1
113 30 112 -1
114 12 113 61
115 44 65 -1
116 113 115 29
117 13 27 -1
118 12 115 -1
119 117 118 44
120 45 59 -1
121 118 120 12
122 42 60 -1
123 117 120 -1
124 122 123 27
125 10 28 -1
126 123 125 59
127 11 25 -1
128 122 125 -1
129 127 128 42
130 43 57 -1
131 128 130 10
132 8 26 -1
133 129 131 -1
134 132 133 57
135 40 58 -1
136 133 135 25
137 7 25 -1
138 93 95 -1
139 137 138 -1
140 15 139 56
141 39 57 -1
142 138 141 -1
143 47 142 24
144 132 135 -1
145 23 31 -1
146 9 145 -1
147 144 146 40
148 55 63 -1
149 41 148 -1
150 144 149 8
151 17 49 -1
152 0 151 -1
153 3 35 -1
154 50 153 -1
155 152 154 17
156 98 155 49
157 15 47 -1
158 30 157 -1
159 152 158 47
160 67 159 15
161 8 22 -1
162 139 142 -1
163 152 162 -1
164 161 163 39
165 54 64 -1
166 40 165 -1
167 163 166 7
168 161 166 -1
169 5 23 -1
170 168 169 54
171 37 55 -1
172 168 171 22
173 38 52 -1
174 170 172 -1
175 63 173 -1
176 174 175 5
177 6 31 -1
178 20 177 -1
179 174 178 37
180 4 36 -1
181 1 51 -1
182 48 181 -1
183 96 180 -1
184 182 183 18
185 19 33 -1
186 16 185 -1
187 183 186 50
188 2 182 -1
189 185 188 33
190 181 186 -1
191 34 190 1
192 189 191 -1
193 47 192 -1
194 49 193 16
195 157 193 -1
196 17 195 48
197 48 53 -1
198 103 178 -1
199 175 198 -1
200 35 199 -1
201 197 200 20
202 16 21 -1
203 153 202 -1
204 200 203 52
205 197 203 -1
206 4 18 -1
207 205 206 -1
208 31 207 35
209 183 207 -1
210 63 209 3
211 6 24 -1
212 16 211 -1
213 147 150 -1
214 103 213 -1
215 212 214 55
216 38 56 -1
217 48 216 -1
218 214 217 23
219 39 53 -1
220 215 218 -1
221 219 220 6
222 7 21 -1
223 220 222 38
224 219 222 -1
225 36 54 -1
226 47 225 -1
227 224 226 21
228 4 22 -1
229 224 228 -1
230 15 229 53
231 5 19 -1
232 152 228 -1
233 225 232 -1
234 231 233 36
235 37 51 -1
236 64 235 -1
237 233 236 4
238 34 52 -1
239 234 237 -1
240 47 238 -1
241 239 240 19
242 2 20 -1
243 15 242 -1
244 239 243 51
245 238 242 -1
246 17 245 -1
247 3 152 -1
248 246 247 34
249 32 35 -1
250 246 249 2
