64 15 16 -1
65 31 63 -1
66 64 65 -1
67 12 46 -1
68 66 67 63
69 47 48 -1
70 14 44 -1
71 65 70 -1
72 69 71 31
73 32 49 -1
74 48 73 -1
75 64 74 -1
76 45 75 16
77 0 17 -1
78 13 69 -1
79 16 77 -1
80 78 79 48
81 1 17 -1
82 14 73 -1
83 18 81 -1
84 82 83 49
85 32 63 -1
86 29 81 -1
87 79 86 -1
88 85 87 32
89 15 47 -1
90 30 60 -1
91 85 90 -1
92 89 91 15
93 0 31 -1
94 28 93 -1
95 62 94 -1
96 89 95 47
97 33 49 -1
98 50 77 -1
99 46 97 -1
100 98 99 17
101 61 97 -1
102 93 101 -1
103 74 102 0
104 1 34 -1
105 16 104 -1
106 62 105 -1
107 97 106 1
108 50 104 -1
109 18 51 -1
110 69 108 -1
111 109 110 18
112 2 81 -1
113 33 112 -1
114 48 113 -1
115 30 114 33
116 35 108 -1
117 85 116 -1
118 112 117 2
119 83 113 -1
120 19 119 -1
121 64 120 -1
122 50 121 50
123 3 61 -1
124 102 123 -1
125 119 124 -1
126 34 125 34
127 30 46 -1
128 15 27 -1
129 61 128 -1
130 14 129 -1
131 127 130 46
132 43 63 -1
133 13 132 -1
134 62 127 -1
135 133 134 30
136 12 29 -1
137 45 62 -1
138 61 137 -1
139 42 138 -1
140 136 139 29
141 28 60 -1
142 43 141 -1
143 9 136 -1
144 142 143 60
145 11 44 -1
146 41 61 -1
147 145 146 -1
148 141 147 28
149 14 30 -1
150 11 31 -1
151 149 150 -1
152 137 151 62
153 29 149 -1
154 47 59 -1
155 153 154 -1
156 134 155 14
157 13 153 -1
158 26 90 -1
159 157 158 -1
160 45 159 45
161 70 157 -1
162 10 61 -1
163 161 162 61
164 43 59 -1
165 56 145 -1
166 26 164 -1
167 165 166 11
168 27 60 -1
169 164 168 -1
170 40 169 -1
171 10 170 27
172 45 57 -1
173 12 44 -1
174 172 173 -1
175 168 174 12
176 13 28 -1
177 59 173 -1
178 25 177 -1
179 176 178 44
180 46 58 -1
181 176 180 -1
182 45 181 -1
183 61 182 13
184 11 42 -1
185 8 184 -1
186 142 169 -1
187 185 186 59
188 42 58 -1
189 10 25 -1
190 55 189 -1
191 132 190 -1
192 188 191 10
193 9 26 -1
194 39 188 -1
195 154 193 -1
196 194 195 26
197 10 26 -1
198 23 31 -1
199 57 198 -1
200 184 197 -1
201 199 200 42
202 129 146 -1
203 197 202 -1
204 58 203 -1
205 7 204 58
206 25 57 -1
207 6 14 -1
208 193 206 -1
209 40 208 -1
210 207 209 57
211 8 180 -1
212 38 41 -1
213 211 212 -1
214 206 213 25
215 40 56 -1
216 8 198 -1
217 53 146 -1
218 215 217 -1
219 216 218 8
220 24 172 -1
221 9 146 -1
222 54 221 -1
223 139 222 -1
224 220 223 9
225 215 220 -1
226 7 225 -1
227 37 226 -1
228 15 227 24
229 39 54 -1
230 7 229 -1
231 0 20 -1
232 216 230 -1
233 231 232 39
234 22 54 -1
235 3 207 -1
236 37 234 -1
237 235 236 -1
238 23 237 54
239 55 234 -1
240 230 239 -1
241 52 85 -1
242 240 241 -1
243 40 242 7
244 35 46 -1
245 38 244 -1
246 5 239 -1
247 245 246 22
248 111 116 -1
249 36 123 -1
250 31 47 -1
251 248 250 -1
252 249 251 3
253 6 38 -1
