64 14 30 -1
65 1 64 -1
66 48 65 -1
67 33 66 48
68 17 49 -1
69 32 64 -1
70 68 69 32
71 46 62 -1
72 68 71 -1
73 0 72 0
74 33 71 -1
75 16 74 -1
76 1 75 16
77 15 31 -1
78 18 77 -1
79 33 50 -1
80 78 79 33
81 2 34 -1
82 49 81 -1
83 77 82 49
84 47 63 -1
85 82 84 -1
86 68 85 17
87 50 84 -1
88 18 87 -1
89 1 88 1
90 16 48 -1
91 45 61 -1
92 15 90 -1
93 91 92 15
94 0 32 -1
95 31 91 -1
96 94 95 31
97 13 29 -1
98 47 97 -1
99 90 98 47
100 94 98 -1
101 84 100 63
102 10 26 -1
103 29 61 -1
104 44 103 -1
105 102 104 44
106 42 58 -1
107 103 106 -1
108 12 107 12
109 13 45 -1
110 28 109 -1
111 106 110 28
112 60 109 -1
113 102 112 60
114 20 52 -1
115 49 74 -1
116 114 115 -1
117 3 116 3
118 17 65 -1
119 35 114 -1
120 118 119 35
121 4 36 -1
122 19 121 -1
123 115 122 19
124 51 118 -1
125 121 124 51
126 110 112 -1
127 9 25 -1
128 126 127 -1
129 43 128 43
130 41 57 -1
131 11 130 -1
132 126 131 11
133 12 44 -1
134 27 130 -1
135 133 134 27
136 59 133 -1
137 127 136 59
138 93 99 -1
139 108 111 -1
140 138 139 -1
141 62 140 62
142 96 101 -1
143 46 142 -1
144 139 143 46
145 104 112 -1
146 138 145 -1
147 30 146 30
148 14 145 -1
149 142 148 14
150 8 24 -1
151 11 43 -1
152 150 151 -1
153 58 152 58
154 27 59 -1
155 42 154 -1
156 150 155 42
157 40 56 -1
158 26 151 -1
159 157 158 26
160 10 157 -1
161 154 160 10
162 129 137 -1
163 141 147 -1
164 162 163 -1
165 13 164 13
166 144 149 -1
167 162 166 -1
168 29 167 29
169 151 154 -1
170 61 167 -1
171 169 170 61
172 45 164 -1
173 169 172 45
174 3 35 -1
175 16 32 -1
176 50 174 -1
177 175 176 50
178 19 51 -1
179 2 175 -1
180 178 179 2
181 0 48 -1
182 18 181 -1
183 174 182 18
184 178 181 -1
185 34 184 34
186 23 77 -1
187 7 186 -1
188 10 42 -1
189 57 188 -1
190 187 189 57
191 26 58 -1
192 41 187 -1
193 191 192 41
194 55 84 -1
195 39 194 -1
196 25 188 -1
197 195 196 25
198 9 195 -1
199 191 198 9
200 36 52 -1
201 23 200 -1
202 6 194 -1
203 201 202 6
204 4 20 -1
205 186 204 -1
206 38 55 -1
207 205 206 38
208 7 39 -1
209 54 205 -1
210 23 209 -1
211 208 210 54
212 200 208 -1
213 22 84 -1
214 212 213 22
215 53 90 -1
216 21 215 -1
217 34 87 -1
218 216 217 -1
219 4 218 4
220 2 78 -1
221 36 220 -1
222 216 221 36
223 5 94 -1
224 37 223 -1
225 200 224 -1
226 221 225 52
227 217 224 -1
228 20 227 20
229 8 40 -1
230 21 55 -1
231 223 230 -1
232 229 231 55
233 24 56 -1
234 7 37 -1
235 215 234 -1
236 233 235 7
237 5 53 -1
238 23 229 -1
239 224 238 -1
240 237 239 23
241 39 233 -1
242 237 241 -1
243 216 242 39
244 6 64 -1
245 22 244 -1
246 25 57 -1
247 40 245 -1
248 246 247 40
249 9 41 -1
250 56 249 -1
251 245 250 56
252 54 71 -1
253 38 252 -1
254 233 250 -1
255 253 254 24
256 8 253 -1
257 246 256 8
258 35 51 -1
259 5 258 -1
260 22 252 -1
261 259 260 5
262 3 19 -1
263 53 244 -1
264 38 263 -1
265 262 264 53
266 6 54 -1
267 253 266 -1
268 21 267 -1
269 258 268 21
270 37 266 -1
271 262 270 -1
272 245 271 37
