64 31 63 -1
65 18 64 -1
66 32 65 -1
67 2 66 32
68 34 50 -1
69 0 64 -1
70 68 69 0
71 15 47 -1
72 16 71 -1
73 68 72 16
74 2 71 -1
75 48 74 -1
76 18 75 48
77 33 49 -1
78 30 62 -1
79 77 78 -1
80 15 79 15
81 1 17 -1
82 47 78 -1
83 81 82 47
84 14 46 -1
85 31 84 -1
86 77 85 31
87 81 85 -1
88 64 87 63
89 0 16 -1
90 13 45 -1
91 62 90 -1
92 89 91 62
93 32 48 -1
94 78 93 -1
95 91 94 30
96 29 61 -1
97 93 96 -1
98 14 97 14
99 89 96 -1
100 46 99 46
101 11 27 -1
102 24 56 -1
103 41 101 -1
104 102 103 41
105 43 59 -1
106 102 105 -1
107 9 106 9
108 8 40 -1
109 101 108 -1
110 57 109 57
111 25 105 -1
112 108 111 25
113 1 49 -1
114 36 52 -1
115 18 114 -1
116 113 115 18
117 4 20 -1
118 34 117 -1
119 113 118 34
120 17 33 -1
121 2 114 -1
122 120 121 2
123 68 118 -1
124 120 123 50
125 28 60 -1
126 47 63 -1
127 13 125 -1
128 126 127 13
129 12 44 -1
130 29 129 -1
131 126 130 29
132 15 31 -1
133 127 132 -1
134 90 133 45
135 96 132 -1
136 130 135 61
137 44 60 -1
138 25 57 -1
139 137 138 -1
140 10 139 10
141 9 41 -1
142 26 141 -1
143 137 142 26
144 12 28 -1
145 42 144 -1
146 138 145 42
147 141 144 -1
148 58 147 58
149 128 131 -1
150 140 146 -1
151 59 150 -1
152 149 151 59
153 134 136 -1
154 27 153 -1
155 150 154 27
156 143 148 -1
157 149 156 -1
158 43 157 43
159 154 156 -1
160 101 159 11
161 11 43 -1
162 14 30 -1
163 161 162 -1
164 60 163 60
165 27 59 -1
166 44 162 -1
167 165 166 44
168 46 62 -1
169 161 168 -1
170 28 169 28
171 165 168 -1
172 12 171 12
173 0 48 -1
174 35 51 -1
175 17 173 -1
176 174 175 17
177 3 19 -1
178 120 175 -1
179 177 178 33
180 89 93 -1
181 77 179 -1
182 180 181 49
183 81 180 -1
184 176 183 1
185 21 89 -1
186 5 185 -1
187 50 65 -1
188 35 187 -1
189 186 188 35
190 34 74 -1
191 186 190 -1
192 51 191 51
193 37 93 -1
194 53 193 -1
195 190 194 -1
196 19 195 19
197 187 194 -1
198 3 197 3
199 53 185 -1
200 8 24 -1
201 38 199 -1
202 200 201 38
203 5 193 -1
204 40 56 -1
205 22 204 -1
206 203 205 22
207 180 200 -1
208 54 203 -1
209 207 208 54
210 6 199 -1
211 180 210 -1
212 204 211 6
213 39 71 -1
214 7 213 -1
215 42 58 -1
216 24 214 -1
217 215 216 24
218 10 26 -1
219 102 216 -1
220 218 219 56
221 23 64 -1
222 55 221 -1
223 40 218 -1
224 222 223 40
225 8 215 -1
226 222 225 8
227 4 36 -1
228 213 227 -1
229 21 55 -1
230 228 229 21
231 20 52 -1
232 7 37 -1
233 231 232 -1
234 221 233 37
235 23 39 -1
236 53 214 -1
237 227 235 -1
238 236 237 53
239 222 235 -1
240 5 231 -1
241 239 240 5
242 54 77 -1
243 38 242 -1
244 19 51 -1
245 4 243 -1
246 244 245 4
247 3 35 -1
248 20 243 -1
249 247 248 20
250 6 81 -1
251 22 250 -1
252 247 251 -1
253 52 252 52
254 36 244 -1
255 251 254 36
256 41 57 -1
257 7 256 -1
258 22 257 -1
259 242 258 7
260 6 54 -1
261 243 256 -1
262 23 261 -1
263 260 262 23
264 9 25 -1
265 251 264 -1
266 39 260 -1
267 265 266 39
268 38 55 -1
269 250 264 -1
270 268 269 55
