64 47 63 -1
65 16 48 -1
66 1 64 -1
67 65 66 1
68 15 31 -1
69 33 65 -1
70 68 69 33
71 0 32 -1
72 49 71 -1
73 68 72 49
74 17 71 -1
75 64 74 17
76 15 47 -1
77 46 62 -1
78 76 77 -1
79 16 78 16
80 31 63 -1
81 77 80 -1
82 0 81 0
83 14 30 -1
84 80 83 -1
85 32 84 32
86 76 83 -1
87 48 86 48
88 12 61 -1
89 27 44 -1
90 88 89 -1
91 11 90 61
92 10 26 -1
93 59 89 -1
94 92 93 44
95 11 43 -1
96 60 95 -1
97 92 96 60
98 42 58 -1
99 28 95 -1
100 98 99 28
101 12 93 -1
102 98 101 -1
103 44 102 12
104 27 43 -1
105 29 101 -1
106 104 105 29
107 45 60 -1
108 99 107 -1
109 104 108 45
110 29 46 -1
111 28 110 -1
112 88 111 46
113 13 30 -1
114 44 113 -1
115 107 114 30
116 110 113 -1
117 84 116 -1
118 31 117 63
119 15 116 -1
120 78 119 47
121 26 41 -1
122 57 121 -1
123 11 122 -1
124 58 123 11
125 40 56 -1
126 9 125 -1
127 121 126 26
128 25 57 -1
129 10 125 -1
130 128 129 10
131 42 122 -1
132 27 131 -1
133 92 132 27
134 127 130 -1
135 131 134 -1
136 59 135 59
137 8 24 -1
138 128 137 -1
139 42 138 42
140 98 134 -1
141 139 140 -1
142 92 141 58
143 104 133 -1
144 140 143 43
145 13 45 -1
146 62 145 -1
147 12 28 -1
148 146 147 62
149 112 148 -1
150 119 149 15
151 81 149 -1
152 118 151 31
153 84 115 -1
154 151 153 14
155 108 145 -1
156 11 155 -1
157 59 156 13
158 79 82 -1
159 70 158 -1
160 50 159 -1
161 67 160 50
162 73 75 -1
163 34 162 -1
164 158 163 34
165 85 87 -1
166 162 165 -1
167 2 166 2
168 18 165 -1
169 70 168 -1
170 67 169 18
171 37 53 -1
172 6 38 -1
173 23 171 -1
174 172 173 23
175 22 54 -1
176 7 175 -1
177 171 176 7
178 5 21 -1
179 55 178 -1
180 172 179 55
181 39 175 -1
182 178 181 39
183 75 169 -1
184 84 183 -1
185 161 184 -1
186 35 185 35
187 81 168 -1
188 73 160 -1
189 3 188 -1
190 187 189 3
191 2 18 -1
192 68 191 -1
193 19 36 -1
194 51 192 -1
195 193 194 36
196 3 52 -1
197 35 192 -1
198 196 197 52
199 34 50 -1
200 64 199 -1
201 185 200 -1
202 194 201 51
203 3 200 -1
204 20 35 -1
205 203 204 20
206 4 51 -1
207 19 200 -1
208 206 207 4
209 190 203 -1
210 192 209 -1
211 19 210 19
212 21 36 -1
213 78 212 -1
214 35 206 -1
215 213 214 21
216 52 212 -1
217 64 216 -1
218 6 53 -1
219 217 218 6
220 37 217 -1
221 22 178 -1
222 220 221 22
223 4 53 -1
224 3 223 -1
225 86 193 -1
226 224 225 53
227 20 37 -1
228 84 196 -1
229 19 227 -1
230 228 229 37
231 226 230 -1
232 38 231 -1
233 220 232 38
234 171 231 -1
235 178 234 -1
236 215 235 5
237 220 235 -1
238 54 237 54
239 40 55 -1
240 39 239 -1
241 64 240 -1
242 25 241 -1
243 8 242 25
244 24 126 -1
245 241 244 9
246 6 22 -1
247 23 84 -1
248 239 246 -1
249 247 248 40
250 176 246 -1
251 56 86 -1
252 181 251 -1
253 250 252 56
254 249 253 -1
255 241 254 -1
256 24 41 -1
257 255 256 41
258 128 243 -1
259 125 254 -1
260 258 259 57
261 39 78 -1
262 172 261 -1
263 250 262 -1
264 24 263 24
265 259 263 -1
266 8 265 8
