64 0 16 -1
65 15 62 -1
66 47 65 -1
67 64 66 62
68 46 63 -1
69 64 68 -1
70 31 69 46
71 14 29 -1
72 47 68 -1
73 71 72 29
74 44 61 -1
75 71 74 -1
76 30 75 44
77 12 27 -1
78 74 77 -1
79 45 78 27
80 30 45 -1
81 31 65 -1
82 80 81 45
83 13 60 -1
84 14 80 -1
85 83 84 60
86 42 59 -1
87 28 77 -1
88 86 87 42
89 28 43 -1
90 29 89 -1
91 83 90 43
92 10 25 -1
93 43 92 -1
94 86 93 25
95 11 58 -1
96 12 95 -1
97 89 96 58
98 26 41 -1
99 27 95 -1
100 98 99 41
101 40 57 -1
102 26 92 -1
103 101 102 40
104 9 56 -1
105 98 104 -1
106 10 105 56
107 32 48 -1
108 14 31 -1
109 63 108 -1
110 107 109 14
111 30 47 -1
112 107 111 -1
113 15 112 30
114 46 61 -1
115 108 114 -1
116 15 115 61
117 12 29 -1
118 62 117 -1
119 114 118 12
120 13 62 -1
121 63 111 -1
122 120 121 13
123 44 59 -1
124 13 117 -1
125 123 124 59
126 28 45 -1
127 120 126 -1
128 46 127 28
129 10 27 -1
130 123 129 -1
131 60 130 10
132 42 57 -1
133 11 129 -1
134 132 133 57
135 11 60 -1
136 61 126 -1
137 135 136 11
138 26 43 -1
139 44 135 -1
140 138 139 26
141 9 58 -1
142 59 138 -1
143 141 142 9
144 24 41 -1
145 42 144 -1
146 141 145 24
147 8 25 -1
148 58 132 -1
149 147 148 8
150 0 32 -1
151 33 49 -1
152 150 151 -1
153 31 152 31
154 1 17 -1
155 150 154 -1
156 63 155 63
157 64 107 -1
158 152 157 -1
159 15 158 15
160 155 157 -1
161 47 160 47
162 17 49 -1
163 2 18 -1
164 32 163 -1
165 162 164 32
166 1 33 -1
167 48 163 -1
168 166 167 48
169 34 50 -1
170 16 166 -1
171 169 170 16
172 162 169 -1
173 0 172 0
174 22 54 -1
175 7 23 -1
176 37 175 -1
177 174 176 37
178 39 55 -1
179 5 174 -1
180 178 179 5
181 6 38 -1
182 175 181 -1
183 53 182 53
184 21 181 -1
185 178 184 21
186 40 55 -1
187 9 147 -1
188 155 187 -1
189 186 188 55
190 56 107 -1
191 186 190 -1
192 23 191 -1
193 6 192 6
194 22 178 -1
195 192 194 -1
196 175 195 22
197 8 23 -1
198 152 197 -1
199 41 101 -1
200 198 199 23
201 24 64 -1
202 197 201 -1
203 55 202 -1
204 38 203 38
205 192 203 -1
206 174 196 -1
207 205 206 54
208 178 189 -1
209 205 208 39
210 175 205 -1
211 200 210 7
212 37 52 -1
213 6 22 -1
214 5 213 -1
215 155 212 -1
216 214 215 52
217 53 107 -1
218 3 20 -1
219 212 217 -1
220 218 219 3
221 36 52 -1
222 19 221 -1
223 4 222 -1
224 219 223 19
225 2 51 -1
226 222 225 -1
227 158 226 2
228 3 18 -1
229 35 228 -1
230 152 221 -1
231 229 230 18
232 21 36 -1
233 53 213 -1
234 160 232 -1
235 233 234 36
236 19 228 -1
237 64 236 -1
238 33 50 -1
239 237 238 33
240 163 239 -1
241 151 169 -1
242 240 241 49
243 227 231 -1
244 166 240 -1
245 243 244 1
246 160 168 -1
247 171 245 -1
248 246 247 17
249 216 235 -1
250 219 249 -1
251 4 51 -1
252 250 251 51
253 221 250 -1
254 35 253 -1
255 20 254 35
256 4 184 -1
257 158 174 -1
258 233 257 -1
259 256 258 4
260 4 35 -1
261 50 155 -1
262 260 261 -1
263 218 262 50
264 244 248 -1
265 154 264 -1
266 263 265 34
267 255 259 -1
268 219 260 -1
269 267 268 20
