64 15 47 -1
65 16 33 -1
66 49 64 -1
67 65 66 16
68 1 48 -1
69 64 68 -1
70 17 69 48
71 34 50 -1
72 68 71 -1
73 16 72 1
74 17 32 -1
75 0 71 -1
76 74 75 17
77 31 63 -1
78 1 74 -1
79 77 78 32
80 0 49 -1
81 33 80 -1
82 77 81 0
83 2 18 -1
84 80 83 -1
85 32 84 49
86 48 83 -1
87 65 86 33
88 0 16 -1
89 30 47 -1
90 62 89 -1
91 88 90 47
92 70 78 -1
93 90 92 15
94 13 45 -1
95 63 89 -1
96 94 95 30
97 14 46 -1
98 88 97 -1
99 63 98 63
100 32 48 -1
101 31 100 -1
102 97 101 31
103 15 31 -1
104 62 103 -1
105 94 104 62
106 29 61 -1
107 103 106 -1
108 46 107 46
109 14 30 -1
110 106 109 -1
111 95 110 14
112 29 44 -1
113 12 112 -1
114 110 113 61
115 46 62 -1
116 113 115 29
117 28 60 -1
118 13 117 -1
119 115 118 13
120 109 117 -1
121 45 120 45
122 27 59 -1
123 13 122 -1
124 112 123 44
125 45 61 -1
126 12 125 -1
127 122 126 12
128 28 43 -1
129 11 128 -1
130 125 129 28
131 29 129 -1
132 118 131 60
133 26 58 -1
134 12 128 -1
135 133 134 43
136 44 60 -1
137 11 133 -1
138 136 137 11
139 27 42 -1
140 10 139 -1
141 136 140 27
142 25 57 -1
143 139 142 -1
144 11 143 42
145 43 140 -1
146 122 145 -1
147 134 146 59
148 59 143 -1
149 145 148 10
150 26 41 -1
151 9 150 -1
152 43 59 -1
153 151 152 26
154 27 151 -1
155 137 154 58
156 24 56 -1
157 10 150 -1
158 156 157 41
159 42 58 -1
160 9 159 -1
161 156 160 9
162 8 40 -1
163 159 162 -1
164 25 163 25
165 41 57 -1
166 157 165 -1
167 162 166 57
168 8 55 -1
169 23 77 -1
170 168 169 -1
171 165 170 8
172 164 170 -1
173 160 172 40
174 39 55 -1
175 21 53 -1
176 6 174 -1
177 175 176 6
178 5 37 -1
179 22 174 -1
180 178 179 22
181 7 23 -1
182 175 181 -1
183 38 182 38
184 178 181 -1
185 54 184 54
186 24 168 -1
187 88 186 -1
188 6 38 -1
189 187 188 55
190 54 179 -1
191 187 190 39
192 7 39 -1
193 64 192 -1
194 24 193 -1
195 165 194 24
196 56 193 -1
197 9 25 -1
198 196 197 56
199 92 162 -1
200 168 199 -1
201 196 200 -1
202 190 201 7
203 183 201 -1
204 177 203 23
205 18 35 -1
206 20 77 -1
207 4 205 -1
208 50 206 -1
209 207 208 35
210 5 52 -1
211 206 210 -1
212 38 54 -1
213 211 212 5
214 176 211 -1
215 180 214 37
216 3 88 -1
217 210 216 -1
218 35 217 -1
219 21 218 52
220 4 64 -1
221 21 36 -1
222 220 221 -1
223 212 222 21
224 177 179 -1
225 222 224 53
226 51 205 -1
227 1 33 -1
228 100 226 -1
229 227 228 18
230 17 49 -1
231 228 230 -1
232 83 231 2
233 19 216 -1
234 230 233 -1
235 34 234 34
236 50 227 -1
237 233 236 50
238 37 53 -1
239 19 228 -1
240 207 239 -1
241 238 240 4
242 3 20 -1
243 100 238 -1
244 242 243 -1
245 35 244 20
246 2 34 -1
247 51 220 -1
248 20 246 -1
249 247 248 51
250 36 52 -1
251 18 250 -1
252 208 242 -1
253 251 252 3
254 19 250 -1
255 64 246 -1
256 254 255 19
257 18 254 -1
258 3 219 -1
259 226 258 -1
260 257 259 36
