22 11 15 -1 1
23 5 20 -1 1
24 10 20 -1 1
25 7 9 -1 1
26 8 21 -1 1
27 6 16 -1 1
28 2 19 -1 1
29 13 22 -1 2
30 1 26 -1 2
31 3 22 -1 2
32 23 31 7 3
33 9 18 -1 1
34 14 17 -1 1
35 0 18 -1 1
36 7 15 -1 1
37 0 10 -1 1
38 27 33 -1 2
39 10 31 -1 3
40 4 6 -1 1
41 9 17 -1 1
42 0 36 -1 2
43 14 25 -1 2
44 5 29 -1 3
45 20 25 -1 2
46 44 45 1 4
47 31 45 19 3
48 11 34 -1 2
49 4 38 -1 3
50 3 24 -1 2
51 14 30 -1 3
52 12 24 -1 2
53 0 17 -1 1
54 21 53 -1 2
55 1 24 -1 2
56 6 26 -1 2
57 15 28 -1 2
58 39 57 5 4
59 24 53 -1 2
60 8 59 6 3
61 12 20 -1 1
62 49 61 0 4
63 2 25 -1 2
64 48 63 13 3
65 16 43 -1 3
66 35 65 21 4
67 5 30 -1 3
68 37 67 18 4
69 23 56 -1 3
70 9 69 15 4
71 37 40 -1 2
72 29 71 2 3
73 28 54 -1 3
74 18 73 17 4
75 18 20 -1 1
76 67 75 10 4
77 34 40 -1 2
78 10 77 9 3
79 19 50 -1 3
80 36 79 12 4
81 13 17 -1 1
82 38 81 20 3
83 16 52 -1 3
84 11 83 8 4
85 27 42 -1 3
86 23 85 4 4
87 9 55 -1 3
88 47 87 14 4
89 4 28 -1 2
90 55 89 11 3
91 0 13 -1 1
92 51 91 16 4
93 1 41 -1 2
94 44 93 3 4
