18 0 15 -1 1
19 8 16 -1 1
20 1 6 -1 1
21 15 19 -1 2
22 12 18 -1 2
23 10 14 -1 1
24 10 17 -1 1
25 0 8 -1 1
26 11 21 -1 3
27 4 22 -1 3
28 23 27 10 4
29 3 9 -1 1
30 2 19 -1 2
31 4 10 -1 1
32 5 13 -1 1
33 13 25 -1 2
34 5 20 -1 2
35 30 34 15 3
36 5 24 -1 2
37 25 36 4 3
38 20 22 -1 3
39 1 9 -1 1
40 8 29 -1 2
41 6 7 -1 1
42 3 18 -1 2
43 16 31 -1 2
44 34 43 17 3
45 1 4 -1 1
46 26 45 9 4
47 32 42 -1 3
48 7 47 12 4
49 0 41 -1 2
50 27 49 6 4
51 17 32 -1 2
52 26 51 1 4
53 5 12 -1 1
54 37 53 5 4
55 15 43 -1 3
56 40 55 2 4
57 20 33 -1 3
58 14 57 14 4
59 22 36 -1 3
60 1 59 3 4
61 9 21 -1 3
62 5 61 7 4
63 23 33 -1 3
64 30 63 8 4
65 23 40 -1 3
66 1 65 13 4
67 2 7 -1 1
68 27 67 16 4
69 25 39 -1 2
70 26 69 11 4
71 9 17 -1 1
72 38 71 0 4
