16 6 14 -1 1
17 1 9 -1 1
18 7 8 -1 1
19 5 15 -1 1
20 10 12 -1 1
21 9 16 -1 2
22 1 4 -1 1
23 11 14 -1 1
24 5 18 -1 2
25 2 22 -1 2
26 4 19 -1 2
27 11 21 -1 3
28 8 20 -1 2
29 0 12 -1 1
30 2 24 -1 3
31 7 26 -1 3
32 1 31 4 4
33 3 17 -1 2
34 30 33 0 4
35 28 33 12 3
36 10 18 -1 2
37 14 28 -1 3
38 19 23 -1 2
39 13 15 -1 1
40 1 29 -1 2
41 37 40 5 4
42 3 23 -1 2
43 36 42 14 3
44 14 15 -1 1
45 25 44 6 3
46 17 26 -1 3
47 10 46 13 4
48 4 24 -1 3
49 29 48 9 4
50 3 14 -1 1
51 31 50 8 4
52 16 39 -1 2
53 20 52 10 3
54 4 21 -1 3
55 28 54 3 4
56 18 52 -1 3
57 45 56 1 4
58 17 38 -1 3
59 0 58 2 4
60 7 13 -1 1
61 27 60 11 4
62 3 13 -1 1
63 27 62 15 4
64 7 16 -1 2
65 30 64 7 4
