24 6 18 -1 1
25 14 22 -1 1
26 4 10 -1 1
27 12 24 -1 2
28 7 17 -1 1
29 5 13 -1 1
30 2 10 -1 1
31 16 23 -1 1
32 1 9 -1 1
33 3 9 -1 1
34 15 26 -1 2
35 27 34 18 3
36 3 13 -1 1
37 4 20 -1 1
38 5 18 -1 1
39 17 29 -1 2
40 7 21 -1 1
41 10 17 -1 1
42 6 32 -1 2
43 1 25 -1 2
44 8 25 -1 2
45 14 19 -1 1
46 34 37 -1 3
47 4 33 -1 2
48 46 47 15 4
49 14 37 -1 2
50 30 33 -1 2
51 25 30 -1 2
52 15 38 -1 2
53 27 37 -1 3
54 18 40 -1 2
55 0 12 -1 1
56 2 45 -1 2
57 24 39 -1 3
58 2 11 -1 1
59 19 31 -1 2
60 0 23 -1 1
61 17 55 -1 2
62 24 61 9 3
63 32 52 -1 3
64 28 63 3 4
65 16 60 -1 2
66 33 65 10 3
67 38 39 -1 3
68 59 67 17 4
69 30 32 -1 2
70 16 69 8 3
71 58 69 -1 3
72 6 71 6 4
73 8 28 -1 2
74 50 73 2 3
75 36 58 -1 2
76 40 75 22 3
77 15 54 -1 3
78 0 77 7 4
79 12 44 -1 3
80 36 79 20 4
81 16 49 -1 3
82 41 81 23 4
83 29 42 -1 3
84 47 83 13 4
85 49 55 -1 3
86 46 85 21 4
87 21 31 -1 2
88 43 87 16 3
89 9 23 -1 1
90 53 89 0 4
91 41 44 -1 3
92 34 91 14 4
93 20 28 -1 2
94 43 93 19 3
95 7 27 -1 3
96 56 95 4 4
97 23 51 -1 3
98 38 97 5 4
99 11 23 -1 1
100 57 99 1 4
101 26 60 -1 2
102 29 101 12 3
103 3 7 -1 1
104 46 103 11 4
