20 13 17 -1 1
21 0 5 -1 1
22 2 6 -1 1
23 1 19 -1 1
24 1 14 -1 1
25 8 17 -1 1
26 18 20 -1 2
27 13 15 -1 1
28 12 22 -1 2
29 27 28 5 3
30 11 15 -1 1
31 3 4 -1 1
32 7 16 -1 1
33 6 21 -1 2
34 10 25 -1 2
35 8 23 -1 2
36 9 24 -1 2
37 7 14 -1 1
38 27 34 -1 3
39 35 38 16 4
40 2 38 18 4
41 13 21 -1 2
42 4 26 -1 3
43 5 33 -1 3
44 0 7 -1 1
45 3 11 -1 1
46 16 31 -1 2
47 31 33 -1 3
48 4 35 -1 3
49 47 48 3 4
50 23 32 -1 2
51 1 8 -1 1
52 1 46 -1 3
53 34 52 0 4
54 11 50 -1 3
55 21 54 4 4
56 30 50 -1 3
57 51 56 11 4
58 33 36 -1 3
59 37 58 10 4
60 16 28 -1 3
61 41 60 1 4
62 19 44 -1 2
63 22 62 6 3
64 6 30 -1 2
65 36 64 13 3
66 2 15 -1 1
67 26 66 7 3
68 0 45 -1 2
69 20 68 8 3
70 4 36 -1 3
71 27 70 17 4
72 18 22 -1 2
73 25 72 9 3
74 11 19 -1 1
75 42 74 14 4
76 24 26 -1 3
77 43 76 2 4
78 13 37 -1 2
79 29 78 19 4
80 14 22 -1 2
81 47 80 15 4
82 0 17 -1 1
83 48 82 12 4
