26 0 15 -1 1
27 14 16 -1 1
28 24 25 -1 1
29 7 20 -1 1
30 22 24 -1 1
31 21 28 -1 2
32 2 23 -1 1
33 8 18 -1 1
34 1 4 -1 1
35 4 9 -1 1
36 0 11 -1 1
37 31 36 9 3
38 15 17 -1 1
39 13 38 -1 2
40 2 9 -1 1
41 0 3 -1 1
42 18 23 -1 1
43 22 26 -1 2
44 7 18 -1 1
45 20 34 -1 2
46 6 27 -1 2
47 10 27 -1 2
48 29 30 -1 2
49 47 48 1 3
50 14 48 6 3
51 26 28 -1 2
52 11 38 -1 2
53 16 26 -1 2
54 21 42 -1 2
55 20 25 -1 1
56 7 40 -1 2
57 3 55 -1 2
58 10 52 -1 3
59 32 39 -1 3
60 14 33 -1 2
61 15 21 -1 1
62 8 51 -1 3
63 5 20 -1 1
64 2 12 -1 1
65 12 22 -1 1
66 4 33 -1 2
67 17 19 -1 1
68 1 42 -1 2
69 30 68 7 3
70 33 57 -1 3
71 19 70 22 4
72 13 55 -1 2
73 56 72 15 3
74 12 53 -1 3
75 45 74 5 4
76 36 66 -1 3
77 5 76 13 4
78 30 56 -1 3
79 31 78 18 4
80 51 55 -1 3
81 49 80 0 4
82 21 63 -1 2
83 39 82 24 3
84 32 44 -1 2
85 34 84 14 3
86 0 45 -1 3
87 32 86 20 4
88 4 46 -1 3
89 41 88 21 4
90 23 67 -1 2
91 31 90 25 3
92 9 60 -1 3
93 6 92 10 4
94 29 31 -1 3
95 4 94 19 4
96 11 35 -1 2
97 43 96 12 3
98 44 52 -1 3
99 53 98 17 4
100 18 35 -1 2
101 46 100 23 3
102 30 64 -1 2
103 8 102 11 3
104 54 65 -1 3
105 19 104 16 4
106 35 61 -1 2
107 7 106 8 3
108 25 32 -1 2
109 58 108 2 4
110 6 13 -1 1
111 62 110 3 4
112 40 41 -1 2
113 59 112 4 4
