40 4 19 -1
41 25 37 -1
42 40 41 37
43 3 18 -1
44 36 43 -1
45 24 44 36
46 28 33 -1
47 6 14 -1
48 46 47 6
49 23 38 -1
50 4 16 -1
51 49 50 16
52 24 39 -1
53 5 17 -1
54 52 53 17
55 9 14 -1
56 27 35 -1
57 55 56 27
58 8 13 -1
59 26 34 -1
60 58 59 26
61 29 34 -1
62 7 15 -1
63 61 62 7
64 0 21 -1
65 62 64 -1
66 46 65 33
67 39 43 -1
68 64 67 21
69 1 20 -1
70 56 69 -1
71 58 70 13
72 19 69 -1
73 49 72 1
74 10 31 -1
75 29 58 -1
76 74 75 31
77 49 53 -1
78 74 77 23
79 11 30 -1
80 43 79 -1
81 41 80 3
82 9 79 -1
83 46 82 11
84 27 32 -1
85 10 84 -1
86 8 85 10
87 9 17 -1
88 21 36 -1
89 87 88 9
90 7 28 -1
91 12 90 -1
92 30 91 30
93 88 90 -1
94 65 93 28
95 22 37 -1
96 0 18 -1
97 95 96 0
98 26 31 -1
99 19 98 -1
100 7 99 19
101 38 98 -1
102 12 40 -1
103 101 102 4
104 74 101 -1
105 5 104 38
106 1 22 -1
107 30 40 -1
108 106 107 22
109 29 95 -1
110 16 106 -1
111 109 110 29
112 3 109 -1
113 15 112 15
114 61 110 -1
115 8 114 34
116 11 32 -1
117 20 116 -1
118 55 117 32
119 39 84 -1
120 6 116 -1
121 119 120 39
122 52 120 -1
123 18 122 24
124 5 13 -1
125 119 124 5
126 35 87 -1
127 2 23 -1
128 126 127 35
129 25 46 -1
130 91 129 -1
131 19 130 25
132 2 20 -1
133 17 132 -1
134 38 133 20
135 2 52 -1
136 10 21 -1
137 135 136 2
138 2 93 -1
139 7 138 -1
140 55 139 14
141 16 20 -1
142 35 141 -1
143 8 142 8
144 6 30 -1
145 25 144 -1
146 18 145 18
147 0 31 -1
148 61 147 -1
149 12 148 12
