40 11 36 -1
41 8 23 -1
42 40 41 -1
43 33 42 8
44 5 15 -1
45 42 44 23
46 20 30 -1
47 44 46 -1
48 41 47 30
49 18 33 -1
50 47 49 20
51 1 26 -1
52 49 51 -1
53 23 52 18
54 44 52 33
55 4 29 -1
56 40 51 -1
57 55 56 11
58 14 39 -1
59 56 58 1
60 7 22 -1
61 58 60 -1
62 4 61 39
63 26 36 -1
64 61 63 14
65 17 32 -1
66 55 65 -1
67 63 66 4
68 14 66 29
69 0 25 -1
70 60 65 -1
71 69 70 32
72 10 35 -1
73 70 72 22
74 27 37 -1
75 15 74 -1
76 50 75 5
77 44 75 -1
78 48 77 15
79 3 28 -1
80 71 73 -1
81 79 80 10
82 13 38 -1
83 80 82 0
84 16 31 -1
85 79 84 -1
86 13 85 28
87 25 35 -1
88 85 87 3
89 6 21 -1
90 82 89 -1
91 87 90 13
92 3 90 38
93 9 24 -1
94 84 89 -1
95 93 94 31
96 19 34 -1
97 94 96 21
98 2 12 -1
99 30 98 -1
100 75 99 2
101 47 100 12
102 43 53 -1
103 55 102 -1
104 26 103 36
105 36 58 -1
106 102 105 26
107 9 19 -1
108 37 107 -1
109 100 108 27
110 27 107 -1
111 101 110 37
112 28 38 -1
113 97 112 -1
114 16 113 6
115 6 112 -1
116 95 115 16
117 62 68 -1
118 69 117 -1
119 7 118 17
120 17 80 -1
121 118 120 7
122 34 93 -1
123 12 37 -1
124 122 123 9
125 2 122 -1
126 110 125 19
127 7 17 -1
128 25 127 -1
129 81 128 35
130 83 127 -1
131 35 130 25
132 6 16 -1
133 93 123 -1
134 132 133 24
135 24 126 -1
136 132 135 34
