40 9 39 -1
41 11 21 -1
42 0 18 -1
43 40 41 -1
44 42 43 39
45 28 30 -1
46 43 45 9
47 7 19 -1
48 44 46 -1
49 47 48 28
50 29 37 -1
51 48 50 18
52 26 38 -1
53 47 50 -1
54 52 53 7
55 8 16 -1
56 53 55 37
57 27 35 -1
58 52 55 -1
59 57 58 16
60 5 17 -1
61 58 60 26
62 6 14 -1
63 59 61 -1
64 62 63 35
65 24 36 -1
66 63 65 5
67 25 33 -1
68 62 65 -1
69 67 68 14
70 3 15 -1
71 68 70 24
72 12 30 -1
73 33 41 -1
74 3 73 -1
75 72 74 21
76 0 22 -1
77 74 76 11
78 29 31 -1
79 72 76 -1
80 78 79 0
81 1 19 -1
82 79 81 30
83 8 10 -1
84 78 81 -1
85 83 84 29
86 20 38 -1
87 84 86 19
88 83 86 -1
89 9 88 -1
90 17 89 38
91 27 40 -1
92 89 91 8
93 28 36 -1
94 17 91 -1
95 93 94 17
96 6 18 -1
97 94 96 27
98 25 37 -1
99 95 97 -1
100 98 99 6
101 7 15 -1
102 99 101 36
103 4 16 -1
104 98 101 -1
105 103 104 25
106 26 34 -1
107 104 106 15
108 5 13 -1
109 103 106 -1
110 108 109 34
111 23 35 -1
112 109 111 4
113 22 34 -1
114 69 71 -1
115 29 113 -1
116 114 115 3
117 4 12 -1
118 19 114 -1
119 117 118 33
120 1 23 -1
121 113 117 -1
122 20 120 -1
123 121 122 12
124 13 31 -1
125 10 124 -1
126 121 125 22
127 122 124 -1
128 2 127 31
129 32 120 -1
130 125 129 1
131 128 130 -1
132 21 131 -1
133 39 132 10
134 43 133 20
135 2 14 -1
136 110 112 -1
137 9 136 -1
138 135 137 23
139 24 32 -1
140 39 139 -1
141 136 140 13
142 21 139 -1
143 135 142 -1
144 3 143 -1
145 0 144 32
146 73 143 -1
147 30 146 2
