40 2 22 -1
41 11 31 -1
42 9 10 -1
43 40 41 -1
44 42 43 31
45 29 30 -1
46 43 45 11
47 8 17 -1
48 44 46 -1
49 47 48 29
50 28 37 -1
51 48 50 9
52 25 36 -1
53 47 50 -1
54 52 53 17
55 5 16 -1
56 53 55 37
57 24 33 -1
58 52 55 -1
59 57 58 5
60 4 13 -1
61 58 60 25
62 0 20 -1
63 9 18 -1
64 41 62 -1
65 63 64 20
66 29 38 -1
67 64 66 0
68 26 37 -1
69 65 67 -1
70 68 69 18
71 6 17 -1
72 69 71 38
73 5 14 -1
74 68 71 -1
75 73 74 26
76 25 34 -1
77 74 76 6
78 19 39 -1
79 27 38 -1
80 62 78 -1
81 79 80 19
82 7 18 -1
83 80 82 39
84 6 15 -1
85 81 83 -1
86 84 85 27
87 26 35 -1
88 85 87 7
89 23 34 -1
90 86 88 -1
91 89 90 15
92 3 14 -1
93 90 92 35
94 10 21 -1
95 13 33 -1
96 40 95 -1
97 94 96 2
98 1 30 -1
99 96 98 22
100 97 99 -1
101 8 19 -1
102 100 101 30
103 28 39 -1
104 100 103 10
105 7 16 -1
106 101 103 -1
107 105 106 28
108 27 36 -1
109 106 108 8
110 24 35 -1
111 107 109 -1
112 110 111 16
113 4 15 -1
114 111 113 36
115 23 32 -1
116 112 114 -1
117 115 116 -1
118 39 117 4
119 3 12 -1
120 19 116 -1
121 119 120 24
122 115 119 -1
123 0 122 -1
124 31 123 12
125 64 124 32
126 1 12 -1
127 59 61 -1
128 101 126 -1
129 127 128 33
130 21 32 -1
131 103 127 -1
132 130 131 13
133 126 130 -1
134 20 133 -1
135 39 134 1
136 80 135 21
137 89 92 -1
138 2 137 -1
139 11 138 -1
140 63 139 23
141 66 139 -1
142 43 141 3
143 75 77 -1
144 2 143 -1
145 13 144 -1
146 9 145 34
147 29 145 -1
148 96 147 14
