40 21 31 -1
41 15 25 -1
42 8 40 -1
43 41 42 15
44 1 11 -1
45 38 44 -1
46 41 45 25
47 5 35 -1
48 18 40 -1
49 47 48 5
50 28 44 -1
51 47 50 35
52 22 32 -1
53 6 36 -1
54 19 52 -1
55 53 54 6
56 2 12 -1
57 29 56 -1
58 53 57 36
59 16 26 -1
60 9 52 -1
61 59 60 16
62 39 56 -1
63 59 62 26
64 0 10 -1
65 14 24 -1
66 37 65 -1
67 64 66 24
68 20 30 -1
69 7 65 -1
70 68 69 14
71 4 34 -1
72 27 64 -1
73 71 72 34
74 17 71 -1
75 68 74 4
76 3 33 -1
77 26 76 -1
78 9 19 -1
79 77 78 33
80 57 77 -1
81 63 80 3
82 23 36 -1
83 13 82 -1
84 78 83 23
85 62 83 -1
86 58 85 13
87 64 77 -1
88 30 82 -1
89 87 88 10
90 3 20 -1
91 83 87 -1
92 90 91 0
93 13 90 -1
94 73 75 -1
95 93 94 27
96 69 93 -1
97 67 96 37
98 10 33 -1
99 23 98 -1
100 94 99 17
101 66 99 -1
102 70 101 7
103 68 86 -1
104 81 103 -1
105 98 104 30
106 23 104 -1
107 0 106 20
108 5 22 -1
109 15 108 -1
110 55 58 -1
111 109 110 29
112 9 109 -1
113 62 112 39
114 12 35 -1
115 25 114 -1
116 110 115 19
117 39 115 -1
118 60 117 9
119 46 56 -1
120 51 119 -1
121 108 120 2
122 109 121 -1
123 32 122 12
124 49 52 -1
125 43 124 -1
126 114 125 32
127 2 115 -1
128 126 127 22
129 11 34 -1
130 24 129 -1
131 49 51 -1
132 130 131 18
133 38 42 -1
134 130 133 8
135 4 21 -1
136 14 135 -1
137 131 136 28
138 8 136 -1
139 45 138 38
140 70 75 -1
141 40 140 -1
142 129 141 31
143 1 130 -1
144 142 143 21
145 44 73 -1
146 67 145 -1
147 135 146 1
148 31 136 -1
149 147 148 11
