48 15 22 -1
49 7 14 -1
50 23 30 -1
51 6 47 -1
52 39 46 -1
53 31 38 -1
54 17 42 -1
55 10 33 -1
56 1 26 -1
57 9 34 -1
58 18 41 -1
59 2 25 -1
60 8 27 -1
61 24 43 -1
62 20 53 -1
63 11 40 -1
64 36 51 -1
65 4 48 -1
66 0 19 -1
67 3 32 -1
68 44 49 -1
69 28 52 -1
70 16 35 -1
71 12 50 -1
72 39 40 -1
73 23 24 -1
74 15 16 -1
75 54 72 -1
76 58 74 -1
77 56 73 -1
78 7 8 -1
79 0 47 -1
80 55 78 -1
81 31 32 -1
82 57 81 -1
83 59 79 -1
84 33 65 -1
85 4 53 -1
86 25 68 -1
87 44 50 -1
88 9 69 -1
89 28 49 -1
90 8 32 -1
91 1 62 -1
92 20 51 -1
93 0 24 -1
94 30 45 -1
95 17 64 -1
96 36 48 -1
97 16 40 -1
98 41 71 -1
99 40 56 -1
100 8 54 -1
101 18 29 -1
102 32 58 -1
103 16 59 -1
104 21 88 -1
105 29 95 -1
106 1 83 -1
107 41 75 -1
108 37 86 -1
109 2 89 -1
110 24 55 -1
111 0 57 -1
112 10 96 -1
113 26 37 -1
114 9 80 -1
115 13 91 -1
116 33 82 -1
117 41 77 -1
118 27 42 -1
119 12 92 -1
120 17 76 -1
121 5 52 -1
122 34 121 -1
123 6 104 -1
124 90 123 14
125 60 117 -1
126 84 125 17
127 14 105 -1
128 97 127 6
129 22 108 -1
130 93 129 46
131 84 90 -1
132 94 131 38
133 93 115 -1
134 46 133 22
135 26 52 -1
136 103 135 -1
137 60 136 40
138 5 98 -1
139 97 138 -1
140 38 139 30
141 17 88 -1
142 83 141 -1
143 67 142 41
144 14 39 -1
145 21 106 -1
146 144 145 23
147 22 29 -1
148 47 147 -1
149 114 148 15
150 48 67 -1
151 99 150 -1
152 2 151 16
153 42 61 -1
154 102 153 -1
155 49 154 24
156 9 91 -1
157 61 75 -1
158 156 157 1
159 23 116 -1
160 5 46 -1
161 159 160 39
162 53 66 -1
163 100 162 -1
164 18 163 0
165 38 45 -1
166 26 45 -1
167 33 86 -1
168 76 167 -1
169 66 168 25
170 2 110 -1
171 25 95 -1
172 63 80 -1
173 171 172 33
174 37 165 -1
175 71 162 -1
176 174 175 21
177 34 110 -1
178 51 70 -1
179 177 178 32
180 6 13 -1
181 31 180 -1
182 107 181 31
183 7 37 -1
184 30 183 -1
185 120 184 7
186 70 98 -1
187 1 82 -1
188 186 187 9
189 5 180 -1
190 69 189 -1
191 178 190 5
192 15 25 -1
193 165 192 -1
194 77 193 47
195 10 50 -1
196 63 195 -1
197 111 196 8
198 21 150 -1
199 147 198 -1
200 68 199 37
201 15 85 -1
202 87 113 -1
203 19 201 -1
204 202 203 12
205 19 116 -1
206 115 118 -1
207 119 205 -1
208 206 207 35
209 92 109 -1
210 39 209 -1
211 43 210 -1
212 13 211 36
213 31 119 -1
214 35 121 -1
215 42 214 -1
216 213 215 44
217 74 111 -1
218 156 217 -1
219 166 218 -1
220 163 219 26
221 62 160 -1
222 135 221 -1
223 60 222 -1
224 166 223 13
225 37 63 -1
226 65 225 -1
227 29 226 -1
228 23 227 29
229 73 122 -1
230 88 103 -1
231 118 229 -1
232 230 231 18
233 7 87 -1
234 11 96 -1
235 101 234 -1
236 233 235 20
237 7 64 -1
238 61 237 -1
239 13 238 -1
240 21 239 45
241 21 112 -1
242 89 241 -1
243 47 242 -1
244 3 243 28
245 75 170 -1
246 21 120 -1
247 245 246 -1
248 155 168 -1
249 247 248 2
250 7 35 -1
251 145 250 -1
252 127 242 -1
253 43 252 -1
254 251 253 19
255 51 107 -1
256 35 209 -1
257 104 255 -1
258 256 257 -1
259 27 258 27
260 32 79 -1
261 10 151 -1
262 101 261 -1
263 260 262 -1
264 84 263 42
265 12 113 -1
266 11 58 -1
267 265 266 -1
268 78 111 -1
269 267 268 34
270 72 81 -1
271 13 245 -1
272 35 270 -1
273 271 272 -1
274 36 273 10
275 34 71 -1
276 27 52 -1
277 275 276 -1
278 85 94 -1
279 277 278 4
280 130 149 -1
281 99 263 -1
282 87 112 -1
283 280 281 -1
284 61 283 -1
285 282 284 11
286 11 117 -1
287 53 203 -1
288 192 287 -1
289 50 122 -1
290 288 289 -1
291 286 290 43
292 3 85 -1
293 11 44 -1
294 166 293 -1
295 292 294 -1
296 84 120 -1
297 295 296 3
