48 15 23 -1
49 39 47 -1
50 30 48 -1
51 6 49 -1
52 7 22 -1
53 31 46 -1
54 1 8 -1
55 25 32 -1
56 31 38 -1
57 23 56 -1
58 33 40 -1
59 9 16 -1
60 0 41 -1
61 7 14 -1
62 47 61 -1
63 17 24 -1
64 16 53 -1
65 40 52 -1
66 29 36 -1
67 21 66 -1
68 13 28 -1
69 37 44 -1
70 5 20 -1
71 4 45 -1
72 39 57 -1
73 15 62 -1
74 12 27 -1
75 35 51 -1
76 34 42 -1
77 10 18 -1
78 11 50 -1
79 3 43 -1
80 19 26 -1
81 7 67 -1
82 6 14 -1
83 21 68 -1
84 6 70 -1
85 41 50 -1
86 58 60 -1
87 29 69 -1
88 30 87 -1
89 16 86 -1
90 8 32 -1
91 1 59 -1
92 85 90 -1
93 24 51 -1
94 25 93 -1
95 2 17 -1
96 63 64 -1
97 0 96 -1
98 39 95 -1
99 55 77 -1
100 40 63 -1
101 45 56 -1
102 71 78 -1
103 88 102 29
104 12 101 -1
105 13 38 -1
106 5 104 -1
107 44 102 -1
108 34 86 -1
109 92 108 8
110 11 58 -1
111 24 65 -1
112 37 38 -1
113 4 19 -1
114 46 72 -1
115 20 74 -1
116 22 73 -1
117 10 59 -1
118 29 116 -1
119 15 26 -1
120 28 75 -1
121 33 42 -1
122 27 54 -1
123 5 8 -1
124 2 36 -1
125 10 79 -1
126 118 125 -1
127 3 18 -1
128 45 127 -1
129 80 110 -1
130 114 123 -1
131 9 130 39
132 57 129 -1
133 30 106 -1
134 64 133 30
135 93 117 -1
136 90 135 32
137 93 96 -1
138 13 137 31
139 54 97 -1
140 98 139 40
141 61 94 -1
142 21 141 23
143 80 104 -1
144 107 143 12
145 83 84 -1
146 75 145 5
147 128 132 -1
148 41 147 3
149 65 81 -1
150 82 149 6
151 33 118 -1
152 32 151 15
153 65 85 -1
154 37 153 7
155 14 88 -1
156 22 155 -1
157 0 156 46
158 34 113 -1
159 115 158 -1
160 114 159 4
161 25 73 -1
162 19 161 -1
163 89 162 25
164 8 57 -1
165 89 121 -1
166 164 165 0
167 1 50 -1
168 0 167 -1
169 101 168 47
170 78 99 -1
171 32 82 -1
172 83 171 -1
173 46 172 14
174 79 170 -1
175 37 174 -1
176 33 175 11
177 43 47 -1
178 68 177 -1
179 81 178 45
180 35 94 -1
181 41 44 -1
182 99 181 -1
183 98 182 2
184 48 111 -1
185 86 122 -1
186 184 185 17
187 66 126 -1
188 44 187 -1
189 28 188 28
190 107 128 -1
191 36 190 -1
192 52 191 20
193 42 53 -1
194 115 193 -1
195 120 194 44
196 3 69 -1
197 15 81 -1
198 196 197 37
199 23 106 -1
200 112 199 -1
201 113 200 21
202 72 100 -1
203 43 202 -1
204 91 203 1
205 31 92 -1
206 91 205 -1
207 35 206 9
208 0 55 -1
209 119 208 -1
210 111 209 16
211 126 180 -1
212 98 211 -1
213 82 212 19
214 46 84 -1
215 24 105 -1
216 214 215 22
217 49 208 -1
218 59 217 -1
219 3 96 -1
220 218 219 41
221 124 137 -1
222 135 221 -1
223 46 222 -1
224 121 223 10
225 8 71 -1
226 112 225 -1
227 22 226 -1
228 30 227 38
229 61 124 -1
230 43 229 -1
231 120 230 -1
232 20 231 36
233 27 106 -1
234 105 233 -1
235 20 234 -1
236 39 235 13
237 130 132 -1
238 34 185 -1
239 31 238 -1
240 237 239 43
241 62 100 -1
242 32 241 -1
243 18 242 -1
244 16 243 24
245 14 90 -1
246 63 110 -1
247 141 245 -1
248 246 247 33
249 76 120 -1
250 122 249 -1
251 68 250 -1
252 19 251 -1
253 9 252 35
254 95 180 -1
255 23 254 -1
256 91 249 -1
257 63 256 -1
258 255 257 18
259 177 254 -1
260 27 42 -1
261 142 259 -1
262 59 260 -1
263 261 262 27
264 129 167 -1
265 32 113 -1
266 170 264 -1
267 265 266 -1
268 47 267 42
269 41 76 -1
270 119 269 -1
271 17 270 -1
272 54 271 -1
273 20 272 26
274 22 26 -1
275 9 274 -1
276 12 108 -1
277 18 275 -1
278 276 277 -1
279 65 278 34
