48 39 46 -1
49 9 32 -1
50 0 25 -1
51 7 14 -1
52 16 41 -1
53 23 30 -1
54 6 47 -1
55 17 40 -1
56 31 38 -1
57 8 33 -1
58 1 24 -1
59 15 22 -1
60 5 31 -1
61 13 39 -1
62 23 45 -1
63 15 37 -1
64 7 29 -1
65 21 47 -1
66 12 56 -1
67 20 48 -1
68 4 53 -1
69 44 59 -1
70 28 54 -1
71 36 51 -1
72 26 40 -1
73 25 32 -1
74 19 52 -1
75 11 57 -1
76 17 24 -1
77 58 72 -1
78 8 42 -1
79 0 41 -1
80 35 49 -1
81 3 50 -1
82 2 16 -1
83 8 48 -1
84 50 51 -1
85 52 53 -1
86 16 54 -1
87 55 56 -1
88 38 61 -1
89 46 62 -1
90 10 31 -1
91 1 80 -1
92 6 60 -1
93 57 59 -1
94 15 78 -1
95 20 43 -1
96 4 29 -1
97 13 19 -1
98 23 82 -1
99 12 37 -1
100 18 43 -1
101 4 27 -1
102 10 18 -1
103 7 34 -1
104 3 75 -1
105 20 45 -1
106 32 51 -1
107 21 44 -1
108 27 58 -1
109 5 11 -1
110 28 34 -1
111 86 88 -1
112 87 111 31
113 85 91 -1
114 90 113 9
115 78 87 -1
116 79 115 0
117 73 77 -1
118 59 117 16
119 24 39 -1
120 84 119 -1
121 65 120 23
122 50 83 -1
123 1 82 -1
124 122 123 40
125 27 91 -1
126 52 108 -1
127 98 126 -1
128 93 127 17
129 23 49 -1
130 60 129 -1
131 83 130 39
132 0 30 -1
133 89 96 -1
134 11 133 -1
135 63 134 29
136 32 93 -1
137 47 64 -1
138 136 137 15
139 7 40 -1
140 85 139 -1
141 63 140 7
142 74 84 -1
143 94 142 -1
144 57 143 25
145 92 99 -1
146 62 145 -1
147 19 146 21
148 18 52 -1
149 76 106 -1
150 148 149 24
151 78 125 -1
152 54 151 -1
153 36 152 -1
154 97 153 35
155 25 55 -1
156 103 155 -1
157 75 156 -1
158 54 157 33
159 0 56 -1
160 15 58 -1
161 62 159 -1
162 160 161 47
163 6 88 -1
164 67 163 -1
165 7 164 -1
166 24 165 22
167 39 58 -1
168 87 167 -1
169 100 168 -1
170 9 169 1
171 31 63 -1
172 69 132 -1
173 14 172 -1
174 171 173 46
175 36 69 -1
176 18 68 -1
177 109 175 -1
178 176 177 20
179 10 81 -1
180 56 64 -1
181 107 180 -1
182 3 171 -1
183 181 182 37
184 42 81 -1
185 9 110 -1
186 98 184 -1
187 185 186 18
188 68 83 -1
189 22 89 -1
190 38 189 -1
191 188 190 38
192 47 101 -1
193 102 192 -1
194 33 77 -1
195 193 194 42
196 34 95 -1
197 77 94 -1
198 196 197 -1
199 76 198 26
200 34 67 -1
201 21 66 -1
202 101 200 -1
203 201 202 4
204 132 139 -1
205 33 103 -1
206 129 204 -1
207 205 206 8
208 66 68 -1
209 44 208 -1
210 97 209 -1
211 26 210 12
212 28 175 -1
213 45 179 -1
214 84 213 -1
215 212 214 28
216 10 86 -1
217 9 216 -1
218 57 217 -1
219 24 218 32
220 30 66 -1
221 46 86 -1
222 92 221 -1
223 220 222 30
224 61 105 -1
225 60 224 -1
226 27 225 -1
227 14 226 13
228 37 71 -1
229 2 70 -1
230 95 228 -1
231 229 230 36
232 73 99 -1
233 53 100 -1
234 104 233 -1
235 232 234 11
236 12 18 -1
237 80 103 -1
238 79 237 -1
239 236 238 -1
240 26 239 34
241 48 74 -1
242 110 126 -1
243 79 109 -1
244 242 243 -1
245 241 244 43
246 76 96 -1
247 35 179 -1
248 43 59 -1
249 246 248 -1
250 247 249 19
251 36 137 -1
252 201 220 -1
253 251 252 -1
254 43 253 -1
255 13 254 45
256 104 105 -1
257 241 256 -1
258 72 257 -1
259 56 83 -1
260 258 259 3
261 64 71 -1
262 22 40 -1
263 261 262 -1
264 6 23 -1
265 263 264 6
266 12 70 -1
267 35 266 -1
268 29 42 -1
269 67 267 -1
270 268 269 44
271 22 92 -1
272 88 271 -1
273 201 272 -1
274 267 273 5
275 44 73 -1
276 2 39 -1
277 102 275 -1
278 74 276 -1
279 277 278 2
280 47 260 -1
281 115 184 -1
282 257 280 -1
283 49 282 -1
284 281 283 41
285 106 125 -1
286 55 285 -1
287 43 286 -1
288 107 123 -1
289 287 288 27
290 65 70 -1
291 14 15 -1
292 46 290 -1
293 32 292 -1
294 291 293 14
295 36 76 -1
296 42 90 -1
297 2 296 -1
298 295 297 -1
299 75 298 10
