48 17 41 -1
49 1 25 -1
50 9 33 -1
51 15 22 -1
52 7 14 -1
53 6 47 -1
54 23 30 -1
55 31 38 -1
56 39 46 -1
57 8 32 -1
58 0 24 -1
59 16 40 -1
60 40 48 -1
61 17 42 -1
62 2 8 -1
63 18 24 -1
64 39 59 -1
65 25 57 -1
66 8 50 -1
67 10 33 -1
68 0 49 -1
69 1 19 -1
70 20 60 -1
71 36 66 -1
72 11 41 -1
73 61 63 -1
74 12 18 -1
75 22 57 -1
76 7 60 -1
77 14 44 -1
78 34 53 -1
79 15 37 -1
80 51 58 -1
81 0 26 -1
82 62 81 -1
83 29 47 -1
84 23 46 -1
85 5 31 -1
86 39 45 -1
87 28 56 -1
88 21 39 -1
89 15 88 -1
90 7 38 -1
91 12 55 -1
92 1 16 -1
93 35 72 -1
94 23 45 -1
95 15 68 -1
96 30 47 -1
97 13 31 -1
98 84 85 -1
99 66 98 39
100 11 74 -1
101 71 100 -1
102 57 93 -1
103 47 49 -1
104 43 69 -1
105 40 67 -1
106 20 90 -1
107 4 27 -1
108 32 34 -1
109 14 53 -1
110 9 64 -1
111 65 70 -1
112 44 111 -1
113 4 84 -1
114 37 43 -1
115 42 104 -1
116 13 114 -1
117 27 86 -1
118 54 66 -1
119 3 87 -1
120 34 68 -1
121 5 29 -1
122 3 33 -1
123 24 66 -1
124 26 55 -1
125 27 122 -1
126 6 12 -1
127 56 82 -1
128 92 127 40
129 62 125 -1
130 38 95 -1
131 94 130 47
132 30 76 -1
133 79 132 7
134 13 46 -1
135 106 134 -1
136 58 135 22
137 65 80 -1
138 82 137 -1
139 40 138 16
140 31 73 -1
141 101 140 -1
142 2 141 10
143 57 89 -1
144 6 143 -1
145 87 144 14
146 0 105 -1
147 54 146 -1
148 108 147 8
149 59 91 -1
150 96 149 -1
151 85 150 30
152 30 107 -1
153 75 152 -1
154 117 153 38
155 7 102 -1
156 81 101 -1
157 155 156 34
158 88 103 -1
159 24 158 -1
160 14 159 23
161 104 110 -1
162 55 63 -1
163 161 162 1
164 31 80 -1
165 79 164 -1
166 77 165 46
167 16 73 -1
168 32 52 -1
169 167 168 24
170 76 102 -1
171 25 78 -1
172 170 171 33
173 60 64 -1
174 6 97 -1
175 173 174 31
176 35 76 -1
177 41 129 -1
178 23 177 -1
179 80 178 17
180 79 113 -1
181 11 83 -1
182 180 181 29
183 78 123 -1
184 59 183 -1
185 105 184 32
186 7 83 -1
187 66 186 -1
188 75 187 15
189 8 60 -1
190 58 189 -1
191 61 190 -1
192 162 191 0
193 20 117 -1
194 15 193 -1
195 14 85 -1
196 194 195 13
197 3 65 -1
198 74 197 -1
199 116 118 -1
200 198 199 11
201 23 83 -1
202 36 201 -1
203 59 109 -1
204 202 203 6
205 87 121 -1
206 19 72 -1
207 120 206 -1
208 205 207 43
209 33 52 -1
210 95 115 -1
211 59 210 -1
212 209 211 25
213 10 102 -1
214 31 92 -1
215 213 214 -1
216 54 215 9
217 95 112 -1
218 43 81 -1
219 108 217 -1
220 218 219 26
221 29 44 -1
222 89 221 -1
223 90 222 -1
224 3 223 37
225 22 134 -1
226 205 225 -1
227 35 201 -1
228 226 227 5
229 109 114 -1
230 28 229 -1
231 2 106 -1
232 230 231 36
233 10 112 -1
234 64 233 -1
235 62 234 -1
236 19 235 2
237 115 116 -1
238 71 237 -1
239 53 238 -1
240 27 239 35
241 28 63 -1
242 103 105 -1
243 241 242 -1
244 107 243 42
245 34 51 -1
246 46 107 -1
247 89 91 -1
248 245 247 -1
249 246 248 4
250 21 36 -1
251 43 97 -1
252 7 251 -1
253 96 252 -1
254 250 253 45
255 19 252 -1
256 126 255 -1
257 94 256 -1
258 116 257 21
259 48 57 -1
260 47 259 -1
261 123 177 -1
262 260 261 -1
263 127 262 41
264 42 126 -1
265 54 227 -1
266 56 264 -1
267 20 265 -1
268 266 267 44
269 11 194 -1
270 60 269 -1
271 89 270 -1
272 124 271 -1
273 125 272 3
274 10 52 -1
275 86 119 -1
276 51 274 -1
277 36 275 -1
278 276 277 28
279 19 124 -1
280 13 77 -1
281 54 279 -1
282 4 281 -1
283 280 282 12
284 5 44 -1
285 101 284 -1
286 51 285 -1
287 118 126 -1
288 286 287 20
289 40 115 -1
290 119 120 -1
291 161 289 -1
292 113 291 -1
293 290 292 18
294 2 110 -1
295 77 176 -1
296 21 295 -1
297 294 296 -1
298 117 297 27
299 43 260 -1
300 98 299 -1
301 68 213 -1
302 182 301 -1
303 300 302 -1
304 165 303 19
