48 7 14 -1
49 31 38 -1
50 15 22 -1
51 23 30 -1
52 6 47 -1
53 39 46 -1
54 1 16 -1
55 9 24 -1
56 17 32 -1
57 8 41 -1
58 0 33 -1
59 25 40 -1
60 20 49 -1
61 12 31 -1
62 28 53 -1
63 36 52 -1
64 4 50 -1
65 15 44 -1
66 29 47 -1
67 21 39 -1
68 2 43 -1
69 35 42 -1
70 3 10 -1
71 19 26 -1
72 11 18 -1
73 27 34 -1
74 7 10 -1
75 45 64 -1
76 51 61 -1
77 5 23 -1
78 39 60 -1
79 48 67 -1
80 47 62 -1
81 65 71 -1
82 32 50 -1
83 11 40 -1
84 51 83 -1
85 58 84 8
86 18 59 -1
87 43 48 -1
88 8 53 -1
89 16 35 -1
90 52 89 -1
91 55 90 32
92 42 54 -1
93 58 86 -1
94 0 49 -1
95 14 38 -1
96 21 62 -1
97 55 92 -1
98 4 77 -1
99 20 80 -1
100 34 54 -1
101 35 56 -1
102 57 100 -1
103 19 94 -1
104 57 103 0
105 45 81 -1
106 59 101 -1
107 3 59 -1
108 82 107 16
109 22 46 -1
110 73 88 -1
111 100 110 40
112 13 61 -1
113 12 23 -1
114 37 72 -1
115 6 30 -1
116 11 102 -1
117 29 63 -1
118 112 113 -1
119 14 17 -1
120 73 97 -1
121 7 47 -1
122 23 44 -1
123 7 103 -1
124 5 76 -1
125 13 60 -1
126 15 27 -1
127 37 45 -1
128 37 44 -1
129 70 93 -1
130 21 83 -1
131 57 58 -1
132 26 131 -1
133 3 29 -1
134 28 68 -1
135 43 129 -1
136 9 96 -1
137 45 89 -1
138 10 106 -1
139 7 63 -1
140 64 66 -1
141 101 135 -1
142 27 134 -1
143 9 139 -1
144 138 143 33
145 33 116 -1
146 76 145 9
147 98 120 -1
148 26 147 18
149 6 136 -1
150 95 149 14
151 72 116 -1
152 105 151 26
153 56 87 -1
154 24 153 24
155 109 117 -1
156 119 155 6
157 130 140 -1
158 127 157 29
159 105 122 -1
160 123 159 47
161 134 135 -1
162 66 161 42
163 41 78 -1
164 19 97 -1
165 163 164 1
166 115 125 -1
167 46 166 -1
168 1 167 22
169 110 126 -1
170 31 77 -1
171 169 170 39
172 39 66 -1
173 74 82 -1
174 172 173 15
175 114 121 -1
176 15 84 -1
177 175 176 7
178 30 95 -1
179 33 75 -1
180 178 179 38
181 65 153 -1
182 32 93 -1
183 181 182 25
184 78 112 -1
185 134 184 -1
186 139 185 36
187 74 114 -1
188 36 132 -1
189 187 188 34
190 109 124 -1
191 41 190 -1
192 49 191 30
193 69 98 -1
194 99 193 -1
195 76 194 44
196 13 137 -1
197 77 196 -1
198 96 197 5
199 39 69 -1
200 118 199 -1
201 90 200 31
202 138 199 -1
203 21 68 -1
204 20 202 -1
205 203 204 2
206 2 24 -1
207 49 110 -1
208 11 207 -1
209 79 206 -1
210 31 209 -1
211 47 210 23
212 97 101 -1
213 2 212 -1
214 112 213 -1
215 100 214 10
216 118 206 -1
217 77 203 -1
218 216 217 -1
219 117 218 45
220 25 64 -1
221 3 23 -1
222 132 220 -1
223 221 222 17
224 5 125 -1
225 126 224 -1
226 127 225 -1
227 8 226 13
228 36 141 -1
229 119 228 -1
230 13 85 -1
231 229 230 11
232 73 113 -1
233 75 232 -1
234 65 78 -1
235 233 234 4
236 123 127 -1
237 124 236 -1
238 38 237 -1
239 29 238 21
240 69 213 -1
241 80 240 -1
242 27 241 -1
243 16 242 41
244 79 133 -1
245 13 32 -1
246 244 245 -1
247 128 246 37
248 36 70 -1
249 65 79 -1
250 99 248 -1
251 249 250 28
252 139 140 -1
253 72 122 -1
254 28 253 -1
255 252 254 20
256 22 115 -1
257 128 256 -1
258 25 48 -1
259 257 258 46
260 102 206 -1
261 165 260 -1
262 137 207 -1
263 87 262 -1
264 261 263 27
265 108 142 -1
266 24 138 -1
267 6 265 -1
268 266 267 -1
269 5 268 19
270 26 104 -1
271 4 270 -1
272 30 133 -1
273 208 272 -1
274 271 273 43
275 130 182 -1
276 94 108 -1
277 81 276 -1
278 275 277 -1
279 43 278 3
280 37 81 -1
281 14 76 -1
282 36 281 -1
283 280 282 -1
284 4 283 12
285 91 208 -1
286 37 164 -1
287 53 286 -1
288 285 287 -1
289 61 288 35
