48 34 46 -1
49 11 12 -1
50 35 48 -1
51 49 50 12
52 0 23 -1
53 47 48 -1
54 52 53 0
55 10 22 -1
56 35 55 -1
57 36 56 -1
58 11 57 36
59 47 55 -1
60 24 59 -1
61 23 60 24
62 25 49 -1
63 59 62 -1
64 36 63 25
65 37 60 -1
66 50 65 -1
67 54 66 37
68 2 13 -1
69 65 68 -1
70 57 69 2
71 26 39 -1
72 68 71 -1
73 1 72 39
74 1 38 -1
75 62 74 -1
76 52 75 38
77 4 15 -1
78 38 77 -1
79 71 78 4
80 14 27 -1
81 13 80 -1
82 74 81 27
83 3 40 -1
84 81 83 -1
85 68 84 40
86 28 41 -1
87 3 86 -1
88 77 87 41
89 16 29 -1
90 15 89 -1
91 83 90 29
92 6 17 -1
93 40 86 -1
94 92 93 6
95 5 42 -1
96 90 95 -1
97 77 96 42
98 11 23 -1
99 1 36 -1
100 51 98 -1
101 99 100 1
102 13 98 -1
103 24 54 -1
104 102 103 13
105 21 34 -1
106 9 22 -1
107 105 106 -1
108 50 107 35
109 59 107 47
110 8 20 -1
111 105 110 -1
112 45 111 34
113 32 44 -1
114 106 113 -1
115 33 114 22
116 10 45 -1
117 113 116 -1
118 21 117 10
119 33 46 -1
120 9 110 -1
121 119 120 46
122 116 119 -1
123 55 122 -1
124 11 123 11
125 23 122 -1
126 48 125 23
127 29 41 -1
128 18 127 -1
129 5 128 -1
130 93 129 18
131 27 39 -1
132 28 131 -1
133 4 17 -1
134 132 133 17
135 89 132 -1
136 85 135 -1
137 91 136 28
138 18 130 -1
139 135 138 5
140 127 135 -1
141 30 134 -1
142 140 141 30
143 79 88 -1
144 140 143 16
145 26 37 -1
146 25 145 -1
147 2 15 -1
148 146 147 15
149 80 146 -1
150 16 149 -1
151 144 150 3
152 76 149 -1
153 82 152 26
154 70 73 -1
155 131 149 -1
156 154 155 14
157 23 95 -1
158 7 53 -1
159 129 157 -1
160 158 159 7
161 31 59 -1
162 18 161 -1
163 157 162 -1
164 17 163 31
165 11 30 -1
166 43 56 -1
167 165 166 -1
168 92 167 -1
169 5 168 43
170 8 161 -1
171 166 170 -1
172 44 120 -1
173 171 172 9
174 21 32 -1
175 171 174 21
176 6 50 -1
177 19 176 -1
178 127 177 -1
179 165 178 19
180 162 176 -1
181 158 180 -1
182 23 181 -1
183 44 182 44
184 20 42 -1
185 165 184 -1
186 158 185 -1
187 31 186 20
188 7 98 -1
189 19 188 -1
190 20 189 -1
191 171 190 -1
192 187 191 8
193 33 190 -1
194 44 193 33
195 32 110 -1
196 182 195 -1
197 191 196 32
198 45 195 -1
199 190 198 45
