48 0 12 -1
49 23 34 -1
50 47 48 -1
51 49 50 34
52 35 46 -1
53 11 48 -1
54 52 53 46
55 9 22 -1
56 47 52 -1
57 55 56 9
58 10 45 -1
59 11 49 -1
60 58 59 45
61 21 32 -1
62 58 61 -1
63 22 62 32
64 33 44 -1
65 10 55 -1
66 64 65 44
67 24 36 -1
68 10 47 -1
69 23 68 -1
70 67 69 10
71 21 34 -1
72 35 71 -1
73 68 72 21
74 11 22 -1
75 35 67 -1
76 74 75 22
77 33 46 -1
78 23 77 -1
79 74 78 33
80 8 45 -1
81 46 80 -1
82 71 81 8
83 9 20 -1
84 49 83 -1
85 78 84 20
86 1 13 -1
87 0 24 -1
88 86 87 -1
89 75 88 35
90 50 88 47
91 37 87 -1
92 25 91 -1
93 53 92 11
94 67 92 -1
95 23 94 23
96 26 37 -1
97 2 15 -1
98 3 97 -1
99 96 98 37
100 28 40 -1
101 97 100 -1
102 39 101 2
103 14 27 -1
104 98 103 -1
105 101 104 14
106 1 38 -1
107 39 103 -1
108 106 107 1
109 96 106 -1
110 48 109 -1
111 36 110 12
112 88 94 -1
113 111 112 0
114 2 14 -1
115 91 114 -1
116 1 115 -1
117 36 116 24
118 109 116 -1
119 88 108 -1
120 118 119 13
121 67 113 -1
122 118 121 36
123 92 118 -1
124 99 123 25
125 19 94 -1
126 32 125 -1
127 80 126 -1
128 33 127 19
129 4 39 -1
130 5 17 -1
131 129 130 -1
132 28 131 39
133 16 27 -1
134 40 130 -1
135 133 134 27
136 3 4 -1
137 38 136 -1
138 133 137 38
139 16 129 -1
140 15 139 -1
141 26 140 26
142 6 17 -1
143 18 142 -1
144 28 41 -1
145 143 144 28
146 29 134 -1
147 143 146 40
148 29 144 -1
149 4 15 -1
150 148 149 15
151 105 107 -1
152 150 151 -1
153 140 152 3
154 31 67 -1
155 43 154 -1
156 30 155 -1
157 142 156 17
158 5 42 -1
159 18 155 -1
160 158 159 5
161 30 158 -1
162 16 29 -1
163 161 162 16
164 151 163 -1
165 153 164 -1
166 132 165 4
167 44 154 -1
168 88 167 -1
169 21 168 -1
170 83 169 31
171 7 19 -1
172 126 167 -1
173 18 171 -1
174 172 173 18
175 6 48 -1
176 155 175 -1
177 172 176 6
178 48 173 -1
179 29 42 -1
180 178 179 29
181 30 171 -1
182 41 181 -1
183 175 182 41
184 8 88 -1
185 48 184 -1
186 61 185 -1
187 9 186 -1
188 43 187 43
189 20 31 -1
190 19 185 -1
191 156 189 -1
192 190 191 30
193 184 189 -1
194 7 42 -1
195 193 194 42
196 169 186 -1
197 128 171 -1
198 196 197 -1
199 189 198 7
