48 24 36 -1
49 11 48 -1
50 22 46 -1
51 49 50 11
52 0 12 -1
53 35 52 -1
54 50 53 35
55 47 52 -1
56 10 34 -1
57 55 56 47
58 23 48 -1
59 56 58 23
60 49 53 -1
61 0 25 -1
62 37 61 -1
63 60 62 12
64 47 58 -1
65 62 64 0
66 1 24 -1
67 13 66 -1
68 60 67 36
69 23 55 -1
70 67 69 24
71 21 34 -1
72 45 71 -1
73 49 58 -1
74 72 73 34
75 53 72 -1
76 57 75 10
77 9 46 -1
78 33 77 -1
79 73 78 46
80 55 78 -1
81 54 80 22
82 8 32 -1
83 46 82 -1
84 71 83 21
85 10 22 -1
86 82 85 -1
87 45 86 45
88 20 44 -1
89 33 88 -1
90 85 89 33
91 34 89 -1
92 78 91 9
93 2 26 -1
94 4 16 -1
95 93 94 -1
96 39 95 39
97 28 40 -1
98 93 97 -1
99 15 98 15
100 14 38 -1
101 94 100 -1
102 27 101 27
103 3 97 -1
104 100 103 3
105 17 28 -1
106 5 105 -1
107 15 39 -1
108 106 107 28
109 27 103 -1
110 106 109 40
111 29 41 -1
112 4 107 -1
113 111 112 4
114 30 42 -1
115 4 114 -1
116 105 115 17
117 16 40 -1
118 5 117 -1
119 114 118 5
120 6 18 -1
121 29 120 -1
122 117 121 29
123 97 111 -1
124 16 109 -1
125 123 124 16
126 94 122 -1
127 123 126 41
128 2 37 -1
129 13 128 -1
130 27 39 -1
131 129 130 2
132 103 129 -1
133 99 132 26
134 1 25 -1
135 14 134 -1
136 130 135 14
137 99 104 -1
138 135 137 -1
139 93 138 38
140 12 66 -1
141 64 140 -1
142 26 38 -1
143 141 142 1
144 135 141 -1
145 2 144 25
146 12 145 -1
147 69 146 -1
148 63 147 37
149 36 142 -1
150 140 149 -1
151 68 150 13
152 19 52 -1
153 7 152 -1
154 17 41 -1
155 30 154 -1
156 153 155 30
157 5 29 -1
158 153 157 -1
159 42 158 42
160 43 48 -1
161 31 160 -1
162 6 154 -1
163 161 162 6
164 18 157 -1
165 161 164 18
166 7 44 -1
167 32 166 -1
168 18 42 -1
169 64 167 -1
170 168 169 7
171 60 162 -1
172 167 171 -1
173 156 172 19
174 8 20 -1
175 160 174 -1
176 171 175 -1
177 155 176 43
178 69 168 -1
179 161 178 -1
180 175 179 31
181 60 170 -1
182 180 181 -1
183 44 84 -1
184 92 183 -1
185 182 184 44
186 19 64 -1
187 175 186 -1
188 184 187 32
189 81 188 -1
190 76 86 -1
191 189 190 8
192 9 185 -1
193 91 192 -1
194 72 193 20
