48 12 24 -1
49 25 48 -1
50 37 49 -1
51 10 50 10
52 1 13 -1
53 46 52 -1
54 48 53 46
55 0 36 -1
56 34 55 -1
57 52 56 34
58 37 55 -1
59 22 58 -1
60 25 59 22
61 13 49 -1
62 26 61 -1
63 38 62 -1
64 11 63 11
65 2 14 -1
66 61 65 -1
67 47 66 47
68 1 58 -1
69 65 68 -1
70 35 69 35
71 38 68 -1
72 26 71 -1
73 23 72 23
74 0 12 -1
75 11 35 -1
76 45 74 -1
77 75 76 45
78 24 36 -1
79 21 78 -1
80 75 79 21
81 23 47 -1
82 74 81 -1
83 33 82 33
84 78 81 -1
85 9 84 9
86 8 46 -1
87 35 47 -1
88 22 86 -1
89 87 88 8
90 10 34 -1
91 20 90 -1
92 87 91 20
93 11 23 -1
94 44 90 -1
95 93 94 44
96 8 88 -1
97 32 96 -1
98 93 97 32
99 30 42 -1
100 5 29 -1
101 15 99 -1
102 100 101 15
103 17 41 -1
104 3 103 -1
105 99 104 3
106 6 18 -1
107 27 103 -1
108 106 107 27
109 100 106 -1
110 39 109 39
111 16 40 -1
112 29 41 -1
113 2 111 -1
114 112 113 2
115 4 28 -1
116 14 115 -1
117 112 116 14
118 5 17 -1
119 26 111 -1
120 118 119 26
121 38 118 -1
122 115 121 38
123 3 27 -1
124 4 16 -1
125 37 123 -1
126 124 125 37
127 28 40 -1
128 13 127 -1
129 123 128 13
130 15 39 -1
131 124 130 -1
132 25 131 25
133 52 128 -1
134 130 133 1
135 3 15 -1
136 14 62 -1
137 36 135 -1
138 136 137 36
139 27 39 -1
140 0 136 -1
141 139 140 0
142 67 73 -1
143 84 142 -1
144 138 143 24
145 82 142 -1
146 141 145 12
147 7 74 -1
148 19 147 -1
149 18 42 -1
150 148 149 -1
151 28 150 28
152 6 30 -1
153 40 152 -1
154 148 153 40
155 43 78 -1
156 31 155 -1
157 4 156 -1
158 149 157 4
159 111 153 -1
160 156 159 16
161 44 50 -1
162 32 161 -1
163 19 155 -1
164 5 162 -1
165 163 164 5
166 31 147 -1
167 17 162 -1
168 166 167 17
169 54 86 -1
170 20 169 -1
171 41 170 -1
172 166 171 41
173 29 170 -1
174 163 173 29
175 9 66 -1
176 21 175 -1
177 32 169 -1
178 42 177 -1
179 176 178 42
180 20 161 -1
181 30 180 -1
182 176 181 30
183 45 63 -1
184 33 183 -1
185 149 184 -1
186 178 185 18
187 152 181 -1
188 184 187 6
189 34 46 -1
190 7 21 -1
191 183 190 -1
192 189 191 7
193 10 22 -1
194 166 191 -1
195 193 194 -1
196 145 195 31
197 43 175 -1
198 33 197 -1
199 193 198 43
200 143 189 -1
201 198 200 -1
202 163 201 19
