48 23 47 -1
49 7 19 -1
50 48 49 -1
51 24 50 24
52 11 35 -1
53 49 52 -1
54 36 53 36
55 31 43 -1
56 52 55 -1
57 12 56 12
58 48 55 -1
59 0 58 0
60 25 37 -1
61 17 29 -1
62 6 61 -1
63 60 62 6
64 1 13 -1
65 42 64 -1
66 61 65 42
67 5 41 -1
68 30 64 -1
69 67 68 30
70 18 60 -1
71 67 70 18
72 8 20 -1
73 54 59 -1
74 25 72 -1
75 56 74 -1
76 73 75 25
77 9 21 -1
78 74 77 -1
79 13 78 -1
80 38 79 38
81 1 60 -1
82 26 78 -1
83 81 82 26
84 32 44 -1
85 13 84 -1
86 73 85 -1
87 50 86 13
88 33 45 -1
89 85 88 -1
90 2 89 -1
91 25 90 2
92 14 89 -1
93 37 92 -1
94 64 93 14
95 51 57 -1
96 53 84 -1
97 1 96 -1
98 95 97 1
99 58 72 -1
100 37 95 -1
101 99 100 37
102 34 46 -1
103 88 102 -1
104 2 38 -1
105 15 104 -1
106 103 105 15
107 14 26 -1
108 3 103 -1
109 107 108 3
110 10 22 -1
111 77 110 -1
112 39 107 -1
113 111 112 39
114 104 111 -1
115 27 114 27
116 11 23 -1
117 28 116 -1
118 3 39 -1
119 110 117 -1
120 118 119 28
121 28 40 -1
122 15 27 -1
123 121 122 -1
124 119 123 40
125 47 102 -1
126 35 125 -1
127 118 126 -1
128 16 127 16
129 4 122 -1
130 126 129 4
131 88 121 -1
132 8 32 -1
133 21 131 -1
134 132 133 21
135 44 77 -1
136 20 135 -1
137 133 136 9
138 4 16 -1
139 33 136 -1
140 138 139 33
141 13 89 -1
142 140 141 -1
143 72 142 45
144 16 117 -1
145 54 144 -1
146 51 145 -1
147 5 146 5
148 0 12 -1
149 144 148 -1
150 41 149 41
151 121 138 -1
152 146 151 -1
153 17 152 17
154 29 149 -1
155 151 154 29
156 19 31 -1
157 20 156 -1
158 27 157 -1
159 39 158 -1
160 96 159 20
161 84 159 -1
162 99 161 8
163 122 132 -1
164 118 163 -1
165 160 164 44
166 58 164 -1
167 159 166 32
168 5 111 -1
169 17 168 -1
170 21 33 -1
171 169 170 -1
172 46 171 46
173 103 172 -1
174 77 173 34
175 10 34 -1
176 61 67 -1
177 175 176 -1
178 172 177 22
179 111 178 -1
180 88 179 10
181 48 175 -1
182 18 181 -1
183 6 11 -1
184 182 183 47
185 110 126 -1
186 184 185 35
187 30 42 -1
188 181 187 -1
189 35 188 23
190 102 189 -1
191 119 190 -1
192 28 191 11
193 2 14 -1
194 18 30 -1
195 43 193 -1
196 194 195 -1
197 53 196 43
198 184 189 -1
199 197 198 -1
200 58 199 31
201 104 107 -1
202 156 201 -1
203 196 202 -1
204 50 203 7
205 198 203 19
