40 0 20 -1
41 7 40 -1
42 17 41 -1
43 39 42 39
44 27 37 -1
45 40 44 -1
46 19 45 19
47 10 30 -1
48 9 47 -1
49 44 48 9
50 17 47 -1
51 7 50 -1
52 29 51 29
53 8 19 -1
54 26 36 -1
55 29 53 -1
56 54 55 8
57 9 18 -1
58 39 54 -1
59 57 58 18
60 8 38 -1
61 6 16 -1
62 55 61 -1
63 60 62 38
64 28 39 -1
65 9 64 -1
66 61 65 28
67 5 15 -1
68 60 67 -1
69 27 68 27
70 25 35 -1
71 17 60 -1
72 70 71 17
73 18 28 -1
74 7 73 -1
75 70 74 7
76 37 67 -1
77 73 76 37
78 53 57 -1
79 31 78 -1
80 2 22 -1
81 79 80 31
82 12 32 -1
83 21 78 -1
84 82 83 21
85 46 49 -1
86 79 85 -1
87 11 86 -1
88 0 87 20
89 60 73 -1
90 20 87 -1
91 89 90 0
92 83 85 -1
93 1 92 -1
94 10 93 30
95 47 89 -1
96 94 95 10
97 3 13 -1
98 16 36 -1
99 25 98 -1
100 97 99 25
101 23 33 -1
102 5 101 -1
103 98 102 5
104 56 62 -1
105 70 104 -1
106 100 105 35
107 67 104 -1
108 103 107 15
109 38 64 -1
110 29 109 -1
111 11 110 -1
112 80 111 11
113 1 82 -1
114 110 113 1
115 27 41 -1
116 4 14 -1
117 36 116 -1
118 115 117 36
119 24 34 -1
120 16 119 -1
121 115 120 16
122 37 50 -1
123 54 122 -1
124 117 123 26
125 104 123 -1
126 120 125 6
127 10 20 -1
128 13 33 -1
129 127 128 -1
130 85 129 -1
131 22 130 22
132 29 39 -1
133 129 132 -1
134 2 133 2
135 4 132 -1
136 22 135 -1
137 32 136 -1
138 15 35 -1
139 137 138 4
140 5 25 -1
141 116 140 -1
142 137 141 14
143 111 135 -1
144 24 143 -1
145 87 144 -1
146 92 145 -1
147 13 146 13
148 116 119 -1
149 147 148 -1
150 97 149 3
151 1 89 -1
152 144 151 -1
153 33 152 33
154 23 152 -1
155 148 154 23
156 9 19 -1
157 12 156 -1
158 2 157 -1
159 34 140 -1
160 158 159 34
161 138 158 -1
162 24 161 24
163 101 157 -1
164 97 163 -1
165 82 164 -1
166 129 165 32
167 130 132 -1
168 164 167 12
