40 20 30 -1
41 9 29 -1
42 18 40 -1
43 41 42 18
44 0 10 -1
45 38 41 -1
46 44 45 38
47 19 39 -1
48 28 47 -1
49 44 48 28
50 8 47 -1
51 40 50 8
52 21 31 -1
53 0 30 -1
54 52 53 -1
55 19 54 19
56 1 53 -1
57 11 56 -1
58 29 57 29
59 40 44 -1
60 57 59 -1
61 39 60 39
62 54 59 -1
63 9 62 9
64 22 31 -1
65 32 64 -1
66 10 56 -1
67 65 66 10
68 40 57 -1
69 54 68 -1
70 67 69 0
71 12 21 -1
72 2 66 -1
73 71 72 -1
74 62 73 20
75 68 73 30
76 9 19 -1
77 18 76 -1
78 27 38 -1
79 77 78 27
80 28 76 -1
81 8 37 -1
82 80 81 37
83 45 47 -1
84 7 83 -1
85 77 84 7
86 17 41 -1
87 50 80 -1
88 86 87 17
89 15 35 -1
90 26 36 -1
91 4 90 -1
92 89 91 4
93 14 25 -1
94 5 93 -1
95 90 94 14
96 6 16 -1
97 89 96 -1
98 24 97 24
99 25 34 -1
100 5 99 -1
101 96 100 34
102 3 34 -1
103 35 93 -1
104 102 103 3
105 94 99 -1
106 15 105 -1
107 23 106 23
108 4 14 -1
109 24 103 -1
110 13 108 -1
111 109 110 13
112 22 33 -1
113 57 112 -1
114 110 113 22
115 33 109 -1
116 92 115 -1
117 95 116 33
118 10 113 -1
119 23 118 -1
120 71 119 -1
121 70 120 1
122 40 73 -1
123 120 122 11
124 3 44 -1
125 13 124 -1
126 32 125 -1
127 71 126 21
128 2 64 -1
129 125 128 31
130 23 126 -1
131 68 130 -1
132 110 131 32
133 17 26 -1
134 68 133 -1
135 42 134 -1
136 81 135 26
137 7 60 -1
138 134 137 -1
139 6 138 -1
140 35 139 35
141 25 138 -1
142 16 90 -1
143 141 142 25
144 27 36 -1
145 18 144 -1
146 8 145 -1
147 137 146 36
148 136 139 -1
149 147 148 -1
150 15 90 -1
151 149 150 15
152 5 96 -1
153 149 152 5
154 85 88 -1
155 69 154 -1
156 148 155 6
157 25 143 -1
158 147 155 -1
159 157 158 16
160 54 102 -1
161 24 160 -1
162 12 23 -1
163 161 162 12
164 113 161 -1
165 31 129 -1
166 68 164 -1
167 165 166 2
