40 19 29 -1
41 6 16 -1
42 40 41 -1
43 30 42 30
44 9 39 -1
45 41 44 -1
46 20 45 20
47 26 36 -1
48 40 47 -1
49 0 48 0
50 10 44 -1
51 47 50 10
52 28 37 -1
53 4 14 -1
54 7 52 -1
55 53 54 28
56 27 38 -1
57 17 56 -1
58 53 57 38
59 18 28 -1
60 25 35 -1
61 59 60 -1
62 9 61 9
63 8 38 -1
64 19 60 -1
65 63 64 19
66 5 15 -1
67 59 66 -1
68 39 67 39
69 29 63 -1
70 66 69 29
71 24 34 -1
72 63 71 -1
73 57 72 8
74 59 71 -1
75 54 74 18
76 52 56 -1
77 1 21 -1
78 12 77 -1
79 76 78 12
80 11 31 -1
81 76 80 -1
82 2 81 2
83 8 18 -1
84 7 17 -1
85 32 83 -1
86 77 85 -1
87 84 86 32
88 22 83 -1
89 84 88 -1
90 80 89 22
91 0 84 -1
92 20 91 -1
93 31 92 -1
94 42 93 31
95 43 51 -1
96 48 95 -1
97 84 96 -1
98 21 97 21
99 27 37 -1
100 95 99 -1
101 45 100 -1
102 1 101 1
103 94 101 -1
104 97 103 -1
105 80 104 11
106 9 19 -1
107 12 106 -1
108 23 45 -1
109 107 108 -1
110 85 109 23
111 16 36 -1
112 33 111 -1
113 108 112 -1
114 17 113 17
115 45 113 -1
116 7 48 -1
117 115 116 7
118 33 106 -1
119 2 88 -1
120 118 119 -1
121 42 120 33
122 13 111 -1
123 3 122 -1
124 27 123 -1
125 45 124 27
126 101 125 -1
127 96 126 37
128 2 107 -1
129 36 128 -1
130 5 129 -1
131 25 130 36
132 48 65 -1
133 70 131 -1
134 132 133 26
135 110 115 -1
136 131 135 -1
137 121 136 16
138 41 137 -1
139 60 66 -1
140 138 139 6
141 13 119 -1
142 62 141 -1
143 132 142 13
144 121 135 -1
145 123 143 -1
146 144 145 3
147 13 118 -1
148 91 147 -1
149 10 148 -1
150 24 149 24
151 123 149 -1
152 115 151 -1
153 34 152 34
154 51 92 -1
155 101 154 -1
156 4 148 -1
157 155 156 4
158 149 152 -1
159 157 158 -1
160 53 159 14
161 1 11 -1
162 83 161 -1
163 14 34 -1
164 25 162 -1
165 163 164 25
166 4 24 -1
167 35 162 -1
168 166 167 35
169 21 99 -1
170 31 169 -1
171 76 170 -1
172 15 171 -1
173 166 172 15
174 5 163 -1
175 171 174 5
