40 0 10 -1
41 18 29 -1
42 38 41 -1
43 40 42 29
44 8 39 -1
45 28 40 -1
46 44 45 39
47 17 37 -1
48 44 47 -1
49 29 48 8
50 19 28 -1
51 47 50 -1
52 9 51 28
53 20 30 -1
54 8 50 -1
55 53 54 19
56 9 29 -1
57 53 56 -1
58 42 57 9
59 10 21 -1
60 31 59 -1
61 57 60 10
62 46 55 -1
63 60 62 0
64 11 30 -1
65 1 64 -1
66 62 65 20
67 40 65 -1
68 56 67 30
69 7 27 -1
70 41 69 -1
71 39 70 18
72 42 70 -1
73 9 19 -1
74 72 73 38
75 0 32 -1
76 22 64 -1
77 75 76 -1
78 57 77 11
79 20 66 -1
80 77 79 1
81 6 16 -1
82 4 24 -1
83 35 82 -1
84 81 83 35
85 14 25 -1
86 34 81 -1
87 85 86 25
88 26 36 -1
89 15 88 -1
90 82 89 15
91 3 23 -1
92 85 91 -1
93 35 92 14
94 5 34 -1
95 15 94 -1
96 91 95 34
97 14 89 -1
98 95 97 5
99 13 24 -1
100 33 99 -1
101 5 15 -1
102 100 101 24
103 25 100 -1
104 83 103 4
105 2 56 -1
106 22 105 -1
107 34 99 -1
108 106 107 13
109 4 14 -1
110 106 109 -1
111 33 110 33
112 3 13 -1
113 59 112 -1
114 75 113 -1
115 1 114 32
116 12 105 -1
117 68 79 -1
118 116 117 -1
119 59 118 21
120 20 31 -1
121 0 116 -1
122 120 121 31
123 114 117 -1
124 63 123 -1
125 78 124 22
126 2 23 -1
127 33 126 -1
128 64 127 -1
129 120 128 2
130 61 122 -1
131 20 128 -1
132 67 130 -1
133 131 132 12
134 22 123 -1
135 130 134 -1
136 108 135 3
137 13 135 -1
138 110 137 -1
139 91 138 23
140 16 27 -1
141 36 44 -1
142 140 141 -1
143 18 142 -1
144 19 143 27
145 72 142 -1
146 54 145 7
147 37 140 -1
148 53 147 -1
149 5 25 -1
150 148 149 16
151 88 148 -1
152 90 151 -1
153 84 152 6
154 6 143 -1
155 151 154 -1
156 39 155 -1
157 57 156 37
158 49 155 -1
159 28 58 -1
160 158 159 17
161 37 43 -1
162 153 158 -1
163 72 162 -1
164 161 163 26
165 83 164 -1
166 90 165 -1
167 149 166 36
