32 140
32 7 21 -1
33 0 16 -1
34 12 24 -1
35 9 16 -1
36 3 6 -1
37 1 25 -1
38 18 23 -1
39 8 27 -1
40 10 30 -1
41 2 36 -1
42 12 22 -1
43 14 33 -1
44 17 24 -1
45 8 35 -1
46 20 34 -1
47 13 17 -1
48 19 32 -1
49 44 6 -1
50 5 30 -1
51 5 29 -1
52 15 30 -1
53 15 37 -1
54 18 21 -1
55 23 42 -1
56 52 29 -1
57 4 32 -1
58 2 11 -1
59 7 27 -1
60 3 11 -1
61 51 3 -1
62 24 26 -1
63 57 31 -1
64 14 22 -1
65 21 45 -1
66 28 34 -1
67 10 26 -1
68 9 23 -1
69 25 38 -1
70 13 39 -1
71 29 41 -1
72 11 15 -1
73 65 11 -1
74 7 50 -1
75 29 33 -1
76 17 27 -1
77 4 10 -1
78 77 18 -1
79 78 25 -1
80 79 60 -1
81 80 66 0
82 12 20 -1
83 82 40 -1
84 83 69 -1
85 84 76 1
86 7 40 -1
87 86 53 -1
88 87 70 2
89 20 41 -1
90 89 54 -1
91 90 70 3
92 1 10 -1
93 92 46 -1
94 93 58 -1
95 94 59 4
96 0 38 -1
97 96 46 -1
98 97 56 5
99 1 47 -1
100 99 55 -1
101 100 74 6
102 19 41 -1
103 102 59 -1
104 103 66 7
105 1 5 -1
106 105 43 -1
107 106 72 8
108 19 33 -1
109 108 34 -1
110 109 37 9
111 9 28 -1
112 111 37 -1
113 112 74 10
114 9 58 -1
115 114 63 11
116 27 64 -1
117 116 71 12
118 26 31 -1
119 118 38 -1
120 119 75 13
121 17 21 -1
122 121 25 -1
123 122 31 -1
124 123 43 14
125 0 8 -1
126 125 53 -1
127 126 67 15
128 2 10 -1
129 128 48 -1
130 129 75 16
131 55 73 17
132 8 25 -1
133 132 68 -1
134 133 71 18
135 5 25 -1
136 135 48 -1
137 136 49 19
138 27 61 -1
139 138 63 20
140 40 45 -1
141 140 48 21
142 32 42 -1
143 142 72 -1
144 143 76 22
145 23 35 -1
146 145 37 -1
147 146 49 23
148 4 16 -1
149 148 22 -1
150 149 50 -1
151 150 69 24
152 49 73 25
153 22 54 -1
154 153 56 -1
155 154 62 26
156 5 23 -1
157 156 36 -1
158 157 64 -1
159 158 67 27
160 39 60 -1
161 160 62 -1
162 161 68 28
163 29 40 -1
164 163 43 -1
165 164 47 29
166 18 35 -1
167 166 47 -1
168 167 61 30
169 6 32 -1
170 169 39 -1
171 170 46 31
