34 150
34 16 25 -1
35 11 24 -1
36 18 32 -1
37 19 33 -1
38 3 22 -1
39 13 17 -1
40 0 37 -1
41 5 31 -1
42 2 11 -1
43 4 15 -1
44 1 21 -1
45 7 11 -1
46 23 32 -1
47 20 30 -1
48 25 29 -1
49 4 44 -1
50 0 6 -1
51 38 42 -1
52 1 12 -1
53 21 22 -1
54 17 34 -1
55 5 34 -1
56 18 23 -1
57 2 8 -1
58 3 43 -1
59 33 47 -1
60 14 53 -1
61 35 54 -1
62 15 48 -1
63 26 27 -1
64 41 45 -1
65 16 31 -1
66 30 36 -1
67 13 14 -1
68 14 36 -1
69 63 28 -1
70 0 28 -1
71 0 10 -1
72 9 26 -1
73 36 40 -1
74 12 43 -1
75 31 32 -1
76 16 50 -1
77 5 23 -1
78 77 25 -1
79 78 28 -1
80 79 53 -1
81 80 66 0
82 33 60 -1
83 82 61 1
84 49 59 -1
85 84 69 2
86 10 55 -1
87 86 73 3
88 0 24 -1
89 88 41 -1
90 89 58 -1
91 90 67 4
92 6 14 -1
93 92 28 -1
94 93 51 -1
95 94 56 5
96 38 39 -1
97 96 44 -1
98 97 68 6
99 13 22 -1
100 99 57 -1
101 100 73 7
102 6 54 -1
103 102 74 8
104 10 27 -1
105 104 35 -1
106 105 66 9
107 5 68 -1
108 107 69 10
109 8 18 -1
110 109 55 -1
111 110 67 11
112 9 60 -1
113 112 62 12
114 12 16 -1
115 114 21 -1
116 115 46 -1
117 116 70 13
118 11 14 -1
119 118 49 -1
120 119 75 14
121 8 39 -1
122 121 45 -1
123 122 72 15
124 3 17 -1
125 124 26 -1
126 125 40 -1
127 126 42 16
128 7 14 -1
129 128 59 -1
130 129 76 17
131 23 35 -1
132 131 37 -1
133 132 74 18
134 39 48 -1
135 134 57 -1
136 135 75 19
137 5 6 -1
138 137 29 -1
139 138 33 -1
140 139 38 -1
141 140 52 20
142 30 52 -1
143 142 62 -1
144 143 71 21
145 2 19 -1
146 145 26 -1
147 146 30 -1
148 147 56 -1
149 148 65 22
150 27 40 -1
151 150 64 23
152 2 3 -1
153 152 5 -1
154 153 7 -1
155 154 35 -1
156 155 39 24
157 25 33 -1
158 157 64 -1
159 158 71 25
160 4 35 -1
161 160 55 -1
162 161 72 26
163 46 47 -1
164 163 51 27
165 15 17 -1
166 165 37 -1
167 166 52 -1
168 167 65 28
169 8 61 -1
170 169 70 29
171 21 34 -1
172 171 50 -1
173 172 58 30
174 10 49 -1
175 174 51 31
176 1 33 -1
177 176 41 -1
178 177 46 -1
179 178 57 32
180 1 8 -1
181 180 17 -1
182 181 56 -1
183 182 76 33
