36 167
36 4 12 -1
37 23 28 -1
38 6 29 -1
39 22 35 -1
40 18 34 -1
41 3 7 -1
42 5 20 -1
43 30 32 -1
44 9 35 -1
45 2 12 -1
46 27 31 -1
47 19 22 -1
48 2 8 -1
49 14 39 -1
50 1 5 -1
51 12 17 -1
52 13 38 -1
53 15 25 -1
54 9 36 -1
55 21 32 -1
56 32 37 -1
57 7 18 -1
58 8 43 -1
59 11 24 -1
60 10 37 -1
61 11 33 -1
62 6 17 -1
63 31 34 -1
64 23 40 -1
65 10 16 -1
66 7 27 -1
67 26 44 -1
68 25 45 -1
69 0 23 -1
70 12 29 -1
71 1 38 -1
72 5 49 -1
73 55 16 -1
74 3 42 -1
75 30 50 -1
76 6 18 -1
77 13 21 -1
78 24 36 -1
79 23 47 -1
80 6 7 -1
81 4 23 -1
82 20 46 -1
83 15 47 -1
84 0 3 -1
85 84 40 -1
86 85 43 -1
87 86 78 0
88 64 70 -1
89 88 72 1
90 2 31 -1
91 90 37 -1
92 91 41 -1
93 92 52 2
94 0 65 -1
95 94 68 -1
96 95 75 3
97 1 3 -1
98 97 11 -1
99 98 14 -1
100 99 77 -1
101 100 83 4
102 52 68 -1
103 102 79 5
104 8 26 -1
105 104 28 -1
106 105 35 -1
107 106 53 -1
108 107 82 6
109 29 34 -1
110 109 48 -1
111 110 59 -1
112 111 75 7
113 30 39 -1
114 113 41 -1
115 114 45 -1
116 115 46 8
117 44 62 -1
118 117 82 9
119 15 56 -1
120 119 78 10
121 8 21 -1
122 121 36 -1
123 122 52 11
124 51 66 -1
125 124 67 12
126 9 10 -1
127 126 28 -1
128 127 43 -1
129 128 61 13
130 50 62 -1
131 130 79 14
132 0 2 -1
133 132 19 -1
134 133 21 -1
135 134 54 15
136 12 22 -1
137 136 41 -1
138 137 60 16
139 53 66 -1
140 139 71 17
141 37 67 -1
142 141 71 18
143 29 42 -1
144 143 57 -1
145 144 58 19
146 8 14 -1
147 146 19 -1
148 147 32 -1
149 148 69 -1
150 149 70 20
151 26 54 -1
152 151 63 -1
153 152 80 21
154 25 33 -1
155 154 36 -1
156 155 39 -1
157 156 57 22
158 3 8 -1
159 158 72 -1
160 159 81 23
161 2 10 -1
162 161 20 -1
163 162 40 -1
164 163 83 24
165 22 26 -1
166 165 42 -1
167 166 59 -1
168 167 81 25
169 21 44 -1
170 169 45 -1
171 170 74 26
172 13 31 -1
173 172 53 -1
174 173 61 -1
175 174 69 27
176 3 20 -1
177 176 31 -1
178 177 49 -1
179 178 76 28
180 11 51 -1
181 180 58 -1
182 181 63 29
183 48 64 -1
184 183 73 30
185 17 40 -1
186 185 46 -1
187 186 74 31
188 11 41 -1
189 188 73 -1
190 189 76 32
191 4 9 -1
192 191 48 -1
193 192 65 -1
194 193 80 33
195 27 33 -1
196 195 34 -1
197 196 60 -1
198 197 77 34
199 9 24 -1
200 199 25 -1
201 200 51 -1
202 201 56 35
