38 173
38 17 32 -1
39 4 14 -1
40 33 34 -1
41 8 15 -1
42 9 37 -1
43 27 31 -1
44 20 29 -1
45 7 36 -1
46 3 31 -1
47 24 25 -1
48 0 21 -1
49 6 28 -1
50 19 20 -1
51 10 27 -1
52 8 28 -1
53 33 35 -1
54 13 15 -1
55 11 12 -1
56 7 54 -1
57 41 50 -1
58 12 16 -1
59 9 39 -1
60 19 36 -1
61 3 14 -1
62 3 34 -1
63 29 52 -1
64 9 49 -1
65 10 11 -1
66 22 36 -1
67 17 21 -1
68 19 43 -1
69 29 42 -1
70 20 25 -1
71 38 44 -1
72 17 31 -1
73 16 32 -1
74 67 26 -1
75 1 39 -1
76 28 37 -1
77 0 4 -1
78 4 26 -1
79 44 55 -1
80 6 37 -1
81 35 46 -1
82 13 40 -1
83 3 48 -1
84 17 45 -1
85 23 45 -1
86 26 36 -1
87 14 15 -1
88 78 34 -1
89 65 5 -1
90 1 18 -1
91 31 41 -1
92 32 69 -1
93 92 81 -1
94 93 90 0
95 40 42 -1
96 95 87 -1
97 96 89 1
98 71 90 -1
99 98 91 2
100 14 43 -1
101 100 47 -1
102 101 57 3
103 5 38 -1
104 103 54 -1
105 104 76 -1
106 105 86 4
107 9 13 -1
108 107 53 -1
109 108 68 -1
110 109 77 5
111 46 64 -1
112 111 71 6
113 8 47 -1
114 113 59 -1
115 114 83 7
116 12 47 -1
117 116 74 -1
118 117 81 8
119 5 8 -1
120 119 72 -1
121 120 75 9
122 2 6 -1
123 122 15 -1
124 123 24 -1
125 124 33 -1
126 125 72 10
127 10 61 -1
128 127 70 -1
129 128 76 11
130 56 79 12
131 73 80 -1
132 131 89 13
133 34 46 -1
134 133 47 -1
135 134 60 14
136 0 39 -1
137 136 40 -1
138 137 50 15
139 12 31 -1
140 139 80 -1
141 140 88 16
142 15 50 -1
143 142 51 -1
144 143 62 17
145 17 19 -1
146 145 34 -1
147 146 42 -1
148 147 56 18
149 16 22 -1
150 149 30 -1
151 150 64 -1
152 151 87 19
153 15 38 -1
154 153 60 -1
155 154 75 20
156 35 41 -1
157 156 62 -1
158 157 85 21
159 53 69 -1
160 159 83 22
161 14 25 -1
162 161 32 -1
163 162 44 -1
164 163 82 23
165 59 63 -1
166 165 86 24
167 2 66 -1
168 167 77 -1
169 168 91 25
170 24 32 -1
171 170 48 -1
172 171 51 -1
173 172 66 26
174 30 37 -1
175 174 53 -1
176 175 79 27
177 8 18 -1
178 177 38 -1
179 178 55 -1
180 179 61 28
181 19 40 -1
182 181 58 -1
183 182 84 29
184 4 27 -1
185 184 63 -1
186 185 84 30
187 23 43 -1
188 187 48 -1
189 188 88 31
190 2 9 -1
191 190 17 -1
192 191 43 -1
193 192 82 32
194 33 37 -1
195 194 38 -1
196 195 57 33
197 18 22 -1
198 197 25 -1
199 198 58 -1
200 199 68 34
201 2 22 -1
202 201 42 -1
203 202 49 -1
204 203 70 35
205 23 51 -1
206 205 52 -1
207 206 74 36
208 1 49 -1
209 208 73 -1
210 209 85 37
