40 187
40 34 35 -1
41 28 39 -1
42 15 38 -1
43 4 10 -1
44 20 29 -1
45 6 19 -1
46 17 18 -1
47 2 25 -1
48 14 27 -1
49 13 21 -1
50 14 23 -1
51 8 37 -1
52 5 36 -1
53 9 38 -1
54 0 3 -1
55 10 27 -1
56 8 43 -1
57 53 12 -1
58 31 42 -1
59 11 21 -1
60 31 39 -1
61 0 9 -1
62 7 18 -1
63 25 29 -1
64 3 4 -1
65 41 45 -1
66 1 55 -1
67 21 24 -1
68 9 47 -1
69 47 50 -1
70 2 3 -1
71 6 48 -1
72 14 30 -1
73 0 26 -1
74 71 22 -1
75 13 51 -1
76 28 44 -1
77 35 50 -1
78 3 34 -1
79 30 56 -1
80 5 11 -1
81 10 37 -1
82 78 25 -1
83 2 42 -1
84 6 46 -1
85 12 17 -1
86 7 27 -1
87 12 24 -1
88 15 19 -1
89 52 61 -1
90 16 64 -1
91 20 32 -1
92 36 58 -1
93 92 66 -1
94 93 67 0
95 15 24 -1
96 95 40 -1
97 96 76 -1
98 97 80 1
99 22 30 -1
100 99 34 -1
101 100 65 -1
102 101 87 2
103 0 18 -1
104 103 33 -1
105 104 43 -1
106 105 60 -1
107 106 67 3
108 4 11 -1
109 108 26 -1
110 109 58 -1
111 110 76 4
112 5 13 -1
113 112 19 -1
114 113 32 -1
115 114 60 -1
116 115 90 5
117 11 33 -1
118 117 38 -1
119 118 77 -1
120 119 84 6
121 49 65 -1
122 121 83 7
123 33 57 -1
124 123 59 -1
125 124 82 8
126 4 44 -1
127 126 57 -1
128 127 75 9
129 37 88 -1
130 129 89 10
131 19 43 -1
132 131 54 -1
133 132 72 11
134 10 17 -1
135 134 40 -1
136 135 68 12
137 30 40 -1
138 137 48 -1
139 138 73 13
140 0 28 -1
141 140 32 -1
142 141 46 -1
143 142 49 14
144 20 35 -1
145 144 46 -1
146 145 90 15
147 16 44 -1
148 147 51 -1
149 148 86 16
150 11 62 -1
151 150 69 17
152 1 40 -1
153 152 49 -1
154 153 63 18
155 54 58 -1
156 155 62 19
157 33 39 -1
158 157 69 -1
159 158 91 20
160 74 87 -1
161 160 91 21
162 10 29 -1
163 162 33 -1
164 163 73 -1
165 164 83 22
166 7 20 -1
167 166 28 -1
168 167 38 -1
169 168 54 -1
170 169 81 23
171 15 30 -1
172 171 66 -1
173 172 75 24
174 7 9 -1
175 174 63 -1
176 175 79 25
177 24 59 -1
178 177 64 -1
179 178 68 26
180 1 5 -1
181 180 30 -1
182 181 39 -1
183 182 45 -1
184 183 59 27
185 3 32 -1
186 185 65 -1
187 186 86 28
188 4 35 -1
189 188 48 -1
190 189 85 -1
191 190 88 29
192 21 33 -1
193 192 61 -1
194 193 62 -1
195 194 72 30
196 17 23 -1
197 196 41 -1
198 197 89 31
199 13 29 -1
200 199 70 -1
201 200 74 32
202 6 55 -1
203 202 60 -1
204 203 82 33
205 22 52 -1
206 205 63 -1
207 206 77 34
208 6 16 -1
209 208 25 -1
210 209 31 -1
211 210 80 -1
212 211 81 35
213 8 23 -1
214 213 36 -1
215 214 40 -1
216 215 57 36
217 25 33 -1
218 217 79 -1
219 218 85 37
220 5 23 -1
221 220 56 -1
222 221 84 38
223 8 35 -1
224 223 41 -1
225 224 49 -1
226 225 70 39
