42 198
42 8 39 -1
43 6 20 -1
44 13 17 -1
45 28 31 -1
46 5 15 -1
47 1 17 -1
48 8 34 -1
49 24 30 -1
50 12 22 -1
51 18 37 -1
52 21 28 -1
53 33 39 -1
54 1 7 -1
55 0 14 -1
56 24 41 -1
57 11 27 -1
58 2 25 -1
59 16 36 -1
60 27 34 -1
61 1 23 -1
62 38 40 -1
63 21 29 -1
64 19 37 -1
65 10 42 -1
66 2 22 -1
67 10 35 -1
68 47 52 -1
69 18 38 -1
70 3 43 -1
71 32 65 -1
72 20 26 -1
73 3 16 -1
74 0 46 -1
75 26 50 -1
76 35 56 -1
77 18 29 -1
78 12 35 -1
79 36 46 -1
80 9 49 -1
81 14 47 -1
82 51 52 -1
83 6 64 -1
84 12 45 -1
85 26 28 -1
86 58 63 -1
87 6 26 -1
88 30 48 -1
89 41 45 -1
90 69 61 -1
91 72 15 -1
92 39 55 -1
93 14 44 -1
94 0 27 -1
95 4 17 -1
96 95 23 -1
97 96 43 -1
98 97 53 -1
99 98 56 0
100 7 57 -1
101 100 81 -1
102 101 88 1
103 11 36 -1
104 103 42 -1
105 104 80 -1
106 105 85 2
107 7 23 -1
108 107 42 -1
109 108 73 -1
110 109 84 3
111 24 25 -1
112 111 28 -1
113 112 32 -1
114 113 40 -1
115 114 51 -1
116 115 60 4
117 10 39 -1
118 117 82 -1
119 118 93 5
120 41 55 -1
121 120 64 -1
122 121 66 -1
123 122 73 6
124 7 11 -1
125 124 83 -1
126 125 86 7
127 4 8 -1
128 127 49 -1
129 128 57 -1
130 129 93 8
131 29 43 -1
132 131 68 -1
133 132 94 9
134 19 29 -1
135 134 49 -1
136 135 79 10
137 9 24 -1
138 137 78 -1
139 138 92 11
140 4 14 -1
141 140 67 -1
142 141 89 12
143 54 77 -1
144 143 88 13
145 30 34 -1
146 145 58 -1
147 146 75 14
148 30 59 -1
149 148 60 -1
150 149 87 15
151 2 6 -1
152 151 62 -1
153 152 92 16
154 8 13 -1
155 154 77 -1
156 155 80 17
157 9 66 -1
158 157 68 18
159 2 70 -1
160 159 89 19
161 5 19 -1
162 161 40 -1
163 162 59 -1
164 163 81 20
165 16 32 -1
166 165 74 -1
167 166 84 21
168 12 17 -1
169 168 65 -1
170 169 91 22
171 3 21 -1
172 171 25 -1
173 172 35 -1
174 173 46 -1
175 174 53 23
176 24 38 -1
177 176 48 -1
178 177 86 24
179 1 20 -1
180 179 36 -1
181 180 76 -1
182 181 94 25
183 11 21 -1
184 183 23 -1
185 184 39 -1
186 185 41 -1
187 186 75 26
188 7 24 -1
189 188 59 -1
190 189 71 27
191 43 51 -1
192 191 62 -1
193 192 78 28
194 20 34 -1
195 194 44 -1
196 195 90 29
197 3 54 -1
198 197 67 -1
199 198 83 30
200 45 87 -1
201 200 90 31
202 37 48 -1
203 202 50 -1
204 203 74 32
205 11 53 -1
206 205 66 -1
207 206 76 33
208 2 5 -1
209 208 18 -1
210 209 33 -1
211 210 60 -1
212 211 67 34
213 0 35 -1
214 213 42 -1
215 214 44 -1
216 215 63 35
217 8 25 -1
218 217 31 -1
219 218 62 -1
220 219 91 36
221 6 12 -1
222 221 15 -1
223 222 41 -1
224 223 82 37
225 37 44 -1
226 225 79 -1
227 226 85 38
228 4 9 -1
229 228 29 -1
230 229 40 -1
231 230 50 -1
232 231 54 39
233 11 24 -1
234 233 33 -1
235 234 61 -1
236 235 70 40
237 6 33 -1
238 237 57 -1
239 238 71 41
