44 209
44 21 36 -1
45 17 20 -1
46 27 41 -1
47 23 24 -1
48 5 29 -1
49 12 15 -1
50 7 34 -1
51 8 13 -1
52 28 31 -1
53 13 39 -1
54 38 43 -1
55 33 41 -1
56 19 36 -1
57 19 23 -1
58 37 46 -1
59 0 22 -1
60 1 21 -1
61 1 27 -1
62 9 40 -1
63 43 49 -1
64 10 26 -1
65 19 52 -1
66 9 32 -1
67 11 18 -1
68 3 17 -1
69 5 25 -1
70 3 42 -1
71 1 35 -1
72 11 53 -1
73 8 59 -1
74 2 26 -1
75 6 45 -1
76 30 35 -1
77 7 24 -1
78 51 55 -1
79 12 36 -1
80 4 38 -1
81 20 30 -1
82 44 53 -1
83 48 50 -1
84 47 55 -1
85 71 13 -1
86 37 42 -1
87 23 39 -1
88 4 15 -1
89 88 35 -1
90 6 23 -1
91 83 31 -1
92 42 60 -1
93 16 26 -1
94 32 43 -1
95 0 31 -1
96 75 39 -1
97 10 34 -1
98 35 54 -1
99 11 66 -1
100 4 84 -1
101 100 96 0
102 0 29 -1
103 102 32 -1
104 103 65 -1
105 104 89 1
106 20 26 -1
107 106 32 -1
108 107 33 -1
109 108 39 -1
110 109 69 -1
111 110 77 2
112 10 21 -1
113 112 67 -1
114 113 68 -1
115 114 73 3
116 46 47 -1
117 116 63 -1
118 117 93 4
119 2 20 -1
120 119 48 -1
121 120 57 -1
122 121 92 5
123 10 13 -1
124 123 47 -1
125 124 56 -1
126 125 58 6
127 11 15 -1
128 127 47 -1
129 128 65 -1
130 129 70 7
131 8 25 -1
132 131 28 -1
133 132 40 -1
134 133 58 -1
135 134 60 8
136 0 16 -1
137 136 30 -1
138 137 43 -1
139 138 51 -1
140 139 92 9
141 8 17 -1
142 141 56 -1
143 142 62 -1
144 143 98 10
145 15 17 -1
146 145 18 -1
147 146 23 -1
148 147 34 -1
149 148 69 11
150 40 82 -1
151 150 86 12
152 29 86 -1
153 152 90 -1
154 153 95 13
155 5 24 -1
156 155 40 -1
157 156 61 -1
158 157 67 14
159 9 74 -1
160 159 81 -1
161 160 90 15
162 26 34 -1
163 162 54 -1
164 163 73 16
165 10 17 -1
166 165 31 -1
167 166 76 -1
168 167 79 17
169 3 19 -1
170 169 91 18
171 15 20 -1
172 171 62 -1
173 172 72 19
174 9 50 -1
175 174 57 -1
176 175 61 20
177 45 63 -1
178 177 64 21
179 7 12 -1
180 179 33 -1
181 180 37 -1
182 181 57 -1
183 182 59 22
184 49 50 -1
185 184 67 -1
186 185 81 23
187 4 14 -1
188 187 54 -1
189 188 69 -1
190 189 95 24
191 15 46 -1
192 191 91 25
193 1 22 -1
194 193 74 -1
195 194 82 26
196 6 7 -1
197 196 27 -1
198 197 64 -1
199 198 65 27
200 45 84 -1
201 200 97 28
202 37 72 -1
203 202 80 -1
204 203 93 29
205 5 22 -1
206 205 30 -1
207 206 38 -1
208 207 68 -1
209 208 87 30
210 25 29 -1
211 210 78 -1
212 211 94 31
213 61 64 -1
214 213 79 -1
215 214 87 32
216 4 44 -1
217 216 77 -1
218 217 99 33
219 5 20 -1
220 219 41 -1
221 220 56 -1
222 221 85 34
223 6 42 -1
224 223 98 -1
225 224 99 35
226 2 12 -1
227 226 22 -1
228 227 58 -1
229 228 76 36
230 3 13 -1
231 230 18 -1
232 231 48 -1
233 232 63 37
234 3 41 -1
235 234 45 -1
236 235 52 -1
237 236 66 38
238 62 78 -1
239 238 80 39
240 34 40 -1
241 240 44 -1
242 241 68 -1
243 242 94 40
244 25 44 -1
245 244 48 -1
246 245 85 41
247 20 29 -1
248 247 51 -1
249 248 70 -1
250 249 97 42
251 27 89 -1
252 251 96 43
