46 226
46 27 41 -1
47 24 31 -1
48 0 42 -1
49 7 8 -1
50 44 45 -1
51 4 20 -1
52 3 44 -1
53 15 25 -1
54 5 28 -1
55 3 36 -1
56 30 34 -1
57 34 46 -1
58 22 45 -1
59 30 39 -1
60 37 40 -1
61 0 13 -1
62 23 24 -1
63 1 10 -1
64 17 35 -1
65 4 31 -1
66 33 39 -1
67 11 12 -1
68 1 30 -1
69 7 56 -1
70 21 46 -1
71 2 7 -1
72 6 41 -1
73 51 58 -1
74 16 52 -1
75 8 57 -1
76 6 44 -1
77 27 38 -1
78 29 32 -1
79 20 23 -1
80 25 26 -1
81 5 53 -1
82 12 13 -1
83 37 64 -1
84 16 63 -1
85 12 49 -1
86 43 53 -1
87 4 32 -1
88 28 43 -1
89 15 17 -1
90 39 42 -1
91 14 32 -1
92 26 29 -1
93 18 55 -1
94 10 59 -1
95 75 23 -1
96 12 21 -1
97 3 35 -1
98 45 48 -1
99 29 36 -1
100 15 18 -1
101 21 39 -1
102 41 42 -1
103 0 24 -1
104 19 43 -1
105 19 28 -1
106 25 50 -1
107 26 33 -1
108 17 51 -1
109 108 62 -1
110 109 66 -1
111 110 72 0
112 35 49 -1
113 112 50 -1
114 113 68 -1
115 114 92 1
116 16 73 -1
117 116 90 -1
118 117 100 2
119 38 41 -1
120 119 45 -1
121 120 49 -1
122 121 60 -1
123 122 101 3
124 11 36 -1
125 124 47 -1
126 125 66 -1
127 126 74 4
128 9 36 -1
129 128 76 -1
130 129 83 -1
131 130 101 5
132 9 20 -1
133 132 25 -1
134 133 47 -1
135 134 48 -1
136 135 96 6
137 4 28 -1
138 137 76 -1
139 138 77 -1
140 139 84 7
141 11 38 -1
142 141 58 -1
143 142 68 -1
144 143 81 8
145 2 13 -1
146 145 31 -1
147 146 37 -1
148 147 94 -1
149 148 102 9
150 11 72 -1
151 150 91 -1
152 151 105 -1
153 152 107 10
154 7 26 -1
155 154 41 -1
156 155 63 -1
157 156 82 11
158 10 29 -1
159 158 38 -1
160 159 44 -1
161 160 86 12
162 39 47 -1
163 162 79 -1
164 163 92 13
165 12 73 -1
166 165 89 14
167 19 40 -1
168 167 98 -1
169 168 99 15
170 11 71 -1
171 170 88 -1
172 171 103 16
173 28 40 -1
174 173 103 -1
175 174 106 17
176 17 28 -1
177 176 36 -1
178 177 80 -1
179 178 82 18
180 5 10 -1
181 180 40 -1
182 181 65 -1
183 182 96 19
184 6 24 -1
185 184 30 -1
186 185 67 -1
187 186 104 20
188 66 81 -1
189 188 97 21
190 20 67 -1
191 190 69 -1
192 191 100 22
193 16 79 -1
194 193 83 -1
195 194 88 23
196 45 54 -1
197 196 61 -1
198 197 94 24
199 17 59 -1
200 199 74 -1
201 200 77 25
202 1 6 -1
203 202 48 -1
204 203 51 -1
205 204 78 26
206 2 24 -1
207 206 55 -1
208 207 60 -1
209 208 107 27
210 4 38 -1
211 210 43 -1
212 211 48 -1
213 212 70 28
214 16 78 -1
215 214 102 -1
216 215 106 29
217 19 21 -1
218 217 57 -1
219 218 84 30
220 14 31 -1
221 220 85 -1
222 221 93 31
223 49 61 -1
224 223 62 -1
225 224 97 32
226 43 91 -1
227 226 95 33
228 1 31 -1
229 228 34 -1
230 229 44 -1
231 230 89 -1
232 231 104 34
233 4 30 -1
234 233 35 -1
235 234 71 -1
236 235 93 35
237 8 36 -1
238 237 50 -1
239 238 62 -1
240 239 87 36
241 1 35 -1
242 241 61 -1
243 242 67 -1
244 243 87 37
245 47 52 -1
246 245 64 -1
247 246 80 38
248 7 9 -1
249 248 13 -1
250 249 65 -1
251 250 98 39
252 22 85 -1
253 252 90 -1
254 253 105 40
255 8 31 -1
256 255 33 -1
257 256 54 -1
258 257 86 41
259 7 14 -1
260 259 22 -1
261 260 47 -1
262 261 70 42
263 9 22 -1
264 263 40 -1
265 264 95 43
266 15 52 -1
267 266 54 -1
268 267 69 44
269 56 60 -1
270 269 65 -1
271 270 99 45
