48 233
48 17 39 -1
49 36 41 -1
50 11 32 -1
51 15 19 -1
52 3 7 -1
53 26 30 -1
54 9 40 -1
55 8 39 -1
56 1 18 -1
57 20 22 -1
58 23 33 -1
59 34 36 -1
60 5 44 -1
61 8 21 -1
62 46 50 -1
63 13 31 -1
64 10 15 -1
65 27 35 -1
66 3 13 -1
67 4 38 -1
68 2 5 -1
69 47 48 -1
70 17 32 -1
71 32 34 -1
72 44 56 -1
73 12 16 -1
74 12 30 -1
75 11 44 -1
76 0 47 -1
77 40 57 -1
78 14 28 -1
79 33 52 -1
80 7 34 -1
81 6 70 -1
82 10 42 -1
83 4 53 -1
84 1 49 -1
85 8 46 -1
86 40 47 -1
87 54 68 -1
88 13 25 -1
89 77 55 -1
90 26 40 -1
91 75 39 -1
92 9 27 -1
93 24 52 -1
94 29 48 -1
95 27 51 -1
96 19 59 -1
97 82 36 -1
98 86 28 -1
99 14 58 -1
100 2 21 -1
101 31 37 -1
102 91 42 -1
103 18 35 -1
104 98 65 -1
105 33 60 -1
106 7 58 -1
107 31 43 -1
108 38 61 -1
109 108 81 -1
110 109 96 0
111 4 6 -1
112 111 30 -1
113 112 45 -1
114 113 89 1
115 7 46 -1
116 115 74 -1
117 116 104 2
118 42 54 -1
119 118 57 -1
120 119 67 -1
121 120 103 3
122 9 26 -1
123 122 43 -1
124 123 47 -1
125 124 62 -1
126 125 66 4
127 18 22 -1
128 127 49 -1
129 128 62 -1
130 129 78 5
131 8 72 -1
132 131 104 6
133 7 20 -1
134 133 49 -1
135 134 67 -1
136 135 69 7
137 6 15 -1
138 137 23 -1
139 138 76 -1
140 139 102 8
141 6 49 -1
142 141 61 -1
143 142 64 -1
144 143 107 9
145 1 9 -1
146 145 21 -1
147 146 51 -1
148 147 102 10
149 16 38 -1
150 149 89 -1
151 150 107 11
152 1 4 -1
153 152 23 -1
154 153 25 -1
155 154 93 12
156 14 23 -1
157 156 40 -1
158 157 63 -1
159 158 64 13
160 5 40 -1
161 160 56 -1
162 161 94 14
163 0 9 -1
164 163 85 -1
165 164 105 15
166 24 34 -1
167 166 67 -1
168 167 99 16
169 22 44 -1
170 169 74 -1
171 170 94 17
172 27 68 -1
173 172 70 -1
174 173 101 18
175 21 49 -1
176 175 53 -1
177 176 57 19
178 37 64 -1
179 178 71 -1
180 179 85 20
181 12 39 -1
182 181 62 -1
183 182 63 21
184 17 19 -1
185 184 26 -1
186 185 87 22
187 6 14 -1
188 187 29 -1
189 188 52 -1
190 189 92 23
191 13 24 -1
192 191 26 -1
193 192 48 -1
194 193 84 24
195 8 53 -1
196 195 69 -1
197 196 88 25
198 0 31 -1
199 198 72 -1
200 199 83 26
201 3 22 -1
202 201 23 -1
203 202 43 -1
204 203 59 -1
205 204 65 27
206 10 23 -1
207 206 29 -1
208 207 51 -1
209 208 81 28
210 5 22 -1
211 210 63 -1
212 211 76 -1
213 212 80 29
214 55 97 -1
215 214 106 30
216 19 41 -1
217 216 44 -1
218 217 73 -1
219 218 99 31
220 17 35 -1
221 220 60 -1
222 221 90 -1
223 222 101 32
224 4 34 -1
225 224 41 -1
226 225 42 -1
227 226 66 -1
228 227 78 33
229 7 10 -1
230 229 14 -1
231 230 45 -1
232 231 54 -1
233 232 56 34
234 12 38 -1
235 234 66 -1
236 235 71 -1
237 236 92 35
238 0 14 -1
239 238 30 -1
240 239 35 -1
241 240 48 -1
242 241 61 36
243 11 45 -1
244 243 59 -1
245 244 73 -1
246 245 100 37
247 12 20 -1
248 247 25 -1
249 248 51 -1
250 249 83 38
251 12 34 -1
252 251 45 -1
253 252 79 -1
254 253 103 39
255 8 23 -1
256 255 24 -1
257 256 80 -1
258 257 95 40
259 12 69 -1
260 259 87 41
261 2 43 -1
262 261 93 -1
263 262 97 42
264 0 25 -1
265 264 32 -1
266 265 96 -1
267 266 100 43
268 33 50 -1
269 268 90 -1
270 269 95 44
271 9 16 -1
272 271 37 -1
273 272 50 -1
274 273 106 45
275 10 19 -1
276 275 79 -1
277 276 84 46
278 46 55 -1
279 278 88 -1
280 279 105 47
