50 242
50 28 39 -1
51 3 40 -1
52 8 13 -1
53 24 26 -1
54 38 42 -1
55 11 43 -1
56 1 19 -1
57 27 44 -1
58 31 41 -1
59 14 37 -1
60 15 34 -1
61 10 19 -1
62 5 58 -1
63 2 45 -1
64 22 29 -1
65 32 35 -1
66 8 47 -1
67 4 6 -1
68 20 27 -1
69 11 16 -1
70 9 26 -1
71 4 26 -1
72 3 7 -1
73 14 20 -1
74 6 49 -1
75 12 34 -1
76 12 23 -1
77 34 48 -1
78 13 62 -1
79 21 59 -1
80 18 60 -1
81 16 47 -1
82 9 30 -1
83 35 43 -1
84 42 74 -1
85 36 51 -1
86 44 46 -1
87 16 21 -1
88 4 19 -1
89 17 53 -1
90 11 38 -1
91 28 64 -1
92 13 25 -1
93 9 72 -1
94 82 39 -1
95 14 15 -1
96 3 33 -1
97 23 52 -1
98 5 61 -1
99 18 69 -1
100 0 10 -1
101 91 57 -1
102 39 63 -1
103 6 12 -1
104 46 71 -1
105 7 14 -1
106 10 50 -1
107 8 25 -1
108 0 28 -1
109 1 15 -1
110 17 43 -1
111 55 66 -1
112 23 60 -1
113 85 1 -1
114 21 31 -1
115 22 33 -1
116 30 76 -1
117 24 93 -1
118 117 97 -1
119 118 110 0
120 56 68 -1
121 120 71 -1
122 121 80 1
123 5 41 -1
124 123 44 -1
125 124 69 -1
126 125 113 2
127 2 28 -1
128 127 44 -1
129 128 56 -1
130 129 58 -1
131 130 81 3
132 2 96 -1
133 132 108 -1
134 133 111 4
135 4 16 -1
136 135 22 -1
137 136 32 -1
138 137 59 -1
139 138 94 5
140 73 81 -1
141 140 83 -1
142 141 84 6
143 77 86 -1
144 143 94 -1
145 144 110 7
146 27 54 -1
147 146 55 -1
148 147 87 -1
149 148 109 8
150 4 42 -1
151 150 75 -1
152 151 93 -1
153 152 108 9
154 17 25 -1
155 154 90 -1
156 155 102 -1
157 156 109 10
158 13 23 -1
159 158 45 -1
160 159 53 -1
161 160 67 -1
162 161 73 11
163 12 46 -1
164 163 99 -1
165 164 105 12
166 7 29 -1
167 166 30 -1
168 167 33 -1
169 168 89 13
170 20 51 -1
171 170 86 -1
172 171 103 14
173 92 96 -1
174 173 104 15
175 67 114 -1
176 175 116 16
177 26 35 -1
178 177 52 -1
179 178 79 17
180 26 44 -1
181 180 49 -1
182 181 92 -1
183 182 115 18
184 7 44 -1
185 184 80 -1
186 185 107 19
187 67 101 20
188 3 8 -1
189 188 20 -1
190 189 24 -1
191 190 46 -1
192 191 77 21
193 17 57 -1
194 193 75 -1
195 194 88 22
196 5 45 -1
197 196 49 -1
198 197 50 -1
199 198 70 23
200 10 26 -1
201 200 37 -1
202 201 84 -1
203 202 114 24
204 65 66 -1
205 204 77 -1
206 205 105 25
207 26 56 -1
208 207 76 -1
209 208 106 26
210 24 73 -1
211 210 75 -1
212 211 98 27
213 18 34 -1
214 213 59 -1
215 214 78 28
216 37 70 -1
217 216 101 29
218 5 28 -1
219 218 89 -1
220 219 112 30
221 5 11 -1
222 221 17 -1
223 222 21 -1
224 223 22 -1
225 224 104 31
226 18 19 -1
227 226 54 -1
228 227 70 -1
229 228 95 32
230 51 52 -1
231 230 100 -1
232 231 115 33
233 25 55 -1
234 233 61 -1
235 234 79 34
236 40 50 -1
237 236 88 -1
238 237 99 35
239 12 19 -1
240 239 32 -1
241 240 39 -1
242 241 78 36
243 21 62 -1
244 243 113 37
245 6 41 -1
246 245 53 -1
247 246 87 -1
248 247 107 38
249 10 14 -1
250 249 32 -1
251 250 43 -1
252 251 45 -1
253 252 112 39
254 42 111 -1
255 254 116 40
256 8 38 -1
257 256 63 -1
258 257 100 -1
259 258 103 41
260 36 54 -1
261 260 72 -1
262 261 97 42
263 3 5 -1
264 263 6 -1
265 264 30 -1
266 265 35 -1
267 266 47 -1
268 267 64 43
269 21 54 -1
270 269 65 -1
271 270 106 44
272 9 33 -1
273 272 36 -1
274 273 40 -1
275 274 65 -1
276 275 90 45
277 26 29 -1
278 277 42 -1
279 278 68 -1
280 279 98 46
281 3 48 -1
282 281 57 -1
283 282 74 -1
284 283 95 47
285 1 34 -1
286 285 50 -1
287 286 68 -1
288 287 83 48
289 16 51 -1
290 289 56 -1
291 290 102 49
