52 253
52 40 41 -1
53 30 44 -1
54 26 50 -1
55 3 47 -1
56 1 24 -1
57 2 29 -1
58 13 33 -1
59 31 39 -1
60 4 20 -1
61 48 50 -1
62 11 22 -1
63 2 41 -1
64 28 51 -1
65 15 30 -1
66 28 34 -1
67 21 42 -1
68 38 51 -1
69 21 46 -1
70 7 50 -1
71 16 34 -1
72 0 29 -1
73 11 35 -1
74 13 27 -1
75 19 24 -1
76 10 36 -1
77 31 38 -1
78 24 33 -1
79 23 47 -1
80 10 44 -1
81 17 58 -1
82 5 47 -1
83 1 48 -1
84 1 57 -1
85 27 69 -1
86 37 51 -1
87 0 25 -1
88 33 55 -1
89 5 71 -1
90 31 37 -1
91 35 39 -1
92 61 73 -1
93 9 62 -1
94 14 29 -1
95 87 40 -1
96 23 49 -1
97 10 66 -1
98 9 59 -1
99 17 53 -1
100 6 72 -1
101 11 23 -1
102 58 68 -1
103 82 2 -1
104 49 56 -1
105 0 46 -1
106 30 51 -1
107 26 27 -1
108 28 53 -1
109 54 65 -1
110 41 78 -1
111 20 43 -1
112 100 42 -1
113 8 48 -1
114 91 52 -1
115 40 67 -1
116 4 22 -1
117 34 75 -1
118 7 52 -1
119 114 36 -1
120 22 44 -1
121 14 36 -1
122 25 76 -1
123 6 17 -1
124 123 60 -1
125 124 96 -1
126 125 110 0
127 18 56 -1
128 127 60 -1
129 128 74 -1
130 129 77 1
131 20 63 -1
132 131 77 -1
133 132 92 2
134 14 38 -1
135 134 40 -1
136 135 46 -1
137 136 99 -1
138 137 116 3
139 10 23 -1
140 139 32 -1
141 140 43 -1
142 141 98 -1
143 142 106 4
144 64 73 -1
145 144 94 -1
146 145 104 5
147 41 69 -1
148 147 83 -1
149 148 102 6
150 4 26 -1
151 150 57 -1
152 151 86 -1
153 152 89 7
154 15 22 -1
155 154 59 -1
156 155 66 -1
157 156 95 8
158 13 24 -1
159 158 34 -1
160 159 54 -1
161 160 60 -1
162 161 80 9
163 15 18 -1
164 163 25 -1
165 164 45 -1
166 165 61 -1
167 166 103 10
168 50 79 -1
169 168 90 -1
170 169 112 11
171 3 33 -1
172 171 36 -1
173 172 93 -1
174 173 115 12
175 43 70 -1
176 175 76 -1
177 176 105 13
178 63 101 -1
179 178 122 14
180 88 105 -1
181 180 106 15
182 18 35 -1
183 182 37 -1
184 183 70 -1
185 184 120 16
186 9 15 -1
187 186 21 -1
188 187 47 -1
189 188 49 -1
190 189 70 17
191 18 92 -1
192 191 121 18
193 0 65 -1
194 193 107 -1
195 194 116 19
196 46 57 -1
197 196 77 -1
198 197 79 20
199 41 62 -1
200 199 67 -1
201 200 79 21
202 1 21 -1
203 202 39 -1
204 203 54 -1
205 204 120 22
206 1 60 -1
207 206 112 23
208 3 18 -1
209 208 53 -1
210 209 117 24
211 40 86 -1
212 211 109 25
213 14 56 -1
214 213 80 -1
215 214 81 26
216 10 37 -1
217 216 95 -1
218 217 103 27
219 20 32 -1
220 219 35 -1
221 220 40 -1
222 221 55 -1
223 222 64 28
224 8 72 -1
225 224 101 -1
226 225 108 29
227 37 55 -1
228 227 93 -1
229 228 113 30
230 4 12 -1
231 230 39 -1
232 231 94 -1
233 232 97 31
234 2 24 -1
235 234 37 -1
236 235 119 32
237 52 102 -1
238 237 113 33
239 7 64 -1
240 239 90 -1
241 240 110 34
242 3 19 -1
243 242 49 -1
244 243 84 -1
245 244 111 35
246 3 16 -1
247 246 22 -1
248 247 28 -1
249 248 42 -1
250 249 118 36
251 15 37 -1
252 251 85 -1
253 252 104 37
254 0 31 -1
255 254 36 -1
256 255 42 -1
257 256 49 -1
258 257 117 38
259 43 109 -1
260 259 118 39
261 11 20 -1
262 261 31 -1
263 262 107 -1
264 263 108 40
265 6 19 -1
266 265 44 -1
267 266 61 -1
268 267 88 41
269 7 12 -1
270 269 19 -1
271 270 68 -1
272 271 89 42
273 81 96 -1
274 273 115 43
275 45 71 -1
276 275 84 -1
277 276 121 44
278 8 12 -1
279 278 36 -1
280 279 59 -1
281 280 99 45
282 9 10 -1
283 282 16 -1
284 283 27 -1
285 284 35 -1
286 285 38 -1
287 286 75 46
288 8 20 -1
289 288 85 -1
290 289 122 47
291 5 26 -1
292 291 44 -1
293 292 78 -1
294 293 98 48
295 25 74 -1
296 295 119 49
297 37 83 -1
298 297 97 -1
299 298 111 50
300 8 16 -1
301 300 21 -1
302 301 24 -1
303 302 63 -1
304 303 74 51
