54 263
54 46 49 -1
55 9 13 -1
56 7 30 -1
57 12 44 -1
58 10 42 -1
59 14 35 -1
60 32 45 -1
61 27 53 -1
62 3 38 -1
63 11 23 -1
64 21 36 -1
65 18 52 -1
66 9 28 -1
67 20 55 -1
68 4 25 -1
69 34 54 -1
70 37 45 -1
71 25 51 -1
72 17 42 -1
73 19 32 -1
74 63 26 -1
75 5 51 -1
76 25 29 -1
77 7 24 -1
78 12 47 -1
79 4 39 -1
80 1 16 -1
81 57 58 -1
82 43 59 -1
83 42 50 -1
84 23 50 -1
85 31 66 -1
86 15 48 -1
87 22 71 -1
88 11 22 -1
89 19 48 -1
90 27 32 -1
91 19 55 -1
92 18 31 -1
93 33 40 -1
94 36 82 -1
95 16 73 -1
96 14 70 -1
97 1 33 -1
98 47 53 -1
99 40 46 -1
100 14 16 -1
101 25 41 -1
102 8 42 -1
103 12 48 -1
104 2 39 -1
105 11 64 -1
106 6 46 -1
107 28 40 -1
108 20 65 -1
109 44 69 -1
110 87 28 -1
111 83 54 -1
112 15 27 -1
113 5 8 -1
114 24 40 -1
115 0 62 -1
116 11 29 -1
117 112 78 -1
118 3 41 -1
119 30 35 -1
120 37 47 -1
121 34 52 -1
122 102 20 -1
123 17 45 -1
124 35 80 -1
125 7 36 -1
126 125 49 -1
127 126 65 -1
128 127 68 -1
129 128 97 0
130 48 62 -1
131 130 104 -1
132 131 109 1
133 81 88 -1
134 133 108 2
135 18 58 -1
136 135 61 -1
137 136 68 -1
138 137 100 3
139 24 33 -1
140 139 44 -1
141 140 82 -1
142 141 91 4
143 60 92 -1
144 143 118 -1
145 144 122 5
146 51 84 -1
147 146 109 -1
148 147 119 6
149 22 37 -1
150 149 74 -1
151 150 97 -1
152 151 106 7
153 1 69 -1
154 153 85 -1
155 154 89 8
156 4 11 -1
157 156 12 -1
158 157 56 -1
159 158 60 -1
160 159 93 9
161 4 14 -1
162 161 26 -1
163 162 31 -1
164 163 38 -1
165 164 46 -1
166 165 108 10
167 2 10 -1
168 167 52 -1
169 168 74 -1
170 169 124 11
171 18 25 -1
172 171 27 -1
173 172 38 -1
174 173 42 -1
175 174 88 -1
176 175 119 12
177 10 13 -1
178 177 41 -1
179 178 43 -1
180 179 49 -1
181 180 120 13
182 18 56 -1
183 182 98 -1
184 183 113 14
185 29 80 -1
186 185 118 -1
187 186 121 15
188 26 44 -1
189 188 49 -1
190 189 79 -1
191 190 98 16
192 6 9 -1
193 192 14 -1
194 193 76 -1
195 194 93 17
196 3 75 -1
197 196 79 -1
198 197 84 18
199 2 5 -1
200 199 13 -1
201 200 17 -1
202 201 50 -1
203 202 76 19
204 41 64 -1
205 204 113 -1
206 205 114 20
207 36 72 -1
208 207 86 -1
209 208 120 21
210 56 99 -1
211 210 124 22
212 75 78 -1
213 212 115 23
214 30 33 -1
215 214 47 -1
216 215 100 -1
217 216 123 24
218 16 38 -1
219 218 40 -1
220 219 66 -1
221 220 77 25
222 8 23 -1
223 222 110 -1
224 223 123 26
225 43 48 -1
226 225 54 -1
227 226 90 -1
228 227 101 27
229 39 50 -1
230 229 67 -1
231 230 95 28
232 17 21 -1
233 232 29 -1
234 233 43 -1
235 234 86 -1
236 235 107 29
237 56 111 -1
238 237 116 30
239 13 35 -1
240 239 40 -1
241 240 90 -1
242 241 105 31
243 4 67 -1
244 243 75 -1
245 244 116 32
246 61 72 -1
247 246 73 -1
248 247 106 33
249 6 13 -1
250 249 52 -1
251 250 96 -1
252 251 103 34
253 0 16 -1
254 253 60 -1
255 254 94 35
256 81 92 -1
257 256 104 36
258 15 32 -1
259 258 35 -1
260 259 41 -1
261 260 110 37
262 23 52 -1
263 262 58 -1
264 263 117 38
265 31 67 -1
266 265 71 -1
267 266 114 39
268 1 70 -1
269 268 103 -1
270 269 122 40
271 6 35 -1
272 271 77 -1
273 272 111 41
274 38 50 -1
275 274 99 -1
276 275 117 42
277 23 34 -1
278 277 47 -1
279 278 76 -1
280 279 91 43
281 19 25 -1
282 281 56 -1
283 282 94 44
284 57 61 -1
285 284 77 -1
286 285 101 45
287 2 7 -1
288 287 25 -1
289 288 85 -1
290 289 121 46
291 24 72 -1
292 291 79 -1
293 292 115 47
294 4 34 -1
295 294 59 -1
296 295 61 -1
297 296 107 48
298 7 10 -1
299 298 44 -1
300 299 89 -1
301 300 105 49
302 2 38 -1
303 302 60 -1
304 303 81 50
305 1 22 -1
306 305 51 -1
307 306 57 -1
308 307 96 51
309 8 13 -1
310 309 25 -1
311 310 62 -1
312 311 95 52
313 21 34 -1
314 313 45 -1
315 314 68 -1
316 315 74 53
