56 282
56 12 47 -1
57 34 38 -1
58 14 42 -1
59 19 55 -1
60 50 53 -1
61 8 45 -1
62 10 49 -1
63 9 54 -1
64 0 14 -1
65 1 30 -1
66 19 52 -1
67 23 33 -1
68 5 26 -1
69 1 24 -1
70 11 13 -1
71 20 40 -1
72 27 41 -1
73 17 24 -1
74 6 49 -1
75 13 39 -1
76 25 31 -1
77 28 47 -1
78 44 51 -1
79 17 48 -1
80 13 34 -1
81 52 55 -1
82 12 66 -1
83 38 51 -1
84 41 46 -1
85 28 49 -1
86 17 43 -1
87 44 56 -1
88 28 57 -1
89 16 36 -1
90 24 50 -1
91 20 62 -1
92 15 63 -1
93 85 40 -1
94 54 65 -1
95 6 31 -1
96 19 58 -1
97 2 59 -1
98 63 64 -1
99 23 61 -1
100 40 59 -1
101 46 51 -1
102 18 32 -1
103 0 15 -1
104 40 68 -1
105 21 31 -1
106 53 54 -1
107 2 11 -1
108 29 52 -1
109 35 37 -1
110 16 18 -1
111 4 41 -1
112 12 45 -1
113 25 60 -1
114 7 16 -1
115 27 30 -1
116 8 39 -1
117 9 17 -1
118 30 42 -1
119 0 38 -1
120 4 14 -1
121 10 36 -1
122 3 51 -1
123 2 42 -1
124 23 41 -1
125 88 10 -1
126 20 67 -1
127 22 38 -1
128 73 74 -1
129 128 111 -1
130 129 126 0
131 2 15 -1
132 131 53 -1
133 132 62 -1
134 133 79 -1
135 134 81 1
136 75 104 -1
137 136 117 -1
138 137 118 2
139 25 43 -1
140 139 81 -1
141 140 93 -1
142 141 102 3
143 27 43 -1
144 143 60 -1
145 144 61 -1
146 145 96 4
147 2 14 -1
148 147 83 -1
149 148 99 -1
150 149 114 5
151 8 70 -1
152 151 73 -1
153 152 115 -1
154 153 120 6
155 11 12 -1
156 155 32 -1
157 156 79 -1
158 157 101 -1
159 158 108 7
160 21 30 -1
161 160 36 -1
162 161 40 -1
163 162 45 -1
164 163 62 -1
165 164 84 8
166 35 77 -1
167 166 105 -1
168 167 120 -1
169 168 121 9
170 5 83 -1
171 170 94 -1
172 171 100 10
173 13 48 -1
174 173 78 -1
175 174 90 -1
176 175 104 11
177 2 39 -1
178 177 40 -1
179 178 60 -1
180 179 98 12
181 1 25 -1
182 181 50 -1
183 182 107 -1
184 183 121 -1
185 184 124 13
186 11 14 -1
187 186 26 -1
188 187 86 -1
189 188 127 14
190 79 89 -1
191 190 96 15
192 55 64 -1
193 192 117 -1
194 193 124 16
195 19 47 -1
196 195 91 -1
197 196 127 17
198 2 21 -1
199 198 57 -1
200 199 113 18
201 8 31 -1
202 201 33 -1
203 202 37 -1
204 203 54 -1
205 204 84 19
206 37 46 -1
207 206 50 -1
208 207 57 -1
209 208 115 20
210 6 71 -1
211 210 109 -1
212 211 112 21
213 10 23 -1
214 213 34 -1
215 214 73 -1
216 215 101 22
217 4 38 -1
218 217 42 -1
219 218 72 -1
220 219 81 23
221 5 37 -1
222 221 52 -1
223 222 56 -1
224 223 103 24
225 44 64 -1
226 225 80 -1
227 226 105 25
228 32 71 -1
229 228 77 -1
230 229 122 26
231 8 15 -1
232 231 26 -1
233 232 71 -1
234 233 76 27
235 10 40 -1
236 235 46 -1
237 236 92 -1
238 237 116 28
239 5 6 -1
240 239 76 -1
241 240 98 29
242 11 69 -1
243 242 106 -1
244 243 126 30
245 9 37 -1
246 245 74 -1
247 246 80 -1
248 247 122 31
249 44 47 -1
250 249 53 -1
251 250 55 -1
252 251 70 -1
253 252 95 32
254 34 61 -1
255 254 91 -1
256 255 108 33
257 16 21 -1
258 257 55 -1
259 258 87 -1
260 259 107 34
261 50 100 -1
262 261 110 -1
263 262 119 35
264 29 32 -1
265 264 38 -1
266 265 55 -1
267 266 58 -1
268 267 116 36
269 56 102 -1
270 269 125 37
271 7 66 -1
272 271 80 -1
273 272 92 38
274 5 57 -1
275 274 82 -1
276 275 114 39
277 36 37 -1
278 277 75 -1
279 278 76 -1
280 279 119 40
281 3 8 -1
282 281 28 -1
283 282 75 -1
284 283 94 41
285 44 58 -1
286 285 93 -1
287 286 111 42
288 3 24 -1
289 288 46 -1
290 289 48 -1
291 290 95 -1
292 291 123 43
293 24 55 -1
294 293 56 -1
295 294 68 -1
296 295 89 44
297 42 53 -1
298 297 67 -1
299 298 125 45
300 2 8 -1
301 300 20 -1
302 301 36 -1
303 302 47 -1
304 303 52 -1
305 304 78 46
306 69 74 -1
307 306 78 -1
308 307 110 47
309 20 99 -1
310 309 109 -1
311 310 118 48
312 7 28 -1
313 312 34 -1
314 313 86 -1
315 314 97 49
316 3 21 -1
317 316 70 -1
318 317 72 -1
319 318 112 50
320 8 9 -1
321 320 22 -1
322 321 65 -1
323 322 82 51
324 52 58 -1
325 324 87 -1
326 325 106 52
327 49 69 -1
328 327 72 -1
329 328 97 53
330 5 34 -1
331 330 77 -1
332 331 90 -1
333 332 123 54
334 28 29 -1
335 334 46 -1
336 335 103 -1
337 336 113 55
