58 289
58 17 36 -1
59 2 37 -1
60 9 24 -1
61 14 28 -1
62 20 36 -1
63 12 20 -1
64 10 51 -1
65 9 16 -1
66 13 47 -1
67 38 52 -1
68 5 50 -1
69 0 19 -1
70 33 55 -1
71 7 38 -1
72 26 53 -1
73 29 47 -1
74 43 58 -1
75 4 32 -1
76 53 59 -1
77 22 26 -1
78 2 41 -1
79 6 38 -1
80 44 51 -1
81 23 31 -1
82 79 21 -1
83 7 39 -1
84 11 45 -1
85 17 54 -1
86 3 28 -1
87 4 18 -1
88 14 46 -1
89 37 67 -1
90 3 73 -1
91 30 66 -1
92 7 17 -1
93 42 44 -1
94 12 34 -1
95 24 25 -1
96 36 48 -1
97 53 66 -1
98 26 30 -1
99 34 35 -1
100 27 49 -1
101 15 43 -1
102 27 37 -1
103 24 81 -1
104 5 56 -1
105 0 27 -1
106 17 52 -1
107 3 31 -1
108 26 45 -1
109 18 46 -1
110 0 29 -1
111 1 57 -1
112 32 40 -1
113 30 54 -1
114 7 11 -1
115 23 72 -1
116 2 64 -1
117 12 60 -1
118 43 48 -1
119 27 61 -1
120 29 77 -1
121 18 42 -1
122 110 39 -1
123 53 56 -1
124 10 55 -1
125 15 29 -1
126 8 43 -1
127 20 50 -1
128 2 47 -1
129 4 28 -1
130 129 45 -1
131 130 50 -1
132 131 93 -1
133 132 122 0
134 35 41 -1
135 134 70 -1
136 135 88 -1
137 136 103 1
138 34 91 -1
139 138 92 -1
140 139 119 2
141 2 6 -1
142 141 33 -1
143 142 83 -1
144 143 107 -1
145 144 123 3
146 1 26 -1
147 146 44 -1
148 147 49 -1
149 148 54 -1
150 149 68 -1
151 150 71 4
152 48 61 -1
153 152 95 -1
154 153 104 -1
155 154 124 5
156 9 28 -1
157 156 69 -1
158 157 89 -1
159 158 126 6
160 2 34 -1
161 160 93 -1
162 161 101 -1
163 162 103 7
164 41 62 -1
165 164 75 -1
166 165 102 -1
167 166 114 8
168 2 29 -1
169 168 96 -1
170 169 119 -1
171 170 121 9
172 2 5 -1
173 172 19 -1
174 173 65 -1
175 174 70 -1
176 175 86 10
177 9 50 -1
178 177 78 -1
179 178 82 -1
180 179 105 11
181 18 36 -1
182 181 71 -1
183 182 76 -1
184 183 105 12
185 67 97 -1
186 185 100 -1
187 186 112 13
188 35 55 -1
189 188 115 -1
190 189 118 14
191 100 116 -1
192 191 118 15
193 24 72 -1
194 193 104 -1
195 194 106 16
196 53 80 -1
197 196 96 -1
198 197 112 17
199 1 18 -1
200 199 89 -1
201 200 94 18
202 62 88 -1
203 202 115 19
204 38 40 -1
205 204 113 -1
206 205 122 20
207 13 70 -1
208 207 98 -1
209 208 125 21
210 47 65 -1
211 210 88 -1
212 211 92 22
213 16 19 -1
214 213 41 -1
215 214 68 -1
216 215 109 23
217 15 38 -1
218 217 53 -1
219 218 84 -1
220 219 99 24
221 4 19 -1
222 221 22 -1
223 222 67 -1
224 223 85 25
225 5 83 -1
226 225 101 -1
227 226 111 26
228 24 55 -1
229 228 90 -1
230 229 127 27
231 19 21 -1
232 231 63 -1
233 232 102 -1
234 233 123 28
235 22 36 -1
236 235 82 -1
237 236 91 29
238 10 13 -1
239 238 40 -1
240 239 82 -1
241 240 85 30
242 16 20 -1
243 242 21 -1
244 243 23 -1
245 244 85 -1
246 245 125 31
247 14 15 -1
248 247 63 -1
249 248 80 -1
250 249 128 32
251 11 25 -1
252 251 39 -1
253 252 78 -1
254 253 117 33
255 40 64 -1
256 255 76 -1
257 256 84 34
258 12 23 -1
259 258 26 -1
260 259 51 -1
261 260 69 -1
262 261 106 35
263 20 55 -1
264 263 65 -1
265 264 69 -1
266 265 84 36
267 56 57 -1
268 267 78 -1
269 268 86 -1
270 269 108 37
271 25 76 -1
272 271 86 -1
273 272 127 38
274 21 52 -1
275 274 62 -1
276 275 68 -1
277 276 128 39
278 28 49 -1
279 278 56 -1
280 279 75 -1
281 280 116 40
282 35 42 -1
283 282 49 -1
284 283 51 -1
285 284 63 -1
286 285 95 41
287 10 39 -1
288 287 62 -1
289 288 69 -1
290 289 98 42
291 68 70 -1
292 291 87 -1
293 292 113 43
294 22 64 -1
295 294 65 -1
296 295 97 44
297 1 53 -1
298 297 63 -1
299 298 87 -1
300 299 126 45
301 6 7 -1
302 301 47 -1
303 302 74 -1
304 303 108 46
305 6 59 -1
306 305 94 -1
307 306 120 47
308 0 30 -1
309 308 55 -1
310 309 74 -1
311 310 107 48
312 16 22 -1
313 312 80 -1
314 313 81 -1
315 314 111 49
316 17 34 -1
317 316 43 -1
318 317 90 -1
319 318 121 50
320 4 60 -1
321 320 74 -1
322 321 77 51
323 14 37 -1
324 323 75 -1
325 324 83 -1
326 325 124 52
327 11 16 -1
328 327 59 -1
329 328 71 -1
330 329 87 53
331 37 48 -1
332 331 52 -1
333 332 54 -1
334 333 58 -1
335 334 73 54
336 46 99 -1
337 336 114 -1
338 337 120 55
339 31 32 -1
340 339 58 -1
341 340 60 -1
342 341 61 56
343 15 22 -1
344 343 52 -1
345 344 109 -1
346 345 117 57
