60 307
60 15 42 -1
61 34 47 -1
62 35 43 -1
63 41 51 -1
64 6 57 -1
65 19 39 -1
66 25 36 -1
67 8 54 -1
68 28 59 -1
69 7 52 -1
70 17 44 -1
71 1 4 -1
72 46 55 -1
73 0 57 -1
74 17 58 -1
75 32 49 -1
76 26 27 -1
77 13 48 -1
78 7 35 -1
79 6 71 -1
80 30 42 -1
81 44 45 -1
82 9 14 -1
83 34 60 -1
84 33 41 -1
85 11 53 -1
86 16 53 -1
87 20 39 -1
88 2 21 -1
89 29 34 -1
90 29 38 -1
91 5 18 -1
92 13 47 -1
93 17 24 -1
94 22 51 -1
95 59 83 -1
96 26 56 -1
97 18 69 -1
98 21 55 -1
99 0 51 -1
100 32 62 -1
101 38 85 -1
102 11 65 -1
103 5 49 -1
104 12 37 -1
105 91 31 -1
106 52 59 -1
107 22 54 -1
108 10 77 -1
109 2 67 -1
110 9 61 -1
111 53 66 -1
112 3 31 -1
113 57 82 -1
114 100 39 -1
115 27 50 -1
116 43 46 -1
117 102 49 -1
118 24 49 -1
119 20 23 -1
120 47 48 -1
121 25 46 -1
122 44 60 -1
123 90 73 -1
124 37 68 -1
125 0 10 -1
126 7 88 -1
127 18 64 -1
128 42 72 -1
129 2 18 -1
130 0 67 -1
131 130 98 -1
132 131 114 0
133 15 58 -1
134 133 87 -1
135 134 113 -1
136 135 120 1
137 13 23 -1
138 137 27 -1
139 138 34 -1
140 139 35 -1
141 140 39 -1
142 141 42 -1
143 142 81 2
144 12 38 -1
145 144 41 -1
146 145 44 -1
147 146 72 -1
148 147 127 3
149 19 36 -1
150 149 63 -1
151 150 70 -1
152 151 109 4
153 1 53 -1
154 153 74 -1
155 154 80 -1
156 155 109 5
157 40 52 -1
158 157 93 -1
159 158 104 -1
160 159 111 6
161 76 87 -1
162 161 97 -1
163 162 121 7
164 25 39 -1
165 164 55 -1
166 165 86 -1
167 166 95 8
168 15 46 -1
169 168 70 -1
170 169 106 -1
171 170 110 9
172 35 50 -1
173 172 65 -1
174 173 66 -1
175 174 110 10
176 22 31 -1
177 176 45 -1
178 177 65 -1
179 178 73 -1
180 179 86 11
181 22 60 -1
182 181 66 -1
183 182 76 -1
184 183 77 12
185 69 82 -1
186 185 98 -1
187 186 101 13
188 19 26 -1
189 188 33 -1
190 189 45 -1
191 190 54 -1
192 191 59 -1
193 192 101 14
194 20 51 -1
195 194 103 -1
196 195 111 15
197 17 35 -1
198 197 48 -1
199 198 52 -1
200 199 83 16
201 37 80 -1
202 201 92 -1
203 202 125 17
204 63 97 -1
205 204 107 18
206 7 10 -1
207 206 24 -1
208 207 47 -1
209 208 105 19
210 2 25 -1
211 210 43 -1
212 211 57 -1
213 212 122 20
214 3 9 -1
215 214 21 -1
216 215 23 -1
217 216 32 -1
218 217 92 21
219 16 17 -1
220 219 54 -1
221 220 71 -1
222 221 119 22
223 5 17 -1
224 223 76 -1
225 224 126 23
226 23 40 -1
227 226 57 -1
228 227 61 -1
229 228 78 24
230 3 27 -1
231 230 124 -1
232 231 125 25
233 19 46 -1
234 233 49 -1
235 234 56 -1
236 235 57 -1
237 236 115 26
238 5 33 -1
239 238 43 -1
240 239 95 27
241 3 30 -1
242 241 52 -1
243 242 58 -1
244 243 108 28
245 15 51 -1
246 245 54 -1
247 246 64 -1
248 247 89 29
249 1 8 -1
250 249 36 -1
251 250 37 -1
252 251 114 30
253 1 5 -1
254 253 75 -1
255 254 81 -1
256 255 96 31
257 8 10 -1
258 257 21 -1
259 258 96 -1
260 259 122 32
261 42 75 -1
262 261 79 -1
263 262 84 33
264 36 47 -1
265 264 68 -1
266 265 119 -1
267 266 129 34
268 29 30 -1
269 268 45 -1
270 269 50 -1
271 270 93 -1
272 271 116 35
273 8 14 -1
274 273 61 -1
275 274 99 -1
276 275 121 36
277 3 28 -1
278 277 33 -1
279 278 79 -1
280 279 88 37
281 13 38 -1
282 281 40 -1
283 282 49 -1
284 283 68 -1
285 284 70 38
286 59 62 -1
287 286 74 -1
288 287 127 39
289 21 50 -1
290 289 67 -1
291 290 78 -1
292 291 84 40
293 14 31 -1
294 293 46 -1
295 294 80 -1
296 295 126 41
297 8 12 -1
298 297 39 -1
299 298 63 -1
300 299 113 42
301 17 55 -1
302 301 112 -1
303 302 117 43
304 106 115 -1
305 304 123 44
306 25 103 -1
307 306 107 -1
308 307 124 45
309 28 70 -1
310 309 104 -1
311 310 128 46
312 22 23 -1
313 312 52 -1
314 313 55 -1
315 314 64 -1
316 315 84 47
317 4 11 -1
318 317 14 -1
319 318 27 -1
320 319 30 -1
321 320 41 -1
322 321 62 48
323 6 36 -1
324 323 42 -1
325 324 54 -1
326 325 87 -1
327 326 118 49
328 9 81 -1
329 328 85 -1
330 329 108 50
331 16 50 -1
332 331 105 -1
333 332 128 51
334 50 79 -1
335 334 99 -1
336 335 129 52
337 14 16 -1
338 337 44 -1
339 338 59 -1
340 339 78 -1
341 340 94 53
342 33 56 -1
343 342 63 -1
344 343 86 -1
345 344 120 54
346 12 20 -1
347 346 55 -1
348 347 56 -1
349 348 74 -1
350 349 89 55
351 10 53 -1
352 351 69 -1
353 352 75 -1
354 353 94 56
355 23 29 -1
356 355 48 -1
357 356 59 -1
358 357 117 57
359 11 19 -1
360 359 24 -1
361 360 32 -1
362 361 112 -1
363 362 116 58
364 1 51 -1
365 364 118 -1
366 365 123 59
