62 310
62 11 36 -1
63 13 49 -1
64 23 50 -1
65 19 37 -1
66 17 47 -1
67 35 38 -1
68 14 26 -1
69 7 41 -1
70 3 34 -1
71 17 33 -1
72 32 43 -1
73 9 25 -1
74 8 21 -1
75 10 29 -1
76 12 13 -1
77 48 54 -1
78 53 54 -1
79 5 68 -1
80 15 61 -1
81 3 6 -1
82 24 47 -1
83 24 46 -1
84 31 37 -1
85 25 38 -1
86 48 51 -1
87 26 49 -1
88 17 20 -1
89 43 58 -1
90 23 63 -1
91 22 32 -1
92 11 21 -1
93 2 47 -1
94 43 83 -1
95 28 71 -1
96 76 84 -1
97 10 49 -1
98 27 29 -1
99 23 45 -1
100 34 39 -1
101 0 64 -1
102 12 27 -1
103 0 33 -1
104 28 48 -1
105 21 52 -1
106 46 58 -1
107 22 50 -1
108 56 81 -1
109 19 61 -1
110 17 42 -1
111 59 60 -1
112 34 40 -1
113 57 87 -1
114 24 30 -1
115 15 57 -1
116 54 72 -1
117 3 11 -1
118 35 69 -1
119 111 29 -1
120 26 78 -1
121 4 12 -1
122 8 40 -1
123 4 20 -1
124 1 2 -1
125 0 30 -1
126 19 70 -1
127 42 57 -1
128 18 54 -1
129 16 43 -1
130 65 75 -1
131 14 59 -1
132 55 88 -1
133 5 25 -1
134 13 62 -1
135 27 37 -1
136 44 64 -1
137 3 36 -1
138 36 45 -1
139 61 67 -1
140 39 77 -1
141 15 56 -1
142 104 82 -1
143 17 61 -1
144 143 76 -1
145 144 94 -1
146 145 107 0
147 36 49 -1
148 147 118 -1
149 148 142 1
150 4 59 -1
151 150 66 -1
152 151 94 -1
153 152 141 2
154 23 32 -1
155 154 51 -1
156 155 100 -1
157 156 110 -1
158 157 114 3
159 22 53 -1
160 159 56 -1
161 160 67 -1
162 161 86 -1
163 162 92 4
164 16 39 -1
165 164 58 -1
166 165 96 -1
167 166 137 5
168 17 28 -1
169 168 37 -1
170 169 51 -1
171 170 72 -1
172 171 90 6
173 102 116 -1
174 173 117 -1
175 174 122 7
176 0 44 -1
177 176 79 -1
178 177 130 8
179 1 41 -1
180 179 42 -1
181 180 44 -1
182 181 77 -1
183 182 95 9
184 7 67 -1
185 184 88 -1
186 185 124 -1
187 186 125 10
188 70 74 -1
189 188 95 -1
190 189 141 11
191 31 80 -1
192 191 108 -1
193 192 119 12
194 9 13 -1
195 194 42 -1
196 195 79 -1
197 196 139 13
198 18 28 -1
199 198 31 -1
200 199 59 -1
201 200 74 -1
202 201 113 14
203 14 24 -1
204 203 39 -1
205 204 71 -1
206 205 135 15
207 5 29 -1
208 207 50 -1
209 208 58 -1
210 209 132 16
211 32 119 -1
212 211 139 17
213 53 58 -1
214 213 79 -1
215 214 81 18
216 16 19 -1
217 216 33 -1
218 217 64 -1
219 218 102 19
220 58 109 -1
221 220 142 20
222 7 29 -1
223 222 51 -1
224 223 52 -1
225 224 57 -1
226 225 93 21
227 53 93 -1
228 227 135 -1
229 228 138 22
230 12 91 -1
231 230 106 -1
232 231 125 23
233 13 38 -1
234 233 66 -1
235 234 126 24
236 19 28 -1
237 236 34 -1
238 237 52 -1
239 238 55 -1
240 239 128 25
241 43 86 -1
242 241 98 -1
243 242 127 26
244 56 60 -1
245 244 73 -1
246 245 118 27
247 35 103 -1
248 247 117 -1
249 248 131 28
250 30 41 -1
251 250 46 -1
252 251 85 -1
253 252 92 29
254 55 63 -1
255 254 101 -1
256 255 129 30
257 85 97 -1
258 257 110 -1
259 258 129 31
260 32 47 -1
261 260 73 -1
262 261 86 -1
263 262 112 32
264 7 82 -1
265 264 133 -1
266 265 134 33
267 90 123 -1
268 267 140 34
269 10 15 -1
270 269 36 -1
271 270 128 -1
272 271 136 35
273 17 58 -1
274 273 97 -1
275 274 112 -1
276 275 131 36
277 2 20 -1
278 277 30 -1
279 278 37 -1
280 279 60 -1
281 280 116 37
282 2 9 -1
283 282 18 -1
284 283 39 -1
285 284 66 -1
286 285 127 38
287 8 37 -1
288 287 41 -1
289 288 107 -1
290 289 120 39
291 34 65 -1
292 291 71 -1
293 292 120 40
294 57 101 -1
295 294 109 -1
296 295 133 41
297 25 31 -1
298 297 45 -1
299 298 69 -1
300 299 132 42
301 21 33 -1
302 301 134 -1
303 302 140 43
304 11 48 -1
305 304 84 -1
306 305 103 -1
307 306 121 44
308 30 63 -1
309 308 108 -1
310 309 122 45
311 5 32 -1
312 311 35 -1
313 312 40 -1
314 313 48 -1
315 314 57 -1
316 315 83 46
317 7 12 -1
318 317 18 -1
319 318 36 -1
320 319 73 -1
321 320 89 47
322 65 98 -1
323 322 124 -1
324 323 138 48
325 3 19 -1
326 325 23 -1
327 326 41 -1
328 327 62 -1
329 328 87 49
330 14 53 -1
331 330 62 -1
332 331 63 -1
333 332 115 50
334 11 26 -1
335 334 42 -1
336 335 52 -1
337 336 65 -1
338 337 91 51
339 31 68 -1
340 339 75 -1
341 340 126 52
342 12 32 -1
343 342 60 -1
344 343 62 -1
345 344 136 53
346 47 59 -1
347 346 72 -1
348 347 130 54
349 43 66 -1
350 349 85 -1
351 350 113 55
352 6 13 -1
353 352 78 -1
354 353 114 -1
355 354 115 56
356 29 44 -1
357 356 99 -1
358 357 105 -1
359 358 106 57
360 74 80 -1
361 360 89 -1
362 361 100 58
363 35 55 -1
364 363 66 -1
365 364 99 -1
366 365 121 59
367 69 80 -1
368 367 123 -1
369 368 137 60
370 70 96 -1
371 370 105 61
