64 329
64 24 48 -1
65 38 39 -1
66 1 10 -1
67 44 61 -1
68 22 30 -1
69 11 56 -1
70 21 56 -1
71 16 18 -1
72 7 27 -1
73 42 45 -1
74 32 63 -1
75 45 46 -1
76 3 19 -1
77 23 54 -1
78 10 41 -1
79 25 30 -1
80 17 46 -1
81 14 43 -1
82 2 6 -1
83 5 49 -1
84 8 33 -1
85 16 27 -1
86 29 58 -1
87 11 31 -1
88 37 53 -1
89 4 38 -1
90 43 55 -1
91 8 18 -1
92 13 15 -1
93 46 47 -1
94 45 69 -1
95 23 67 -1
96 9 28 -1
97 1 39 -1
98 34 75 -1
99 30 44 -1
100 7 20 -1
101 36 62 -1
102 99 4 -1
103 51 64 -1
104 21 36 -1
105 43 58 -1
106 9 43 -1
107 0 58 -1
108 12 15 -1
109 11 12 -1
110 24 59 -1
111 8 29 -1
112 7 60 -1
113 47 52 -1
114 32 49 -1
115 4 31 -1
116 22 37 -1
117 40 68 -1
118 34 48 -1
119 9 59 -1
120 64 70 -1
121 94 61 -1
122 33 68 -1
123 52 54 -1
124 16 48 -1
125 20 62 -1
126 38 61 -1
127 2 52 -1
128 10 23 -1
129 23 84 -1
130 25 65 -1
131 26 90 -1
132 10 91 -1
133 27 35 -1
134 18 53 -1
135 36 59 -1
136 63 64 -1
137 25 57 -1
138 7 57 -1
139 22 56 -1
140 13 49 -1
141 22 42 -1
142 4 52 -1
143 142 55 -1
144 143 109 -1
145 144 110 -1
146 145 137 0
147 8 25 -1
148 147 27 -1
149 148 66 -1
150 149 92 -1
151 150 113 1
152 41 66 -1
153 152 69 -1
154 153 72 -1
155 154 125 2
156 51 63 -1
157 156 95 -1
158 157 112 -1
159 158 140 3
160 6 81 -1
161 160 92 -1
162 161 121 4
163 41 48 -1
164 163 96 -1
165 164 112 -1
166 165 117 5
167 14 27 -1
168 167 60 -1
169 168 76 -1
170 169 82 -1
171 170 86 6
172 85 88 -1
173 172 105 -1
174 173 130 7
175 2 10 -1
176 175 16 -1
177 176 40 -1
178 177 61 -1
179 178 90 -1
180 179 104 8
181 3 65 -1
182 181 81 -1
183 182 111 -1
184 183 119 9
185 5 75 -1
186 185 88 -1
187 186 101 -1
188 187 123 10
189 39 80 -1
190 189 120 -1
191 190 138 11
192 79 83 -1
193 192 124 -1
194 193 129 12
195 36 47 -1
196 195 86 -1
197 196 117 -1
198 197 134 13
199 9 37 -1
200 199 38 -1
201 200 95 -1
202 201 103 14
203 13 56 -1
204 203 58 -1
205 204 93 -1
206 205 119 -1
207 206 124 15
208 30 73 -1
209 208 108 -1
210 209 114 16
211 46 51 -1
212 211 58 -1
213 212 97 -1
214 213 137 17
215 87 123 -1
216 215 132 18
217 12 21 -1
218 217 57 -1
219 218 85 -1
220 219 107 19
221 26 39 -1
222 221 98 -1
223 222 127 20
224 18 70 -1
225 224 86 -1
226 225 127 21
227 6 11 -1
228 227 14 -1
229 228 47 -1
230 229 48 -1
231 230 65 22
232 1 13 -1
233 232 41 -1
234 233 57 -1
235 234 129 23
236 40 59 -1
237 236 69 -1
238 237 136 24
239 5 24 -1
240 239 38 -1
241 240 84 -1
242 241 105 25
243 3 6 -1
244 243 16 -1
245 244 28 -1
246 245 49 -1
247 246 67 26
248 14 40 -1
249 248 49 -1
250 249 50 -1
251 250 55 -1
252 251 126 27
253 26 72 -1
254 253 126 -1
255 254 135 28
256 4 20 -1
257 256 39 -1
258 257 77 -1
259 258 140 29
260 10 25 -1
261 260 42 -1
262 261 115 -1
263 262 118 30
264 9 76 -1
265 264 77 -1
266 265 104 31
267 1 21 -1
268 267 28 -1
269 268 48 -1
270 269 54 -1
271 270 131 32
272 30 98 -1
273 272 106 -1
274 273 128 33
275 1 16 -1
276 275 17 -1
277 276 70 -1
278 277 102 34
279 17 51 -1
280 279 83 -1
281 280 133 -1
282 281 141 35
283 36 37 -1
284 283 60 -1
285 284 74 -1
286 285 132 36
287 87 97 -1
288 287 106 -1
289 288 134 37
290 36 71 -1
291 290 77 -1
292 291 131 38
293 13 27 -1
294 293 80 -1
295 294 96 -1
296 295 109 39
297 19 34 -1
298 297 39 -1
299 298 41 -1
300 299 111 -1
301 300 114 40
302 49 63 -1
303 302 66 -1
304 303 116 -1
305 304 118 41
306 2 19 -1
307 306 33 -1
308 307 47 -1
309 308 66 -1
310 309 74 42
311 11 15 -1
312 311 37 -1
313 312 39 -1
314 313 72 -1
315 314 83 43
316 0 29 -1
317 316 67 -1
318 317 78 -1
319 318 133 44
320 5 62 -1
321 320 79 -1
322 321 120 45
323 18 32 -1
324 323 110 -1
325 324 125 -1
326 325 141 46
327 13 31 -1
328 327 50 -1
329 328 62 -1
330 329 107 -1
331 330 116 47
332 15 29 -1
333 332 80 -1
334 333 115 -1
335 334 139 48
336 63 82 -1
337 336 89 -1
338 337 122 49
339 28 102 -1
340 339 135 -1
341 340 138 50
342 0 34 -1
343 342 76 -1
344 343 79 -1
345 344 101 51
346 46 50 -1
347 346 53 -1
348 347 71 -1
349 348 122 52
350 5 9 -1
351 350 18 -1
352 351 55 -1
353 352 78 -1
354 353 100 53
355 3 29 -1
356 355 71 -1
357 356 72 -1
358 357 74 54
359 44 63 -1
360 359 87 -1
361 360 100 -1
362 361 128 55
363 2 20 -1
364 363 21 -1
365 364 31 -1
366 365 45 -1
367 366 63 -1
368 367 92 56
369 40 45 -1
370 369 78 -1
371 370 89 -1
372 371 139 57
373 1 34 -1
374 373 88 -1
375 374 93 -1
376 375 108 58
377 26 82 -1
378 377 85 -1
379 378 103 59
380 5 7 -1
381 380 12 -1
382 381 56 -1
383 382 71 -1
384 383 73 60
385 17 121 -1
386 385 130 61
387 73 81 -1
388 387 89 -1
389 388 113 62
390 30 91 -1
391 390 93 -1
392 391 136 63
