32 164
32 6 14 -1
33 8 25 -1
34 11 12 -1
35 7 21 -1
36 3 32 -1
37 0 16 -1
38 9 23 -1
39 24 27 -1
40 18 30 -1
41 2 29 -1
42 5 13 -1
43 5 25 -1
44 15 34 -1
45 8 21 -1
46 10 27 -1
47 43 24 -1
48 1 7 -1
49 11 15 -1
50 9 16 -1
51 19 35 -1
52 6 18 -1
53 0 26 -1
54 30 48 -1
55 20 23 -1
56 4 10 -1
57 20 39 -1
58 55 40 -1
59 36 41 -1
60 35 44 -1
61 27 45 -1
62 1 37 -1
63 1 10 -1
64 34 56 -1
65 37 41 -1
66 8 57 -1
67 16 38 -1
68 2 15 -1
69 32 49 -1
70 3 33 -1
71 68 28 -1
72 19 22 -1
73 10 51 -1
74 19 33 -1
75 33 46 -1
76 17 29 -1
77 17 47 -1
78 70 53 -1
79 18 31 -1
80 65 26 -1
81 28 52 -1
82 24 45 -1
83 14 37 -1
84 4 31 -1
85 13 59 -1
86 12 17 -1
87 84 9 -1
88 36 42 -1
89 3 47 -1
90 89 64 -1
91 90 81 0
92 15 58 -1
93 92 75 -1
94 93 86 1
95 13 54 -1
96 95 71 -1
97 96 75 2
98 18 20 -1
99 98 61 -1
100 99 85 3
101 2 48 -1
102 101 64 -1
103 102 66 4
104 0 6 -1
105 104 24 -1
106 105 29 -1
107 106 44 -1
108 107 58 5
109 38 42 -1
110 109 54 -1
111 110 72 -1
112 111 86 6
113 7 12 -1
114 113 19 -1
115 114 36 -1
116 115 39 -1
117 116 71 7
118 42 62 -1
119 118 69 8
120 24 34 -1
121 120 62 -1
122 121 74 9
123 9 22 -1
124 123 28 -1
125 124 47 -1
126 125 54 10
127 2 60 -1
128 127 87 11
129 27 72 -1
130 129 85 12
131 38 79 -1
132 131 80 13
133 17 21 -1
134 133 25 -1
135 134 27 -1
136 135 79 -1
137 136 83 14
138 49 63 -1
139 138 78 15
140 11 73 -1
141 140 80 16
142 22 44 -1
143 142 61 -1
144 143 67 17
145 38 59 -1
146 145 74 18
147 0 51 -1
148 147 52 -1
149 148 77 19
150 3 5 -1
151 150 29 -1
152 151 35 -1
153 152 46 -1
154 153 87 20
155 8 12 -1
156 155 40 -1
157 156 50 -1
158 157 73 21
159 17 22 -1
160 159 57 -1
161 160 60 22
162 6 63 -1
163 162 67 -1
164 163 77 23
165 4 5 -1
166 165 16 -1
167 166 22 -1
168 167 33 -1
169 168 58 24
170 17 50 -1
171 170 69 -1
172 171 82 25
173 15 22 -1
174 173 29 -1
175 174 40 -1
176 175 53 -1
177 176 82 26
178 22 23 -1
179 178 26 -1
180 179 46 -1
181 180 88 27
182 11 38 -1
183 182 39 -1
184 183 78 28
185 13 23 -1
186 185 30 -1
187 186 56 -1
188 187 76 -1
189 188 83 29
190 18 50 -1
191 190 76 -1
192 191 88 30
193 12 35 -1
194 193 66 -1
195 194 81 31
