34 173
34 7 10 -1
35 1 14 -1
36 6 31 -1
37 8 30 -1
38 4 26 -1
39 2 12 -1
40 9 20 -1
41 21 32 -1
42 5 18 -1
43 15 28 -1
44 22 34 -1
45 9 21 -1
46 10 17 -1
47 19 24 -1
48 33 37 -1
49 0 38 -1
50 3 40 -1
51 6 13 -1
52 29 39 -1
53 11 16 -1
54 15 27 -1
55 5 25 -1
56 11 20 -1
57 14 45 -1
58 15 38 -1
59 10 22 -1
60 55 0 -1
61 13 19 -1
62 25 36 -1
63 4 35 -1
64 19 54 -1
65 6 17 -1
66 39 41 -1
67 27 46 -1
68 33 36 -1
69 50 51 -1
70 5 34 -1
71 35 61 -1
72 12 44 -1
73 65 49 -1
74 8 53 -1
75 41 51 -1
76 23 31 -1
77 42 47 -1
78 32 36 -1
79 75 43 -1
80 28 56 -1
81 24 43 -1
82 24 50 -1
83 17 29 -1
84 31 35 -1
85 24 57 -1
86 30 59 -1
87 1 23 -1
88 74 63 -1
89 34 42 -1
90 3 5 -1
91 26 31 -1
92 8 40 -1
93 92 47 -1
94 93 79 0
95 2 4 -1
96 95 9 -1
97 96 23 -1
98 97 27 -1
99 98 29 -1
100 99 61 -1
101 100 70 1
102 26 72 -1
103 102 79 2
104 72 78 -1
105 104 82 3
106 3 17 -1
107 106 25 -1
108 107 43 -1
109 108 44 -1
110 109 52 4
111 12 33 -1
112 111 41 -1
113 112 47 -1
114 113 80 -1
115 114 83 5
116 3 88 -1
117 116 89 6
118 40 67 -1
119 118 88 7
120 33 42 -1
121 120 52 -1
122 121 67 8
123 0 14 -1
124 123 16 -1
125 124 42 -1
126 125 59 -1
127 126 91 9
128 20 30 -1
129 128 60 -1
130 129 71 10
131 13 18 -1
132 131 45 -1
133 132 86 -1
134 133 87 11
135 17 18 -1
136 135 20 -1
137 136 64 -1
138 137 84 12
139 25 46 -1
140 139 82 -1
141 140 91 13
142 3 12 -1
143 142 62 -1
144 143 71 14
145 1 2 -1
146 145 8 -1
147 146 58 -1
148 147 62 15
149 35 60 -1
150 149 69 16
151 4 15 -1
152 151 44 -1
153 152 48 -1
154 153 90 17
155 68 81 -1
156 155 89 18
157 0 2 -1
158 157 48 -1
159 158 69 19
160 9 10 -1
161 160 19 -1
162 161 49 -1
163 162 66 20
164 12 48 -1
165 164 54 -1
166 165 77 21
167 52 53 -1
168 167 57 -1
169 168 76 22
170 53 70 -1
171 170 78 -1
172 171 83 23
173 14 32 -1
174 173 73 -1
175 174 81 24
176 39 48 -1
177 176 80 -1
178 177 87 25
179 21 28 -1
180 179 34 -1
181 180 49 -1
182 181 84 26
183 16 37 -1
184 183 41 -1
185 184 73 27
186 11 31 -1
187 186 64 -1
188 187 86 -1
189 188 90 28
190 2 18 -1
191 190 19 -1
192 191 46 -1
193 192 56 -1
194 193 68 29
195 7 29 -1
196 195 36 -1
197 196 37 -1
198 197 77 30
199 11 37 -1
200 199 58 -1
201 200 85 31
202 33 58 -1
203 202 66 -1
204 203 76 32
205 52 60 -1
206 205 85 33
