36 191
36 21 34 -1
37 8 10 -1
38 17 20 -1
39 16 29 -1
40 2 14 -1
41 6 32 -1
42 1 5 -1
43 22 23 -1
44 24 35 -1
45 7 33 -1
46 9 14 -1
47 30 40 -1
48 25 26 -1
49 24 37 -1
50 3 19 -1
51 28 43 -1
52 4 15 -1
53 1 18 -1
54 0 7 -1
55 26 39 -1
56 17 19 -1
57 2 12 -1
58 57 41 -1
59 21 32 -1
60 17 36 -1
61 31 52 -1
62 12 25 -1
63 4 30 -1
64 10 45 -1
65 2 36 -1
66 15 46 -1
67 4 35 -1
68 21 47 -1
69 16 41 -1
70 18 38 -1
71 31 33 -1
72 27 58 -1
73 60 66 -1
74 23 30 -1
75 48 51 -1
76 42 59 -1
77 8 44 -1
78 1 24 -1
79 6 13 -1
80 11 62 -1
81 3 34 -1
82 27 31 -1
83 11 55 -1
84 23 39 -1
85 9 32 -1
86 16 18 -1
87 33 63 -1
88 37 67 -1
89 54 61 -1
90 29 42 -1
91 85 10 -1
92 29 53 -1
93 22 50 -1
94 5 19 -1
95 94 23 -1
96 95 49 -1
97 96 72 0
98 18 39 -1
99 98 42 -1
100 99 52 -1
101 100 68 1
102 3 14 -1
103 102 24 -1
104 103 32 -1
105 104 86 -1
106 105 89 2
107 0 20 -1
108 107 28 -1
109 108 41 -1
110 109 49 -1
111 110 92 3
112 0 31 -1
113 112 44 -1
114 113 51 -1
115 114 68 4
116 35 58 -1
117 116 70 -1
118 117 84 5
119 13 19 -1
120 119 34 -1
121 120 83 -1
122 121 88 6
123 6 46 -1
124 123 70 -1
125 124 75 7
126 44 73 -1
127 126 92 8
128 5 27 -1
129 128 48 -1
130 129 56 -1
131 130 91 9
132 29 31 -1
133 132 32 -1
134 133 35 -1
135 134 56 -1
136 135 64 10
137 45 48 -1
138 137 81 -1
139 138 84 11
140 7 28 -1
141 140 50 -1
142 141 72 12
143 8 12 -1
144 143 17 -1
145 144 28 -1
146 145 89 13
147 38 53 -1
148 147 55 -1
149 148 71 14
150 1 51 -1
151 150 80 -1
152 151 82 15
153 1 2 -1
154 153 10 -1
155 154 30 -1
156 155 35 -1
157 156 38 -1
158 157 54 16
159 9 19 -1
160 159 28 -1
161 160 38 -1
162 161 42 -1
163 162 74 17
164 40 78 -1
165 164 80 -1
166 165 93 18
167 6 7 -1
168 167 12 -1
169 168 29 -1
170 169 47 -1
171 170 77 19
172 64 65 -1
173 172 83 20
174 63 81 -1
175 174 90 -1
176 175 91 21
177 49 56 -1
178 177 62 -1
179 178 87 22
180 14 17 -1
181 180 39 -1
182 181 43 -1
183 182 79 -1
184 183 82 23
185 20 25 -1
186 185 37 -1
187 186 50 -1
188 187 68 24
189 31 53 -1
190 189 65 -1
191 190 88 25
192 19 20 -1
193 192 64 -1
194 193 69 -1
195 194 78 26
196 13 26 -1
197 196 54 -1
198 197 60 -1
199 198 90 27
200 16 73 -1
201 200 77 28
202 11 13 -1
203 202 69 -1
204 203 75 29
205 65 79 -1
206 205 86 -1
207 206 87 30
208 26 32 -1
209 208 36 -1
210 209 38 -1
211 210 43 -1
212 211 44 31
213 16 28 -1
214 213 40 -1
215 214 45 -1
216 215 59 -1
217 216 67 32
218 22 49 -1
219 218 71 -1
220 219 76 33
221 20 66 -1
222 221 74 -1
223 222 76 34
224 38 46 -1
225 224 61 -1
226 225 93 35
