38 207
38 19 26 -1
39 0 11 -1
40 30 31 -1
41 28 29 -1
42 21 36 -1
43 16 22 -1
44 5 33 -1
45 10 32 -1
46 17 25 -1
47 6 28 -1
48 7 40 -1
49 15 24 -1
50 8 37 -1
51 12 29 -1
52 10 22 -1
53 12 27 -1
54 20 30 -1
55 31 34 -1
56 19 24 -1
57 17 23 -1
58 7 16 -1
59 13 44 -1
60 0 3 -1
61 38 41 -1
62 20 46 -1
63 14 26 -1
64 3 21 -1
65 23 35 -1
66 42 63 -1
67 34 42 -1
68 37 65 -1
69 16 20 -1
70 14 55 -1
71 6 53 -1
72 24 36 -1
73 18 43 -1
74 12 24 -1
75 52 54 -1
76 6 45 -1
77 9 39 -1
78 15 38 -1
79 30 45 -1
80 0 62 -1
81 11 35 -1
82 2 47 -1
83 5 39 -1
84 34 50 -1
85 32 51 -1
86 44 51 -1
87 18 49 -1
88 13 14 -1
89 41 57 -1
90 11 59 -1
91 23 39 -1
92 1 21 -1
93 2 15 -1
94 4 35 -1
95 79 27 -1
96 4 38 -1
97 32 37 -1
98 15 19 -1
99 9 43 -1
100 45 53 -1
101 72 61 -1
102 13 29 -1
103 65 80 -1
104 103 84 -1
105 104 102 0
106 4 5 -1
107 106 48 -1
108 107 60 -1
109 108 89 1
110 8 14 -1
111 110 21 -1
112 111 22 -1
113 112 47 -1
114 113 49 -1
115 114 83 2
116 31 46 -1
117 116 82 -1
118 117 88 -1
119 118 99 3
120 17 21 -1
121 120 33 -1
122 121 55 -1
123 122 71 -1
124 123 96 4
125 30 43 -1
126 125 49 -1
127 126 61 -1
128 127 94 5
129 36 48 -1
130 129 63 -1
131 130 91 -1
132 131 93 6
133 12 16 -1
134 133 35 -1
135 134 48 -1
136 135 56 -1
137 136 76 7
138 1 3 -1
139 138 18 -1
140 139 90 -1
141 140 100 8
142 29 64 -1
143 142 75 -1
144 143 93 9
145 15 18 -1
146 145 50 -1
147 146 58 -1
148 147 71 10
149 0 8 -1
150 149 19 -1
151 150 43 -1
152 151 100 11
153 10 31 -1
154 153 69 -1
155 154 91 -1
156 155 92 12
157 36 46 -1
158 157 95 -1
159 158 98 13
160 3 5 -1
161 160 70 -1
162 161 81 -1
163 162 98 14
164 66 74 -1
165 164 99 15
166 18 26 -1
167 166 47 -1
168 167 48 -1
169 168 52 16
170 6 7 -1
171 170 33 -1
172 171 101 17
173 27 59 -1
174 173 101 18
175 9 25 -1
176 175 44 -1
177 176 67 -1
178 177 76 19
179 17 30 -1
180 179 64 -1
181 180 77 -1
182 181 85 20
183 2 34 -1
184 183 89 -1
185 184 95 21
186 0 23 -1
187 186 42 -1
188 187 48 -1
189 188 78 22
190 4 8 -1
191 190 66 -1
192 191 75 23
193 62 64 -1
194 193 73 -1
195 194 94 24
196 10 17 -1
197 196 60 -1
198 197 73 -1
199 198 82 25
200 33 42 -1
201 200 47 -1
202 201 56 -1
203 202 68 26
204 41 49 -1
205 204 55 -1
206 205 58 -1
207 206 60 27
208 7 78 -1
209 208 86 -1
210 209 92 28
211 54 56 -1
212 211 77 -1
213 212 84 29
214 12 22 -1
215 214 67 -1
216 215 96 -1
217 216 97 30
218 17 52 -1
219 218 70 -1
220 219 86 31
221 10 36 -1
222 221 38 -1
223 222 50 -1
224 223 81 -1
225 224 102 32
226 2 26 -1
227 226 68 -1
228 227 69 -1
229 228 87 33
230 40 57 -1
231 230 90 -1
232 231 97 34
233 1 19 -1
234 233 40 -1
235 234 80 -1
236 235 88 35
237 39 54 -1
238 237 85 -1
239 238 87 36
240 4 13 -1
241 240 26 -1
242 241 58 -1
243 242 74 -1
244 243 83 37
