40 223
40 6 19 -1
41 9 25 -1
42 3 10 -1
43 24 28 -1
44 17 21 -1
45 2 39 -1
46 8 37 -1
47 11 38 -1
48 15 27 -1
49 14 33 -1
50 1 29 -1
51 34 35 -1
52 10 31 -1
53 0 5 -1
54 13 21 -1
55 15 29 -1
56 17 19 -1
57 14 22 -1
58 3 44 -1
59 20 47 -1
60 7 18 -1
61 0 38 -1
62 23 36 -1
63 5 11 -1
64 27 57 -1
65 3 40 -1
66 23 49 -1
67 4 5 -1
68 4 30 -1
69 6 42 -1
70 0 19 -1
71 13 29 -1
72 9 27 -1
73 2 10 -1
74 12 43 -1
75 72 62 -1
76 52 55 -1
77 4 18 -1
78 31 39 -1
79 48 54 -1
80 38 46 -1
81 33 37 -1
82 12 35 -1
83 12 33 -1
84 0 32 -1
85 7 27 -1
86 21 30 -1
87 25 32 -1
88 16 25 -1
89 22 34 -1
90 87 66 -1
91 25 48 -1
92 76 26 -1
93 80 12 -1
94 20 50 -1
95 10 68 -1
96 41 51 -1
97 41 58 -1
98 28 45 -1
99 18 44 -1
100 32 65 -1
101 40 63 -1
102 2 11 -1
103 28 59 -1
104 42 70 -1
105 1 30 -1
106 24 52 -1
107 1 22 -1
108 107 36 -1
109 108 38 -1
110 109 79 -1
111 110 106 0
112 20 43 -1
113 112 51 -1
114 113 55 -1
115 114 101 1
116 30 31 -1
117 116 40 -1
118 117 45 -1
119 118 74 -1
120 119 89 2
121 21 33 -1
122 121 45 -1
123 122 53 -1
124 123 77 -1
125 124 106 3
126 4 36 -1
127 126 92 -1
128 127 103 4
129 9 13 -1
130 129 16 -1
131 130 67 -1
132 131 78 -1
133 132 100 5
134 6 17 -1
135 134 18 -1
136 135 35 -1
137 136 47 -1
138 137 66 -1
139 138 105 6
140 40 61 -1
141 140 79 -1
142 141 98 7
143 34 59 -1
144 143 83 -1
145 144 97 8
146 20 41 -1
147 146 67 -1
148 147 71 -1
149 148 93 9
150 9 15 -1
151 150 20 -1
152 151 36 -1
153 152 37 -1
154 153 53 -1
155 154 56 10
156 14 47 -1
157 156 68 -1
158 157 104 11
159 16 56 -1
160 159 73 -1
161 160 96 12
162 26 30 -1
163 162 51 -1
164 163 53 -1
165 164 64 13
166 43 71 -1
167 166 84 -1
168 167 99 14
169 20 35 -1
170 169 58 -1
171 170 77 -1
172 171 88 15
173 16 26 -1
174 173 46 -1
175 174 85 -1
176 175 94 16
177 60 90 -1
178 177 102 17
179 37 50 -1
180 179 54 -1
181 180 96 18
182 3 14 -1
183 182 15 -1
184 183 24 -1
185 184 31 -1
186 185 60 -1
187 186 61 19
188 45 90 -1
189 188 94 20
190 6 20 -1
191 190 64 -1
192 191 74 -1
193 192 84 21
194 2 61 -1
195 194 81 -1
196 195 92 22
197 7 37 -1
198 197 103 -1
199 198 104 23
200 13 46 -1
201 200 73 -1
202 201 91 -1
203 202 105 24
204 7 41 -1
205 204 46 -1
206 205 55 -1
207 206 95 25
208 4 43 -1
209 208 97 -1
210 209 102 26
211 14 39 -1
212 211 50 -1
213 212 86 -1
214 213 101 27
215 37 85 -1
216 215 98 -1
217 216 100 28
218 4 26 -1
219 218 48 -1
220 219 49 -1
221 220 56 -1
222 221 82 29
223 41 49 -1
224 223 60 -1
225 224 70 -1
226 225 86 30
227 28 39 -1
228 227 44 -1
229 228 53 -1
230 229 75 31
231 2 36 -1
232 231 64 -1
233 232 65 -1
234 233 71 32
235 69 78 -1
236 235 89 -1
237 236 91 33
238 5 25 -1
239 238 50 -1
240 239 57 -1
241 240 62 -1
242 241 82 34
243 31 63 -1
244 243 69 -1
245 244 81 -1
246 245 88 35
247 51 75 -1
248 247 93 36
249 8 24 -1
250 249 25 -1
251 250 56 -1
252 251 83 -1
253 252 95 37
254 8 23 -1
255 254 67 -1
256 255 69 -1
257 256 99 38
258 8 35 -1
259 258 42 -1
260 259 43 -1
261 260 45 -1
262 261 54 39
