42 230
42 25 34 -1
43 26 35 -1
44 10 33 -1
45 19 38 -1
46 31 33 -1
47 8 22 -1
48 21 24 -1
49 4 28 -1
50 28 36 -1
51 40 41 -1
52 14 22 -1
53 30 35 -1
54 3 27 -1
55 0 29 -1
56 10 11 -1
57 5 12 -1
58 30 32 -1
59 0 2 -1
60 6 17 -1
61 4 25 -1
62 13 18 -1
63 20 44 -1
64 13 42 -1
65 23 53 -1
66 15 56 -1
67 1 9 -1
68 8 55 -1
69 28 37 -1
70 15 47 -1
71 36 45 -1
72 26 49 -1
73 11 46 -1
74 7 48 -1
75 63 3 -1
76 14 39 -1
77 20 31 -1
78 21 31 -1
79 32 38 -1
80 5 77 -1
81 15 43 -1
82 5 9 -1
83 48 72 -1
84 23 50 -1
85 13 61 -1
86 27 44 -1
87 12 19 -1
88 6 39 -1
89 9 16 -1
90 41 76 -1
91 27 52 -1
92 11 43 -1
93 92 17 -1
94 36 70 -1
95 31 41 -1
96 23 34 -1
97 42 50 -1
98 93 28 -1
99 24 57 -1
100 2 54 -1
101 46 69 -1
102 4 59 -1
103 18 51 -1
104 40 45 -1
105 1 44 -1
106 18 19 -1
107 25 75 -1
108 9 27 -1
109 108 50 -1
110 109 58 -1
111 110 60 -1
112 111 66 0
113 35 42 -1
114 113 52 -1
115 114 102 -1
116 115 105 1
117 28 64 -1
118 117 68 -1
119 118 75 2
120 41 46 -1
121 120 47 -1
122 121 49 -1
123 122 53 -1
124 123 60 3
125 6 46 -1
126 125 51 -1
127 126 74 -1
128 127 91 4
129 24 30 -1
130 129 43 -1
131 130 54 -1
132 131 71 -1
133 132 95 5
134 68 79 -1
135 134 84 -1
136 135 90 6
137 12 20 -1
138 137 21 -1
139 138 67 -1
140 139 88 -1
141 140 101 7
142 5 45 -1
143 142 61 -1
144 143 66 -1
145 144 74 8
146 2 60 -1
147 146 62 -1
148 147 73 -1
149 148 104 9
150 7 26 -1
151 150 34 -1
152 151 45 -1
153 152 57 -1
154 153 89 10
155 68 81 -1
156 155 85 11
157 0 13 -1
158 157 15 -1
159 158 37 -1
160 159 73 -1
161 160 96 12
162 16 22 -1
163 162 40 -1
164 163 69 -1
165 164 78 -1
166 165 87 13
167 8 13 -1
168 167 14 -1
169 168 49 -1
170 169 51 -1
171 170 58 14
172 78 94 -1
173 172 102 15
174 9 20 -1
175 174 32 -1
176 175 49 -1
177 176 52 -1
178 177 106 16
179 6 16 -1
180 179 47 -1
181 180 85 -1
182 181 95 17
183 28 86 -1
184 183 96 -1
185 184 104 18
186 2 5 -1
187 186 25 -1
188 187 81 -1
189 188 91 19
190 25 48 -1
191 190 58 -1
192 191 73 -1
193 192 82 20
194 4 22 -1
195 194 48 -1
196 195 65 -1
197 196 100 21
198 8 37 -1
199 198 65 -1
200 199 107 22
201 65 99 -1
202 201 101 23
203 3 29 -1
204 203 39 -1
205 204 58 -1
206 205 83 24
207 55 74 -1
208 207 98 25
209 0 26 -1
210 209 30 -1
211 210 67 -1
212 211 70 -1
213 212 87 26
214 42 83 -1
215 214 86 27
216 8 33 -1
217 216 38 -1
218 217 82 -1
219 218 98 28
220 17 35 -1
221 220 37 -1
222 221 94 -1
223 222 100 29
224 2 14 -1
225 224 26 -1
226 225 97 -1
227 226 99 30
228 8 59 -1
229 228 80 -1
230 229 97 31
231 27 47 -1
232 231 62 -1
233 232 76 -1
234 233 80 32
235 1 31 -1
236 235 39 -1
237 236 56 -1
238 237 84 -1
239 238 106 33
240 32 54 -1
241 240 57 -1
242 241 62 -1
243 242 105 34
244 29 42 -1
245 244 43 -1
246 245 67 -1
247 246 103 35
248 35 64 -1
249 248 79 -1
250 249 88 -1
251 250 89 36
252 12 43 -1
253 252 59 -1
254 253 107 37
255 29 38 -1
256 255 66 -1
257 256 72 -1
258 257 77 38
259 8 29 -1
260 259 30 -1
261 260 60 -1
262 261 61 -1
263 262 90 39
264 47 51 -1
265 264 64 -1
266 265 71 40
267 5 22 -1
268 267 32 -1
269 268 35 -1
270 269 71 -1
271 270 103 41
