44 241
44 8 13 -1
45 5 29 -1
46 21 36 -1
47 23 24 -1
48 0 31 -1
49 12 35 -1
50 27 41 -1
51 3 17 -1
52 26 39 -1
53 6 43 -1
54 9 32 -1
55 19 22 -1
56 20 28 -1
57 15 20 -1
58 33 41 -1
59 37 40 -1
60 7 34 -1
61 28 48 -1
62 25 44 -1
63 4 38 -1
64 11 42 -1
65 10 52 -1
66 17 49 -1
67 16 44 -1
68 1 42 -1
69 1 46 -1
70 5 25 -1
71 31 45 -1
72 36 50 -1
73 8 10 -1
74 0 43 -1
75 47 51 -1
76 15 35 -1
77 2 30 -1
78 9 40 -1
79 1 27 -1
80 9 23 -1
81 42 59 -1
82 21 28 -1
83 19 68 -1
84 5 18 -1
85 8 26 -1
86 37 55 -1
87 83 20 -1
88 22 39 -1
89 14 56 -1
90 11 57 -1
91 4 76 -1
92 31 39 -1
93 6 10 -1
94 18 22 -1
95 20 33 -1
96 4 58 -1
97 11 24 -1
98 47 72 -1
99 30 36 -1
100 53 54 -1
101 29 62 -1
102 7 50 -1
103 34 40 -1
104 6 17 -1
105 30 60 -1
106 38 74 -1
107 43 48 -1
108 12 23 -1
109 104 56 -1
110 13 35 -1
111 29 54 -1
112 19 61 -1
113 60 71 -1
114 46 51 -1
115 4 7 -1
116 63 67 -1
117 12 15 -1
118 92 44 -1
119 32 65 -1
120 47 88 -1
121 120 96 -1
122 121 109 0
123 55 61 -1
124 123 91 -1
125 124 111 1
126 1 7 -1
127 126 24 -1
128 127 70 -1
129 128 95 -1
130 129 119 2
131 0 64 -1
132 131 73 -1
133 132 94 -1
134 133 114 3
135 9 16 -1
136 135 26 -1
137 136 43 -1
138 137 98 -1
139 138 117 4
140 2 21 -1
141 140 47 -1
142 141 71 -1
143 142 87 5
144 13 86 -1
145 144 93 -1
146 145 98 6
147 15 64 -1
148 147 75 -1
149 148 112 7
150 1 8 -1
151 150 25 -1
152 151 50 -1
153 152 53 -1
154 153 59 -1
155 154 82 8
156 21 67 -1
157 156 68 -1
158 157 77 -1
159 158 107 9
160 8 19 -1
161 160 36 -1
162 161 66 -1
163 162 78 -1
164 163 106 10
165 17 18 -1
166 165 19 -1
167 166 23 -1
168 167 34 -1
169 168 70 -1
170 169 76 11
171 46 81 -1
172 171 118 12
173 23 29 -1
174 173 48 -1
175 174 53 -1
176 175 81 13
177 13 26 -1
178 177 40 -1
179 178 79 -1
180 179 84 -1
181 180 97 14
182 6 26 -1
183 182 38 -1
184 183 57 -1
185 184 77 -1
186 185 80 15
187 22 32 -1
188 187 85 -1
189 188 103 -1
190 189 106 16
191 25 31 -1
192 191 66 -1
193 192 73 -1
194 193 99 17
195 3 19 -1
196 195 85 -1
197 196 113 18
198 78 90 -1
199 198 118 19
200 55 79 -1
201 200 80 -1
202 201 105 20
203 43 57 -1
204 203 65 -1
205 204 66 21
206 0 86 -1
207 206 95 -1
208 207 108 -1
209 208 115 22
210 49 84 -1
211 210 90 -1
212 211 105 23
213 63 70 -1
214 213 89 -1
215 214 107 24
216 15 32 -1
217 216 72 -1
218 217 113 25
219 2 52 -1
220 219 55 -1
221 220 69 -1
222 221 110 26
223 26 93 -1
224 223 102 -1
225 224 112 27
226 20 34 -1
227 226 58 -1
228 227 73 -1
229 228 75 28
230 3 11 -1
231 230 37 -1
232 231 52 -1
233 232 116 29
234 30 38 -1
235 234 45 -1
236 235 75 -1
237 236 88 30
238 32 74 -1
239 238 96 -1
240 239 101 31
241 27 69 -1
242 241 108 -1
243 242 119 32
244 45 46 -1
245 244 54 -1
246 245 97 -1
247 246 115 33
248 5 41 -1
249 248 87 -1
250 249 99 -1
251 250 110 34
252 35 38 -1
253 252 64 -1
254 253 82 -1
255 254 100 35
256 22 49 -1
257 256 59 -1
258 257 77 -1
259 258 102 36
260 3 13 -1
261 260 45 -1
262 261 53 -1
263 262 94 -1
264 263 117 37
265 31 41 -1
266 265 51 -1
267 266 89 -1
268 267 111 38
269 0 58 -1
270 269 78 -1
271 270 116 39
272 100 103 -1
273 272 114 40
274 45 49 -1
275 274 62 -1
276 275 69 41
277 3 10 -1
278 277 34 -1
279 278 42 -1
280 279 56 -1
281 280 101 42
282 27 52 -1
283 282 91 -1
284 283 109 43
