46 260
46 4 37 -1
47 22 28 -1
48 7 31 -1
49 8 9 -1
50 25 34 -1
51 15 24 -1
52 6 10 -1
53 25 45 -1
54 19 35 -1
55 4 30 -1
56 26 31 -1
57 18 23 -1
58 1 44 -1
59 39 41 -1
60 13 37 -1
61 6 20 -1
62 5 16 -1
63 8 46 -1
64 36 43 -1
65 35 42 -1
66 22 30 -1
67 27 36 -1
68 5 40 -1
69 10 14 -1
70 16 54 -1
71 47 48 -1
72 6 11 -1
73 17 28 -1
74 26 32 -1
75 10 21 -1
76 24 38 -1
77 29 44 -1
78 17 34 -1
79 73 25 -1
80 12 57 -1
81 38 49 -1
82 2 40 -1
83 5 72 -1
84 35 53 -1
85 0 39 -1
86 52 76 -1
87 39 45 -1
88 18 33 -1
89 4 26 -1
90 53 62 -1
91 2 15 -1
92 31 70 -1
93 21 61 -1
94 32 58 -1
95 20 48 -1
96 30 71 -1
97 11 20 -1
98 7 69 -1
99 17 61 -1
100 18 47 -1
101 14 55 -1
102 12 66 -1
103 31 41 -1
104 13 16 -1
105 14 27 -1
106 3 8 -1
107 44 49 -1
108 22 38 -1
109 101 50 -1
110 52 64 -1
111 31 77 -1
112 19 37 -1
113 56 65 -1
114 34 43 -1
115 27 75 -1
116 2 67 -1
117 16 63 -1
118 12 33 -1
119 34 37 -1
120 3 51 -1
121 95 9 -1
122 46 74 -1
123 1 7 -1
124 123 9 -1
125 124 66 -1
126 125 87 -1
127 126 110 0
128 49 57 -1
129 128 59 -1
130 129 94 -1
131 130 119 1
132 10 15 -1
133 132 58 -1
134 133 79 -1
135 134 103 -1
136 135 112 2
137 6 7 -1
138 137 13 -1
139 138 17 -1
140 139 47 -1
141 140 54 -1
142 141 63 3
143 6 23 -1
144 143 39 -1
145 144 51 -1
146 145 55 -1
147 146 74 -1
148 147 108 4
149 29 45 -1
150 149 50 -1
151 150 63 -1
152 151 64 -1
153 152 76 5
154 9 86 -1
155 154 92 -1
156 155 105 6
157 80 97 -1
158 157 104 -1
159 158 113 7
160 7 15 -1
161 160 16 -1
162 161 36 -1
163 162 52 -1
164 163 55 -1
165 164 81 8
166 11 12 -1
167 166 53 -1
168 167 100 -1
169 168 122 9
170 35 77 -1
171 170 93 -1
172 171 106 -1
173 172 116 10
174 0 23 -1
175 174 56 -1
176 175 114 -1
177 176 115 11
178 4 40 -1
179 178 45 -1
180 179 59 -1
181 180 113 12
182 12 28 -1
183 182 111 -1
184 183 117 13
185 42 45 -1
186 185 78 -1
187 186 80 -1
188 187 108 14
189 59 78 -1
190 189 98 -1
191 190 104 15
192 56 88 -1
193 192 109 16
194 24 28 -1
195 194 50 -1
196 195 89 -1
197 196 115 17
198 2 50 -1
199 198 81 -1
200 199 120 18
201 12 43 -1
202 201 51 -1
203 202 68 -1
204 203 79 19
205 3 23 -1
206 205 30 -1
207 206 35 -1
208 207 62 -1
209 208 81 20
210 21 24 -1
211 210 78 -1
212 211 97 -1
213 212 107 21
214 51 52 -1
215 214 65 -1
216 215 88 -1
217 216 119 22
218 46 85 -1
219 218 91 -1
220 219 110 23
221 41 68 -1
222 221 102 -1
223 222 121 24
224 18 29 -1
225 224 60 -1
226 225 65 -1
227 226 72 -1
228 227 103 25
229 8 32 -1
230 229 56 -1
231 230 60 -1
232 231 91 -1
233 232 118 26
234 3 29 -1
235 234 47 -1
236 235 55 -1
237 236 68 -1
238 237 75 27
239 13 15 -1
240 239 27 -1
241 240 28 -1
242 241 41 -1
243 242 83 -1
244 243 118 28
245 7 32 -1
246 245 107 -1
247 246 109 29
248 18 86 -1
249 248 96 30
250 1 14 -1
251 250 20 -1
252 251 60 -1
253 252 79 -1
254 253 85 31
255 29 48 -1
256 255 80 -1
257 256 82 -1
258 257 105 32
259 60 69 -1
260 259 84 -1
261 260 116 33
262 10 17 -1
263 262 43 -1
264 263 50 -1
265 264 70 -1
266 265 82 34
267 20 38 -1
268 267 39 -1
269 268 44 -1
270 269 92 -1
271 270 114 35
272 0 24 -1
273 272 40 -1
274 273 62 -1
275 274 67 -1
276 275 111 36
277 14 42 -1
278 277 43 -1
279 278 90 -1
280 279 93 37
281 34 54 -1
282 281 102 -1
283 282 122 38
284 94 117 -1
285 284 120 39
286 42 71 -1
287 286 83 -1
288 287 112 40
289 26 87 -1
290 289 96 -1
291 290 106 41
292 27 48 -1
293 292 90 -1
294 293 99 42
295 4 64 -1
296 295 84 -1
297 296 121 43
298 9 26 -1
299 298 59 -1
300 299 99 -1
301 300 100 44
302 11 51 -1
303 302 58 -1
304 303 89 -1
305 304 98 45
