48 275
48 15 44 -1
49 14 38 -1
50 8 42 -1
51 27 45 -1
52 36 46 -1
53 41 43 -1
54 10 28 -1
55 4 19 -1
56 6 20 -1
57 0 37 -1
58 11 24 -1
59 30 39 -1
60 2 29 -1
61 17 23 -1
62 3 45 -1
63 25 31 -1
64 7 30 -1
65 0 49 -1
66 22 40 -1
67 18 24 -1
68 2 6 -1
69 1 19 -1
70 25 32 -1
71 41 47 -1
72 8 15 -1
73 21 34 -1
74 36 48 -1
75 26 33 -1
76 3 35 -1
77 27 37 -1
78 13 50 -1
79 5 59 -1
80 12 16 -1
81 4 24 -1
82 47 57 -1
83 13 46 -1
84 28 31 -1
85 32 41 -1
86 41 61 -1
87 3 66 -1
88 52 54 -1
89 2 40 -1
90 39 56 -1
91 38 56 -1
92 33 81 -1
93 9 19 -1
94 4 43 -1
95 37 39 -1
96 23 51 -1
97 11 25 -1
98 88 2 -1
99 0 53 -1
100 63 69 -1
101 21 31 -1
102 29 39 -1
103 43 62 -1
104 26 45 -1
105 5 42 -1
106 60 77 -1
107 30 44 -1
108 22 23 -1
109 96 68 -1
110 36 85 -1
111 16 62 -1
112 7 58 -1
113 25 73 -1
114 5 6 -1
115 2 12 -1
116 37 41 -1
117 17 18 -1
118 15 20 -1
119 9 11 -1
120 8 58 -1
121 118 18 -1
122 13 49 -1
123 13 55 -1
124 87 42 -1
125 44 71 -1
126 34 72 -1
127 28 53 -1
128 22 28 -1
129 128 86 -1
130 129 90 -1
131 130 92 0
132 51 76 -1
133 132 78 -1
134 133 84 -1
135 134 117 1
136 46 65 -1
137 136 67 -1
138 137 109 2
139 24 30 -1
140 139 34 -1
141 140 42 -1
142 141 51 -1
143 142 70 -1
144 143 99 3
145 1 25 -1
146 145 53 -1
147 146 80 -1
148 147 98 4
149 1 55 -1
150 149 75 -1
151 150 111 -1
152 151 125 5
153 20 35 -1
154 153 79 -1
155 154 94 -1
156 155 106 6
157 14 17 -1
158 157 27 -1
159 158 107 -1
160 159 120 -1
161 160 123 7
162 21 40 -1
163 162 80 -1
164 163 82 -1
165 164 97 -1
166 165 102 8
167 18 27 -1
168 167 35 -1
169 168 38 -1
170 169 46 -1
171 170 48 -1
172 171 71 -1
173 172 114 9
174 19 34 -1
175 174 35 -1
176 175 108 -1
177 176 110 -1
178 177 122 10
179 14 22 -1
180 179 44 -1
181 180 47 -1
182 181 78 -1
183 182 95 -1
184 183 101 11
185 20 29 -1
186 185 31 -1
187 186 38 -1
188 187 42 -1
189 188 69 -1
190 189 83 12
191 21 33 -1
192 191 36 -1
193 192 119 -1
194 193 124 13
195 9 65 -1
196 195 89 -1
197 196 90 14
198 8 12 -1
199 198 23 -1
200 199 48 -1
201 200 67 -1
202 201 77 15
203 18 91 -1
204 203 105 -1
205 204 123 16
206 19 21 -1
207 206 38 -1
208 207 52 -1
209 208 59 -1
210 209 66 17
211 25 93 -1
212 211 112 -1
213 212 121 18
214 10 12 -1
215 214 15 -1
216 215 22 -1
217 216 70 -1
218 217 122 19
219 3 29 -1
220 219 55 -1
221 220 64 -1
222 221 86 20
223 38 60 -1
224 223 113 -1
225 224 120 21
226 5 47 -1
227 226 63 -1
228 227 65 -1
229 228 94 22
230 0 45 -1
231 230 54 -1
232 231 79 -1
233 232 83 23
234 9 49 -1
235 234 51 -1
236 235 74 -1
237 236 105 24
238 7 80 -1
239 238 84 -1
240 239 91 -1
241 240 119 25
242 3 40 -1
243 242 67 -1
244 243 73 -1
245 244 93 -1
246 245 107 26
247 44 59 -1
248 247 81 -1
249 248 85 -1
250 249 111 27
251 12 79 -1
252 251 82 -1
253 252 126 28
254 33 50 -1
255 254 60 -1
256 255 86 -1
257 256 101 29
258 19 74 -1
259 258 82 -1
260 259 103 30
261 44 54 -1
262 261 63 -1
263 262 109 31
264 24 32 -1
265 264 50 -1
266 265 52 -1
267 266 57 -1
268 267 76 32
269 51 64 -1
270 269 66 -1
271 270 115 -1
272 271 116 33
273 6 83 -1
274 273 100 -1
275 274 103 34
276 1 3 -1
277 276 33 -1
278 277 56 -1
279 278 108 -1
280 279 112 35
281 9 50 -1
282 281 104 -1
283 282 115 -1
284 283 125 36
285 10 19 -1
286 285 29 -1
287 286 58 -1
288 287 61 -1
289 288 99 37
290 17 68 -1
291 290 72 -1
292 291 84 -1
293 292 92 38
294 16 64 -1
295 294 124 -1
296 295 127 39
297 75 76 -1
298 297 113 -1
299 298 127 40
300 64 70 -1
301 300 74 -1
302 301 78 41
303 50 65 -1
304 303 102 -1
305 304 110 42
306 7 42 -1
307 306 48 -1
308 307 52 -1
309 308 106 43
310 43 75 -1
311 310 89 -1
312 311 117 -1
313 312 126 44
314 95 98 -1
315 314 121 45
316 48 54 -1
317 316 100 -1
318 317 116 46
319 55 57 -1
320 319 97 -1
321 320 104 -1
322 321 114 47
