50 287
50 1 13 -1
51 26 47 -1
52 27 44 -1
53 11 45 -1
54 4 12 -1
55 7 8 -1
56 21 32 -1
57 38 39 -1
58 16 37 -1
59 34 35 -1
60 40 49 -1
61 8 31 -1
62 30 53 -1
63 5 22 -1
64 43 46 -1
65 18 42 -1
66 26 37 -1
67 19 55 -1
68 0 20 -1
69 2 51 -1
70 24 29 -1
71 41 50 -1
72 3 48 -1
73 17 35 -1
74 10 14 -1
75 9 36 -1
76 15 21 -1
77 44 49 -1
78 22 33 -1
79 34 54 -1
80 9 10 -1
81 38 46 -1
82 3 41 -1
83 1 36 -1
84 23 28 -1
85 23 66 -1
86 48 62 -1
87 2 47 -1
88 11 39 -1
89 3 5 -1
90 32 42 -1
91 7 24 -1
92 44 54 -1
93 42 45 -1
94 46 83 -1
95 29 49 -1
96 35 43 -1
97 12 30 -1
98 8 57 -1
99 55 75 -1
100 2 44 -1
101 21 72 -1
102 4 24 -1
103 6 9 -1
104 26 52 -1
105 0 71 -1
106 6 28 -1
107 2 70 -1
108 14 63 -1
109 5 17 -1
110 61 65 -1
111 8 48 -1
112 103 3 -1
113 47 58 -1
114 30 64 -1
115 25 52 -1
116 29 31 -1
117 40 73 -1
118 65 74 -1
119 33 41 -1
120 20 45 -1
121 15 78 -1
122 34 86 -1
123 99 68 -1
124 10 84 -1
125 21 51 -1
126 56 67 -1
127 9 31 -1
128 4 77 -1
129 39 40 -1
130 88 28 -1
131 42 56 -1
132 131 57 -1
133 132 112 -1
134 133 121 0
135 52 60 -1
136 135 69 -1
137 136 80 -1
138 137 82 1
139 32 83 -1
140 139 85 -1
141 140 96 -1
142 141 98 2
143 7 11 -1
144 143 94 -1
145 144 95 -1
146 145 118 3
147 39 76 -1
148 147 100 -1
149 148 108 -1
150 149 114 4
151 4 69 -1
152 151 89 -1
153 152 126 5
154 10 12 -1
155 154 63 -1
156 155 71 -1
157 156 72 -1
158 157 96 6
159 19 34 -1
160 159 102 -1
161 160 118 -1
162 161 125 7
163 45 51 -1
164 163 70 -1
165 164 114 -1
166 165 117 8
167 24 33 -1
168 167 42 -1
169 168 52 -1
170 169 123 9
171 25 35 -1
172 171 50 -1
173 172 58 -1
174 173 102 -1
175 174 112 10
176 15 59 -1
177 176 69 -1
178 177 94 -1
179 178 129 11
180 18 54 -1
181 180 73 -1
182 181 80 -1
183 182 119 12
184 48 50 -1
185 184 53 -1
186 185 75 -1
187 186 87 13
188 59 119 -1
189 188 126 14
190 19 38 -1
191 190 41 -1
192 191 47 -1
193 192 62 -1
194 193 76 15
195 4 13 -1
196 195 31 -1
197 196 53 -1
198 197 58 -1
199 198 81 16
200 11 32 -1
201 200 34 -1
202 201 107 -1
203 202 115 17
204 39 44 -1
205 204 79 -1
206 205 89 -1
207 206 93 18
208 28 59 -1
209 208 81 -1
210 209 93 -1
211 210 97 19
212 25 37 -1
213 212 49 -1
214 213 63 -1
215 214 90 -1
216 215 106 20
217 1 38 -1
218 217 68 -1
219 218 91 -1
220 219 121 21
221 34 64 -1
222 221 106 -1
223 222 110 22
224 85 100 -1
225 224 105 23
226 4 27 -1
227 226 33 -1
228 227 43 -1
229 228 107 -1
230 229 124 24
231 10 56 -1
232 231 58 -1
233 232 59 -1
234 233 92 25
235 13 77 -1
236 235 80 -1
237 236 122 26
238 7 16 -1
239 238 19 -1
240 239 26 -1
241 240 28 -1
242 241 72 -1
243 242 128 27
244 23 39 -1
245 244 49 -1
246 245 61 -1
247 246 71 -1
248 247 120 28
249 17 123 -1
250 249 128 29
251 15 24 -1
252 251 32 -1
253 252 64 -1
254 253 92 -1
255 254 109 30
256 1 43 -1
257 256 87 -1
258 257 101 -1
259 258 115 31
260 11 17 -1
261 260 20 -1
262 261 21 -1
263 262 43 -1
264 263 79 -1
265 264 116 32
266 30 50 -1
267 266 85 -1
268 267 90 -1
269 268 127 33
270 6 16 -1
271 270 34 -1
272 271 45 -1
273 272 67 -1
274 273 104 34
275 4 25 -1
276 275 60 -1
277 276 66 -1
278 277 78 -1
279 278 111 35
280 21 35 -1
281 280 91 -1
282 281 104 -1
283 282 124 36
284 50 74 -1
285 284 113 -1
286 285 130 37
287 2 37 -1
288 287 42 -1
289 288 76 -1
290 289 95 -1
291 290 98 38
292 37 70 -1
293 292 122 -1
294 293 129 39
295 30 37 -1
296 295 41 -1
297 296 69 -1
298 297 81 -1
299 298 116 40
300 25 31 -1
301 300 57 -1
302 301 86 -1
303 302 109 41
304 45 46 -1
305 304 56 -1
306 305 105 -1
307 306 111 42
308 1 18 -1
309 308 56 -1
310 309 60 -1
311 310 84 -1
312 311 127 43
313 19 32 -1
314 313 52 -1
315 314 113 -1
316 315 117 44
317 3 67 -1
318 317 79 -1
319 318 130 45
320 6 11 -1
321 320 60 -1
322 321 61 -1
323 322 68 -1
324 323 87 46
325 22 32 -1
326 325 82 -1
327 326 110 -1
328 327 120 47
329 17 36 -1
330 329 57 -1
331 330 101 -1
332 331 108 48
333 13 57 -1
334 333 82 -1
335 334 97 -1
336 335 125 49
