52 305
52 6 39 -1
53 3 24 -1
54 41 42 -1
55 30 46 -1
56 13 45 -1
57 8 20 -1
58 5 49 -1
59 14 31 -1
60 5 15 -1
61 25 51 -1
62 17 50 -1
63 9 48 -1
64 2 32 -1
65 17 19 -1
66 7 26 -1
67 18 40 -1
68 29 30 -1
69 0 45 -1
70 36 58 -1
71 1 9 -1
72 16 41 -1
73 34 44 -1
74 10 28 -1
75 37 59 -1
76 12 38 -1
77 46 49 -1
78 39 42 -1
79 25 45 -1
80 13 32 -1
81 47 52 -1
82 22 23 -1
83 28 47 -1
84 6 35 -1
85 5 24 -1
86 30 34 -1
87 29 69 -1
88 4 38 -1
89 14 29 -1
90 44 64 -1
91 65 79 -1
92 10 33 -1
93 25 71 -1
94 26 39 -1
95 10 31 -1
96 49 50 -1
97 52 73 -1
98 2 75 -1
99 51 76 -1
100 53 84 -1
101 24 68 -1
102 23 56 -1
103 12 70 -1
104 21 26 -1
105 15 52 -1
106 14 55 -1
107 97 27 -1
108 11 23 -1
109 48 74 -1
110 33 41 -1
111 46 81 -1
112 28 63 -1
113 105 0 -1
114 35 41 -1
115 8 33 -1
116 50 57 -1
117 7 48 -1
118 43 56 -1
119 13 37 -1
120 47 53 -1
121 7 42 -1
122 1 59 -1
123 11 17 -1
124 43 86 -1
125 98 42 -1
126 8 21 -1
127 35 54 -1
128 2 16 -1
129 57 61 -1
130 3 49 -1
131 116 27 -1
132 20 46 -1
133 8 9 -1
134 32 48 -1
135 11 90 -1
136 34 83 -1
137 37 43 -1
138 14 54 -1
139 18 85 -1
140 35 67 -1
141 140 94 -1
142 141 128 -1
143 142 131 0
144 31 54 -1
145 144 62 -1
146 145 87 -1
147 146 120 1
148 102 107 -1
149 148 127 2
150 12 20 -1
151 150 35 -1
152 151 40 -1
153 152 55 -1
154 153 60 -1
155 154 87 3
156 39 60 -1
157 156 80 -1
158 157 89 -1
159 158 123 -1
160 159 126 4
161 33 72 -1
162 161 112 -1
163 162 132 -1
164 163 139 5
165 40 66 -1
166 165 85 -1
167 166 119 -1
168 167 135 6
169 63 81 -1
170 169 114 -1
171 170 135 7
172 28 122 -1
173 172 124 -1
174 173 129 8
175 27 30 -1
176 175 40 -1
177 176 78 -1
178 177 99 -1
179 178 112 9
180 13 50 -1
181 180 63 -1
182 181 68 -1
183 182 75 -1
184 183 92 10
185 38 39 -1
186 185 62 -1
187 186 117 -1
188 187 118 -1
189 188 132 11
190 9 43 -1
191 190 69 -1
192 191 103 -1
193 192 138 12
194 19 39 -1
195 194 49 -1
196 195 99 -1
197 196 122 13
198 15 19 -1
199 198 88 -1
200 199 126 -1
201 200 138 14
202 6 51 -1
203 202 77 -1
204 203 87 -1
205 204 117 15
206 10 34 -1
207 206 47 -1
208 207 65 -1
209 208 67 -1
210 209 130 16
211 70 128 -1
212 211 129 17
213 1 55 -1
214 213 78 -1
215 214 82 -1
216 215 96 18
217 77 78 -1
218 217 93 -1
219 218 115 19
220 44 53 -1
221 220 55 -1
222 221 94 -1
223 222 95 20
224 16 24 -1
225 224 45 -1
226 225 83 -1
227 226 104 -1
228 227 137 21
229 1 3 -1
230 229 17 -1
231 230 23 -1
232 231 90 -1
233 232 121 22
234 0 1 -1
235 234 16 -1
236 235 80 -1
237 236 84 -1
238 237 86 23
239 21 27 -1
240 239 44 -1
241 240 91 -1
242 241 92 24
243 49 64 -1
244 243 91 -1
245 244 137 25
246 7 20 -1
247 246 72 -1
248 247 74 -1
249 248 76 -1
250 249 108 26
251 34 42 -1
252 251 61 -1
253 252 113 -1
254 253 123 27
255 18 19 -1
256 255 31 -1
257 256 38 -1
258 257 60 -1
259 258 61 -1
260 259 133 28
261 16 40 -1
262 261 96 -1
263 262 106 -1
264 263 120 29
265 19 40 -1
266 265 101 -1
267 266 107 30
268 19 66 -1
269 268 67 -1
270 269 71 -1
271 270 124 31
272 4 56 -1
273 272 68 -1
274 273 109 -1
275 274 130 32
276 0 11 -1
277 276 22 -1
278 277 27 -1
279 278 51 -1
280 279 125 33
281 70 82 -1
282 281 115 -1
283 282 118 34
284 12 22 -1
285 284 62 -1
286 285 80 -1
287 286 100 35
288 4 103 -1
289 288 121 -1
290 289 136 36
291 2 3 -1
292 291 4 -1
293 292 6 -1
294 293 20 -1
295 294 36 -1
296 295 54 -1
297 296 71 37
298 17 66 -1
299 298 72 -1
300 299 101 -1
301 300 133 38
302 1 4 -1
303 302 37 -1
304 303 40 -1
305 304 89 -1
306 305 110 -1
307 306 134 39
308 2 5 -1
309 308 62 -1
310 309 106 -1
311 310 136 40
312 22 26 -1
313 312 60 -1
314 313 79 -1
315 314 111 41
316 4 93 -1
317 316 100 -1
318 317 119 42
319 53 58 -1
320 319 73 -1
321 320 88 -1
322 321 110 43
323 6 95 -1
324 323 102 -1
325 324 131 44
326 31 42 -1
327 326 45 -1
328 327 57 -1
329 328 88 -1
330 329 109 45
331 17 22 -1
332 331 24 -1
333 332 61 -1
334 333 77 -1
335 334 127 46
336 21 55 -1
337 336 66 -1
338 337 125 47
339 43 51 -1
340 339 60 -1
341 340 67 -1
342 341 82 -1
343 342 114 48
344 10 13 -1
345 344 72 -1
346 345 89 -1
347 346 111 49
348 41 104 -1
349 348 108 -1
350 349 134 -1
351 350 139 50
352 21 22 -1
353 352 31 -1
354 353 37 -1
355 354 65 -1
356 355 113 51
