54 320
54 39 47 -1
55 15 43 -1
56 5 24 -1
57 31 33 -1
58 25 39 -1
59 3 52 -1
60 13 47 -1
61 10 20 -1
62 20 36 -1
63 22 40 -1
64 28 46 -1
65 1 14 -1
66 10 34 -1
67 26 49 -1
68 3 47 -1
69 18 37 -1
70 16 29 -1
71 1 11 -1
72 21 35 -1
73 2 4 -1
74 27 40 -1
75 28 67 -1
76 23 34 -1
77 12 15 -1
78 6 14 -1
79 0 7 -1
80 29 32 -1
81 22 39 -1
82 17 21 -1
83 8 26 -1
84 48 55 -1
85 20 45 -1
86 25 34 -1
87 0 52 -1
88 7 42 -1
89 9 53 -1
90 5 44 -1
91 41 54 -1
92 22 50 -1
93 40 52 -1
94 48 49 -1
95 14 30 -1
96 8 68 -1
97 18 51 -1
98 13 62 -1
99 6 37 -1
100 99 66 -1
101 46 92 -1
102 19 65 -1
103 41 47 -1
104 26 61 -1
105 55 85 -1
106 18 31 -1
107 96 57 -1
108 21 37 -1
109 15 44 -1
110 33 78 -1
111 48 74 -1
112 2 19 -1
113 41 43 -1
114 42 57 -1
115 38 53 -1
116 23 35 -1
117 32 58 -1
118 49 62 -1
119 11 37 -1
120 43 54 -1
121 50 56 -1
122 2 7 -1
123 12 29 -1
124 27 64 -1
125 16 51 -1
126 16 31 -1
127 46 57 -1
128 40 95 -1
129 41 80 -1
130 33 49 -1
131 10 33 -1
132 107 38 -1
133 2 91 -1
134 12 84 -1
135 56 60 -1
136 72 94 -1
137 4 71 -1
138 81 90 -1
139 39 82 -1
140 8 16 -1
141 140 86 -1
142 141 94 -1
143 142 109 -1
144 143 121 0
145 18 25 -1
146 145 55 -1
147 146 59 -1
148 147 65 -1
149 148 129 1
150 35 62 -1
151 150 76 -1
152 151 122 -1
153 152 134 2
154 0 19 -1
155 154 48 -1
156 155 77 -1
157 156 110 -1
158 157 129 3
159 6 39 -1
160 159 46 -1
161 160 83 -1
162 161 85 -1
163 162 97 -1
164 163 112 4
165 5 12 -1
166 165 13 -1
167 166 40 -1
168 167 42 -1
169 168 75 -1
170 169 139 5
171 7 13 -1
172 171 34 -1
173 172 56 -1
174 173 74 -1
175 174 83 -1
176 175 89 6
177 11 34 -1
178 177 45 -1
179 178 69 -1
180 179 132 7
181 22 24 -1
182 181 27 -1
183 182 54 -1
184 183 114 -1
185 184 118 8
186 5 59 -1
187 186 73 -1
188 187 78 -1
189 188 86 -1
190 189 106 9
191 72 97 -1
192 191 104 -1
193 192 133 10
194 52 60 -1
195 194 61 -1
196 195 70 -1
197 196 82 -1
198 197 122 11
199 45 90 -1
200 199 95 -1
201 200 111 -1
202 201 120 12
203 42 52 -1
204 203 101 -1
205 204 105 13
206 9 22 -1
207 206 31 -1
208 207 56 -1
209 208 73 -1
210 209 77 14
211 5 38 -1
212 211 64 -1
213 212 77 -1
214 213 98 15
215 50 73 -1
216 215 80 -1
217 216 100 16
218 0 4 -1
219 218 21 -1
220 219 34 -1
221 220 59 -1
222 221 102 17
223 58 128 -1
224 223 136 18
225 35 51 -1
226 225 63 -1
227 226 75 -1
228 227 115 19
229 26 47 -1
230 229 50 -1
231 230 69 -1
232 231 134 20
233 17 76 -1
234 233 93 -1
235 234 106 -1
236 235 123 21
237 6 12 -1
238 237 18 -1
239 238 23 -1
240 239 32 -1
241 240 60 -1
242 241 63 22
243 15 27 -1
244 243 88 -1
245 244 108 -1
246 245 110 23
247 5 14 -1
248 247 20 -1
249 248 23 -1
250 249 51 -1
251 250 87 -1
252 251 119 24
253 15 58 -1
254 253 63 -1
255 254 100 25
256 25 46 -1
257 256 123 -1
258 257 131 -1
259 258 135 26
260 28 111 -1
261 260 132 27
262 51 76 -1
263 262 81 -1
264 263 113 -1
265 264 127 28
266 9 18 -1
267 266 28 -1
268 267 36 -1
269 268 43 -1
270 269 71 -1
271 270 114 29
272 105 116 -1
273 272 138 30
274 14 31 -1
275 274 32 -1
276 275 69 -1
277 276 70 -1
278 277 124 31
279 3 10 -1
280 279 17 -1
281 280 128 -1
282 281 133 32
283 4 8 -1
284 283 63 -1
285 284 67 -1
286 285 69 -1
287 286 113 33
288 36 55 -1
289 288 91 -1
290 289 93 -1
291 290 125 34
292 72 109 -1
293 292 117 -1
294 293 127 35
295 11 24 -1
296 295 28 -1
297 296 51 -1
298 297 68 -1
299 298 88 -1
300 299 130 36
301 19 49 -1
302 301 59 -1
303 302 115 -1
304 303 135 37
305 9 19 -1
306 305 23 -1
307 306 54 -1
308 307 64 -1
309 308 104 38
310 83 88 -1
311 310 98 -1
312 311 120 39
313 5 33 -1
314 313 36 -1
315 314 53 -1
316 315 60 -1
317 316 66 -1
318 317 92 40
319 12 103 -1
320 319 118 -1
321 320 119 -1
322 321 126 41
323 22 28 -1
324 323 84 -1
325 324 102 -1
326 325 103 42
327 8 9 -1
328 327 24 -1
329 328 93 -1
330 329 112 -1
331 330 117 43
332 18 58 -1
333 332 70 -1
334 333 101 -1
335 334 130 44
336 11 17 -1
337 336 54 -1
338 337 70 -1
339 338 79 -1
340 339 89 45
341 40 61 -1
342 341 79 -1
343 342 108 -1
344 343 137 46
345 30 59 -1
346 345 124 -1
347 346 138 47
348 33 38 -1
349 348 61 -1
350 349 63 -1
351 350 65 -1
352 351 73 48
353 6 42 -1
354 353 58 -1
355 354 87 -1
356 355 89 -1
357 356 126 49
358 30 71 -1
359 358 125 -1
360 359 131 -1
361 360 139 50
362 29 86 -1
363 362 136 -1
364 363 137 51
365 32 66 -1
366 365 68 -1
367 366 75 -1
368 367 79 52
369 28 30 -1
370 369 45 -1
371 370 87 -1
372 371 116 -1
373 372 121 53
