56 327
56 18 55 -1
57 3 51 -1
58 14 21 -1
59 32 54 -1
60 24 53 -1
61 8 50 -1
62 19 47 -1
63 6 29 -1
64 46 54 -1
65 28 48 -1
66 18 52 -1
67 36 39 -1
68 1 4 -1
69 27 29 -1
70 31 34 -1
71 21 30 -1
72 8 56 -1
73 26 42 -1
74 23 48 -1
75 33 49 -1
76 2 51 -1
77 37 50 -1
78 6 13 -1
79 22 42 -1
80 1 11 -1
81 45 63 -1
82 1 35 -1
83 45 76 -1
84 7 25 -1
85 14 41 -1
86 3 19 -1
87 37 75 -1
88 44 77 -1
89 35 41 -1
90 38 54 -1
91 9 29 -1
92 0 1 -1
93 44 71 -1
94 22 52 -1
95 13 28 -1
96 30 43 -1
97 23 67 -1
98 17 57 -1
99 27 53 -1
100 57 72 -1
101 47 59 -1
102 7 43 -1
103 11 46 -1
104 42 59 -1
105 13 35 -1
106 19 90 -1
107 47 60 -1
108 51 61 -1
109 25 64 -1
110 16 25 -1
111 50 66 -1
112 10 38 -1
113 31 65 -1
114 17 40 -1
115 8 33 -1
116 2 58 -1
117 52 80 -1
118 15 20 -1
119 51 78 -1
120 33 73 -1
121 2 7 -1
122 31 86 -1
123 26 39 -1
124 34 60 -1
125 118 36 -1
126 0 84 -1
127 18 40 -1
128 0 12 -1
129 21 54 -1
130 121 93 -1
131 61 79 -1
132 29 55 -1
133 44 67 -1
134 58 69 -1
135 28 70 -1
136 68 91 -1
137 55 65 -1
138 32 74 -1
139 26 95 -1
140 54 66 -1
141 41 47 -1
142 9 94 -1
143 32 42 -1
144 37 89 -1
145 45 96 -1
146 145 106 -1
147 146 113 -1
148 147 115 0
149 12 20 -1
150 149 24 -1
151 150 34 -1
152 151 89 -1
153 152 109 -1
154 153 132 1
155 10 64 -1
156 155 72 -1
157 156 92 -1
158 157 122 2
159 10 13 -1
160 159 22 -1
161 160 44 -1
162 161 69 -1
163 162 74 -1
164 163 101 3
165 56 69 -1
166 165 77 -1
167 166 95 -1
168 167 109 4
169 8 87 -1
170 169 134 -1
171 170 137 5
172 0 4 -1
173 172 20 -1
174 173 25 -1
175 174 62 -1
176 175 105 -1
177 176 111 6
178 63 72 -1
179 178 126 -1
180 179 138 7
181 21 41 -1
182 181 56 -1
183 182 59 -1
184 183 122 -1
185 184 128 8
186 0 14 -1
187 186 87 -1
188 187 90 -1
189 188 136 9
190 18 48 -1
191 190 92 -1
192 191 99 -1
193 192 130 10
194 5 6 -1
195 194 73 -1
196 195 74 -1
197 196 87 -1
198 197 129 11
199 19 27 -1
200 199 50 -1
201 200 57 -1
202 201 139 -1
203 202 142 12
204 6 8 -1
205 204 10 -1
206 205 42 -1
207 206 62 -1
208 207 103 -1
209 208 124 13
210 4 41 -1
211 210 99 -1
212 211 110 -1
213 212 120 14
214 12 42 -1
215 214 52 -1
216 215 70 -1
217 216 102 -1
218 217 114 15
219 43 97 -1
220 219 129 -1
221 220 139 16
222 47 81 -1
223 222 93 -1
224 223 143 17
225 3 45 -1
226 225 49 -1
227 226 58 -1
228 227 80 -1
229 228 141 18
230 15 68 -1
231 230 104 -1
232 231 108 19
233 11 42 -1
234 233 43 -1
235 234 48 -1
236 235 68 -1
237 236 88 20
238 38 40 -1
239 238 64 -1
240 239 85 -1
241 240 133 21
242 62 73 -1
243 242 91 -1
244 243 116 22
245 8 31 -1
246 245 79 -1
247 246 96 -1
248 247 97 23
249 23 68 -1
250 249 98 -1
251 250 140 24
252 7 18 -1
253 252 81 -1
254 253 131 25
255 13 14 -1
256 255 45 -1
257 256 62 -1
258 257 131 26
259 2 15 -1
260 259 39 -1
261 260 48 -1
262 261 50 -1
263 262 62 -1
264 263 70 27
265 14 36 -1
266 265 37 -1
267 266 82 -1
268 267 110 -1
269 268 135 28
270 2 6 -1
271 270 65 -1
272 271 88 -1
273 272 106 29
274 9 24 -1
275 274 36 -1
276 275 92 -1
277 276 98 -1
278 277 143 30
279 30 33 -1
280 279 52 -1
281 280 105 -1
282 281 108 -1
283 282 132 31
284 17 59 -1
285 284 61 -1
286 285 84 -1
287 286 142 32
288 30 34 -1
289 288 78 -1
290 289 104 -1
291 290 126 33
292 29 85 -1
293 292 86 -1
294 293 94 -1
295 294 97 34
296 13 33 -1
297 296 58 -1
298 297 102 -1
299 298 136 35
300 13 83 -1
301 300 125 -1
302 301 140 36
303 17 32 -1
304 303 85 -1
305 304 107 -1
306 305 111 37
307 4 69 -1
308 307 88 -1
309 308 96 -1
310 309 103 38
311 11 12 -1
312 311 71 -1
313 312 98 -1
314 313 120 39
315 23 37 -1
316 315 99 -1
317 316 117 -1
318 317 137 40
319 107 119 -1
320 319 123 -1
321 320 128 41
322 83 101 -1
323 322 123 -1
324 323 127 42
325 60 82 -1
326 325 116 -1
327 326 138 43
328 27 36 -1
329 328 64 -1
330 329 113 -1
331 330 117 44
332 1 2 -1
333 332 24 -1
334 333 38 -1
335 334 75 -1
336 335 79 -1
337 336 141 45
338 56 112 -1
339 338 119 -1
340 339 135 46
341 7 15 -1
342 341 23 -1
343 342 60 -1
344 343 100 47
345 16 34 -1
346 345 40 -1
347 346 45 -1
348 347 48 -1
349 348 51 -1
350 349 52 -1
351 350 125 48
352 14 35 -1
353 352 40 -1
354 353 100 -1
355 354 112 49
356 3 26 -1
357 356 32 -1
358 357 34 -1
359 358 81 -1
360 359 133 50
361 0 19 -1
362 361 32 -1
363 362 35 -1
364 363 66 -1
365 364 134 51
366 12 38 -1
367 366 124 -1
368 367 130 52
369 5 15 -1
370 369 78 -1
371 370 82 -1
372 371 115 -1
373 372 127 53
374 4 19 -1
375 374 83 -1
376 375 114 -1
377 376 144 54
378 11 21 -1
379 378 53 -1
380 379 63 -1
381 380 76 -1
382 381 144 55
