58 344
58 12 23 -1
59 10 47 -1
60 37 40 -1
61 7 32 -1
62 9 34 -1
63 6 14 -1
64 19 49 -1
65 9 30 -1
66 16 36 -1
67 29 45 -1
68 43 60 -1
69 2 28 -1
70 39 43 -1
71 51 52 -1
72 30 34 -1
73 24 58 -1
74 15 48 -1
75 17 54 -1
76 31 49 -1
77 25 46 -1
78 33 42 -1
79 4 61 -1
80 22 44 -1
81 18 55 -1
82 2 18 -1
83 53 57 -1
84 10 35 -1
85 39 40 -1
86 7 54 -1
87 16 20 -1
88 8 13 -1
89 23 41 -1
90 28 65 -1
91 5 26 -1
92 18 25 -1
93 17 56 -1
94 0 1 -1
95 11 55 -1
96 27 62 -1
97 6 26 -1
98 35 43 -1
99 54 63 -1
100 50 67 -1
101 10 85 -1
102 40 44 -1
103 16 50 -1
104 43 72 -1
105 53 76 -1
106 21 22 -1
107 4 34 -1
108 64 81 -1
109 12 47 -1
110 6 73 -1
111 7 27 -1
112 0 30 -1
113 5 83 -1
114 6 38 -1
115 10 42 -1
116 34 82 -1
117 18 53 -1
118 3 75 -1
119 25 66 -1
120 4 35 -1
121 32 74 -1
122 0 27 -1
123 3 52 -1
124 59 70 -1
125 46 78 -1
126 36 39 -1
127 64 96 -1
128 105 23 -1
129 13 14 -1
130 9 59 -1
131 63 70 -1
132 15 51 -1
133 13 32 -1
134 17 44 -1
135 24 39 -1
136 1 4 -1
137 11 82 -1
138 16 74 -1
139 5 33 -1
140 53 79 -1
141 58 91 -1
142 26 80 -1
143 67 86 -1
144 8 75 -1
145 138 58 -1
146 66 84 -1
147 29 95 -1
148 1 88 -1
149 128 2 -1
150 60 87 -1
151 150 115 -1
152 151 132 -1
153 152 147 0
154 112 124 -1
155 154 149 1
156 3 4 -1
157 156 11 -1
158 157 21 -1
159 158 31 -1
160 159 62 -1
161 160 85 -1
162 161 89 2
163 35 51 -1
164 163 87 -1
165 164 92 -1
166 165 122 -1
167 166 144 3
168 4 17 -1
169 168 45 -1
170 169 47 -1
171 170 57 -1
172 171 77 -1
173 172 106 -1
174 173 122 4
175 20 44 -1
176 175 46 -1
177 176 68 -1
178 177 99 -1
179 178 133 5
180 1 2 -1
181 180 16 -1
182 181 131 -1
183 182 143 6
184 9 56 -1
185 184 58 -1
186 185 101 -1
187 186 140 7
188 25 29 -1
189 188 59 -1
190 189 61 -1
191 190 64 -1
192 191 68 8
193 22 30 -1
194 193 42 -1
195 194 49 -1
196 195 50 -1
197 196 68 -1
198 197 73 9
199 7 45 -1
200 199 73 -1
201 200 98 -1
202 201 108 10
203 24 90 -1
204 203 93 -1
205 204 117 -1
206 205 148 11
207 33 46 -1
208 207 103 -1
209 208 112 -1
210 209 117 -1
211 210 142 12
212 16 37 -1
213 212 45 -1
214 213 55 -1
215 214 78 -1
216 215 79 -1
217 216 94 13
218 32 36 -1
219 218 47 -1
220 219 90 -1
221 220 142 14
222 38 125 -1
223 222 136 -1
224 223 137 15
225 84 134 -1
226 225 149 16
227 43 57 -1
228 227 92 -1
229 228 100 -1
230 229 139 17
231 1 15 -1
232 231 28 -1
233 232 31 -1
234 233 99 -1
235 234 106 18
236 24 29 -1
237 236 47 -1
238 237 50 -1
239 238 120 -1
240 239 144 19
241 4 54 -1
242 241 103 -1
243 242 130 -1
244 243 133 20
245 13 21 -1
246 245 33 -1
247 246 77 -1
248 247 140 21
249 6 18 -1
250 249 45 -1
251 250 52 -1
252 251 127 22
253 19 94 -1
254 253 102 -1
255 254 143 23
256 26 32 -1
257 256 46 -1
258 257 55 -1
259 258 56 -1
260 259 57 -1
261 260 104 24
262 3 33 -1
263 262 69 -1
264 263 104 -1
265 264 136 25
266 24 87 -1
267 266 113 -1
268 267 116 26
269 19 57 -1
270 269 66 -1
271 270 96 -1
272 271 109 27
273 31 57 -1
274 273 67 -1
275 274 88 -1
276 275 110 28
277 10 107 -1
278 277 119 -1
279 278 141 29
280 29 38 -1
281 280 69 -1
282 281 94 -1
283 282 141 30
284 31 59 -1
285 284 80 -1
286 285 92 -1
287 286 121 31
288 36 51 -1
289 288 91 -1
290 289 100 -1
291 290 130 32
292 6 12 -1
293 292 44 -1
294 293 62 -1
295 294 79 -1
296 295 95 33
297 21 37 -1
298 297 76 -1
299 298 81 -1
300 299 97 -1
301 300 115 34
302 19 24 -1
303 302 36 -1
304 303 52 -1
305 304 60 -1
306 305 81 -1
307 306 89 35
308 0 21 -1
309 308 71 -1
310 309 116 -1
311 310 118 36
312 12 69 -1
313 312 72 -1
314 313 101 -1
315 314 114 37
316 3 34 -1
317 316 36 -1
318 317 55 -1
319 318 77 -1
320 319 102 -1
321 320 109 38
322 108 132 -1
323 322 146 39
324 41 48 -1
325 324 55 -1
326 325 110 -1
327 326 113 40
328 23 46 -1
329 328 61 -1
330 329 83 -1
331 330 131 41
332 7 16 -1
333 332 59 -1
334 333 83 -1
335 334 97 -1
336 335 120 42
337 0 8 -1
338 337 63 -1
339 338 93 -1
340 339 107 -1
341 340 126 43
342 12 28 -1
343 342 123 -1
344 343 139 -1
345 344 146 44
346 68 71 -1
347 346 145 45
348 20 65 -1
349 348 76 -1
350 349 111 -1
351 350 148 46
352 38 77 -1
353 352 89 -1
354 353 90 -1
355 354 129 47
356 42 65 -1
357 356 97 -1
358 357 123 -1
359 358 137 48
360 21 25 -1
361 360 38 -1
362 361 98 -1
363 362 121 -1
364 363 134 49
365 20 41 -1
366 365 69 -1
367 366 71 -1
368 367 93 -1
369 368 129 50
370 23 35 -1
371 370 49 -1
372 371 56 -1
373 372 71 -1
374 373 78 -1
375 374 126 51
376 2 41 -1
377 376 47 -1
378 377 80 -1
379 378 114 -1
380 379 125 52
381 28 34 -1
382 381 45 -1
383 382 86 -1
384 383 119 -1
385 384 135 53
386 15 19 -1
387 386 23 -1
388 387 38 -1
389 388 68 -1
390 389 118 54
391 22 72 -1
392 391 111 -1
393 392 145 55
394 5 27 -1
395 394 49 -1
396 395 124 -1
397 396 147 56
398 20 33 -1
399 398 38 -1
400 399 127 -1
401 400 135 57
