60 355
60 19 46 -1
61 31 59 -1
62 38 46 -1
63 3 5 -1
64 8 26 -1
65 18 43 -1
66 40 58 -1
67 10 34 -1
68 3 52 -1
69 41 44 -1
70 39 54 -1
71 16 55 -1
72 34 48 -1
73 50 57 -1
74 9 53 -1
75 6 37 -1
76 1 30 -1
77 32 47 -1
78 20 25 -1
79 29 48 -1
80 17 54 -1
81 19 59 -1
82 21 38 -1
83 22 49 -1
84 0 40 -1
85 1 2 -1
86 15 18 -1
87 13 60 -1
88 6 19 -1
89 3 28 -1
90 21 31 -1
91 38 52 -1
92 37 41 -1
93 9 66 -1
94 73 75 -1
95 14 41 -1
96 10 11 -1
97 32 62 -1
98 24 48 -1
99 16 60 -1
100 28 51 -1
101 33 64 -1
102 7 58 -1
103 27 32 -1
104 0 55 -1
105 46 61 -1
106 14 71 -1
107 23 61 -1
108 31 69 -1
109 16 30 -1
110 12 91 -1
111 52 59 -1
112 2 65 -1
113 41 42 -1
114 27 55 -1
115 2 40 -1
116 1 72 -1
117 46 72 -1
118 10 26 -1
119 4 78 -1
120 26 67 -1
121 119 53 -1
122 12 17 -1
123 18 77 -1
124 25 40 -1
125 68 85 -1
126 14 63 -1
127 6 54 -1
128 24 34 -1
129 13 70 -1
130 43 82 -1
131 17 39 -1
132 53 98 -1
133 51 74 -1
134 43 57 -1
135 58 100 -1
136 5 8 -1
137 128 39 -1
138 57 71 -1
139 8 68 -1
140 50 52 -1
141 35 39 -1
142 49 63 -1
143 51 86 -1
144 37 69 -1
145 0 45 -1
146 56 65 -1
147 36 102 -1
148 80 83 -1
149 20 92 -1
150 9 12 -1
151 10 21 -1
152 34 89 -1
153 4 47 -1
154 50 81 -1
155 154 82 -1
156 155 101 -1
157 156 143 0
158 11 28 -1
159 158 41 -1
160 159 87 -1
161 160 131 -1
162 161 142 1
163 14 15 -1
164 163 107 -1
165 164 110 -1
166 165 147 2
167 15 33 -1
168 167 105 -1
169 168 109 -1
170 169 118 -1
171 170 140 3
172 46 56 -1
173 172 94 -1
174 173 131 -1
175 174 143 4
176 22 82 -1
177 176 123 -1
178 177 124 -1
179 178 144 5
180 29 33 -1
181 180 41 -1
182 181 80 -1
183 182 93 -1
184 183 123 6
185 67 95 -1
186 185 97 -1
187 186 121 7
188 11 27 -1
189 188 78 -1
190 189 90 -1
191 190 136 -1
192 191 147 8
193 12 28 -1
194 193 37 -1
195 194 45 -1
196 195 53 -1
197 196 57 -1
198 197 70 -1
199 198 117 9
200 44 76 -1
201 200 78 -1
202 201 103 -1
203 202 127 -1
204 203 145 10
205 81 106 -1
206 205 130 -1
207 206 152 11
208 3 23 -1
209 208 41 -1
210 209 66 -1
211 210 117 -1
212 211 146 12
213 28 49 -1
214 213 64 -1
215 214 73 -1
216 215 90 -1
217 216 137 13
218 14 20 -1
219 218 30 -1
220 219 47 -1
221 220 59 -1
222 221 62 -1
223 222 70 -1
224 223 104 14
225 116 130 -1
226 225 139 15
227 16 61 -1
228 227 102 -1
229 228 125 16
230 83 95 -1
231 230 104 -1
232 231 152 17
233 8 13 -1
234 233 58 -1
235 234 108 -1
236 235 146 18
237 33 79 -1
238 237 97 -1
239 238 112 19
240 69 106 -1
241 240 111 -1
242 241 151 20
243 25 29 -1
244 243 66 -1
245 244 122 -1
246 245 138 21
247 21 42 -1
248 247 51 -1
249 248 63 -1
250 249 103 -1
251 250 109 22
252 2 36 -1
253 252 61 -1
254 253 64 -1
255 254 149 23
256 51 52 -1
257 256 67 -1
258 257 99 -1
259 258 127 24
260 16 38 -1
261 260 79 -1
262 261 141 -1
263 262 144 25
264 7 19 -1
265 264 33 -1
266 265 83 -1
267 266 85 -1
268 267 145 26
269 47 87 -1
270 269 134 -1
271 270 135 27
272 18 26 -1
273 272 39 -1
274 273 71 -1
275 274 81 -1
276 275 103 28
277 61 84 -1
278 277 113 -1
279 278 132 29
280 1 36 -1
281 280 59 -1
282 281 77 -1
283 282 129 -1
284 283 134 30
285 25 28 -1
286 285 65 -1
287 286 74 -1
288 287 88 -1
289 288 91 31
290 42 54 -1
291 290 101 -1
292 291 110 -1
293 292 115 32
294 5 11 -1
295 294 19 -1
296 295 48 -1
297 296 140 -1
298 297 141 -1
299 298 153 33
300 35 43 -1
301 300 55 -1
302 301 107 -1
303 302 148 34
304 76 97 -1
305 304 111 -1
306 305 149 35
307 2 12 -1
308 307 56 -1
309 308 81 -1
310 309 93 -1
311 310 95 36
312 6 10 -1
313 312 18 -1
314 313 20 -1
315 314 50 -1
316 315 122 -1
317 316 135 37
318 0 73 -1
319 318 79 -1
320 319 113 -1
321 320 133 38
322 12 16 -1
323 322 77 -1
324 323 94 -1
325 324 98 39
326 25 42 -1
327 326 76 -1
328 327 93 -1
329 328 137 40
330 4 22 -1
331 330 54 -1
332 331 92 -1
333 332 96 -1
334 333 105 41
335 30 46 -1
336 335 52 -1
337 336 100 -1
338 337 108 -1
339 338 136 42
340 16 21 -1
341 340 44 -1
342 341 48 -1
343 342 56 -1
344 343 64 -1
345 344 126 43
346 23 80 -1
347 346 88 -1
348 347 96 -1
349 348 112 44
350 7 15 -1
351 350 62 -1
352 351 72 -1
353 352 89 -1
354 353 114 45
355 13 32 -1
356 355 88 -1
357 356 125 -1
358 357 151 46
359 15 90 -1
360 359 96 -1
361 360 99 -1
362 361 150 47
363 38 45 -1
364 363 104 -1
365 364 120 -1
366 365 133 48
367 1 24 -1
368 367 31 -1
369 368 60 -1
370 369 79 -1
371 370 126 49
372 5 29 -1
373 372 35 -1
374 373 49 -1
375 374 56 -1
376 375 58 -1
377 376 67 -1
378 377 76 50
379 32 49 -1
380 379 65 -1
381 380 94 -1
382 381 118 51
383 7 24 -1
384 383 38 -1
385 384 84 -1
386 385 86 -1
387 386 99 52
388 19 31 -1
389 388 63 -1
390 389 75 -1
391 390 121 53
392 33 132 -1
393 392 138 -1
394 393 139 54
395 87 116 -1
396 395 124 -1
397 396 150 55
398 9 18 -1
399 398 33 -1
400 399 37 -1
401 400 42 -1
402 401 142 -1
403 402 153 56
404 44 68 -1
405 404 70 -1
406 405 84 -1
407 406 101 57
408 24 37 -1
409 408 62 -1
410 409 74 -1
411 410 148 58
412 114 115 -1
413 412 120 -1
414 413 129 59
