62 371
62 8 14 -1
63 47 56 -1
64 0 43 -1
65 9 18 -1
66 27 28 -1
67 11 29 -1
68 41 42 -1
69 25 33 -1
70 3 40 -1
71 52 54 -1
72 11 15 -1
73 6 58 -1
74 48 56 -1
75 26 30 -1
76 37 53 -1
77 20 65 -1
78 5 23 -1
79 28 50 -1
80 25 45 -1
81 52 61 -1
82 27 44 -1
83 36 46 -1
84 26 67 -1
85 7 50 -1
86 9 71 -1
87 17 36 -1
88 30 31 -1
89 1 70 -1
90 19 46 -1
91 22 53 -1
92 38 39 -1
93 13 20 -1
94 9 50 -1
95 32 72 -1
96 25 63 -1
97 28 47 -1
98 45 68 -1
99 23 49 -1
100 29 62 -1
101 44 60 -1
102 1 23 -1
103 34 43 -1
104 11 61 -1
105 4 8 -1
106 7 53 -1
107 1 12 -1
108 33 75 -1
109 2 61 -1
110 37 55 -1
111 55 64 -1
112 13 32 -1
113 16 51 -1
114 69 88 -1
115 2 28 -1
116 57 63 -1
117 107 49 -1
118 24 25 -1
119 16 21 -1
120 54 62 -1
121 6 74 -1
122 22 32 -1
123 33 67 -1
124 59 64 -1
125 0 57 -1
126 20 101 -1
127 13 21 -1
128 41 64 -1
129 4 100 -1
130 18 58 -1
131 5 35 -1
132 3 34 -1
133 17 21 -1
134 10 83 -1
135 52 89 -1
136 42 61 -1
137 26 96 -1
138 38 60 -1
139 110 40 -1
140 14 16 -1
141 1 48 -1
142 39 78 -1
143 0 27 -1
144 24 97 -1
145 26 59 -1
146 12 85 -1
147 34 82 -1
148 2 94 -1
149 115 43 -1
150 13 73 -1
151 9 35 -1
152 66 99 -1
153 42 93 -1
154 73 90 -1
155 7 43 -1
156 9 49 -1
157 51 56 -1
158 117 53 -1
159 2 12 -1
160 39 51 -1
161 66 105 -1
162 125 7 -1
163 47 92 -1
164 4 17 -1
165 164 22 -1
166 165 24 -1
167 166 33 -1
168 167 41 -1
169 168 99 -1
170 169 121 0
171 23 76 -1
172 171 79 -1
173 172 81 -1
174 173 154 1
175 6 12 -1
176 175 55 -1
177 176 65 -1
178 177 66 -1
179 178 71 -1
180 179 133 2
181 5 33 -1
182 181 34 -1
183 182 66 -1
184 183 98 -1
185 184 120 3
186 29 37 -1
187 186 77 -1
188 187 135 -1
189 188 159 4
190 21 27 -1
191 190 89 -1
192 191 94 -1
193 192 137 5
194 18 21 -1
195 194 81 -1
196 195 124 -1
197 196 161 6
198 86 90 -1
199 198 126 -1
200 199 162 7
201 19 44 -1
202 201 67 -1
203 202 77 -1
204 203 87 -1
205 204 102 8
206 32 33 -1
207 206 42 -1
208 207 56 -1
209 208 138 -1
210 209 139 -1
211 210 143 9
212 40 44 -1
213 212 80 -1
214 213 106 -1
215 214 134 -1
216 215 151 10
217 30 42 -1
218 217 43 -1
219 218 101 -1
220 219 121 -1
221 220 146 11
222 11 40 -1
223 222 57 -1
224 223 77 -1
225 224 119 -1
226 225 147 12
227 8 15 -1
228 227 50 -1
229 228 74 -1
230 229 136 -1
231 230 154 13
232 3 6 -1
233 232 46 -1
234 233 57 -1
235 234 80 -1
236 235 97 -1
237 236 153 14
238 37 96 -1
239 238 126 -1
240 239 136 15
241 27 29 -1
242 241 30 -1
243 242 57 -1
244 243 85 -1
245 244 111 16
246 7 17 -1
247 246 77 -1
248 247 112 -1
249 248 157 17
250 20 50 -1
251 250 54 -1
252 251 68 -1
253 252 76 -1
254 253 140 18
255 5 16 -1
256 255 93 -1
257 256 138 -1
258 257 149 19
259 16 41 -1
260 259 81 -1
261 260 84 -1
262 261 122 20
263 18 61 -1
264 263 113 -1
265 264 116 -1
266 265 145 21
267 8 29 -1
268 267 69 -1
269 268 112 -1
270 269 128 22
271 62 87 -1
272 271 130 -1
273 272 146 23
274 2 10 -1
275 274 31 -1
276 275 80 -1
277 276 152 24
278 11 32 -1
279 278 58 -1
280 279 106 -1
281 280 161 25
282 10 12 -1
283 282 28 -1
284 283 34 -1
285 284 39 -1
286 285 129 26
287 15 25 -1
288 287 60 -1
289 288 75 -1
290 289 158 27
291 132 150 -1
292 291 156 -1
293 292 157 28
294 6 98 -1
295 294 103 -1
296 295 148 29
297 16 35 -1
298 297 59 -1
299 298 86 -1
300 299 103 -1
301 300 118 30
302 3 39 -1
303 302 109 -1
304 303 137 -1
305 304 141 31
306 33 79 -1
307 306 84 -1
308 307 103 -1
309 308 160 32
310 54 70 -1
311 310 122 -1
312 311 130 -1
313 312 142 33
314 43 72 -1
315 314 82 -1
316 315 91 -1
317 316 163 34
318 0 8 -1
319 318 24 -1
320 319 48 -1
321 320 80 -1
322 321 81 -1
323 322 83 35
324 18 44 -1
325 324 46 -1
326 325 55 -1
327 326 131 -1
328 327 159 -1
329 328 160 36
330 28 76 -1
331 330 88 -1
332 331 116 -1
333 332 131 37
334 36 86 -1
335 334 100 -1
336 335 163 38
337 1 38 -1
338 337 95 -1
339 338 119 -1
340 339 134 39
341 60 68 -1
342 341 69 -1
343 342 127 -1
344 343 142 40
345 14 92 -1
346 345 106 -1
347 346 145 -1
348 347 153 41
349 5 24 -1
350 349 104 -1
351 350 114 -1
352 351 156 42
353 91 98 -1
354 353 104 -1
355 354 111 43
356 32 48 -1
357 356 50 -1
358 357 108 -1
359 358 129 44
360 13 14 -1
361 360 22 -1
362 361 95 -1
363 362 118 -1
364 363 143 45
365 4 18 -1
366 365 63 -1
367 366 114 -1
368 367 132 46
369 40 42 -1
370 369 52 -1
371 370 69 -1
372 371 78 -1
373 372 162 47
374 6 37 -1
375 374 41 -1
376 375 113 -1
377 376 120 -1
378 377 151 48
379 14 36 -1
380 379 74 -1
381 380 152 -1
382 381 155 49
383 4 59 -1
384 383 78 -1
385 384 84 -1
386 385 149 50
387 4 31 -1
388 387 49 -1
389 388 68 -1
390 389 95 -1
391 390 109 51
392 26 41 -1
393 392 65 -1
394 393 79 -1
395 394 158 52
396 15 45 -1
397 396 55 -1
398 397 135 -1
399 398 144 53
400 13 59 -1
401 400 70 -1
402 401 123 -1
403 402 148 54
404 5 19 -1
405 404 76 -1
406 405 82 -1
407 406 105 -1
408 407 133 55
409 71 79 -1
410 409 83 -1
411 410 102 -1
412 411 127 56
413 19 61 -1
414 413 123 -1
415 414 144 -1
416 415 155 57
417 43 46 -1
418 417 139 -1
419 418 141 -1
420 419 150 58
421 56 87 -1
422 421 91 -1
423 422 108 -1
424 423 140 59
425 5 22 -1
426 425 75 -1
427 426 124 -1
428 427 147 60
429 34 62 -1
430 429 102 -1
431 430 104 -1
432 431 128 61
