64 387
64 21 40 -1
65 8 43 -1
66 24 46 -1
67 3 7 -1
68 41 49 -1
69 33 50 -1
70 0 23 -1
71 35 37 -1
72 49 58 -1
73 22 48 -1
74 1 27 -1
75 47 56 -1
76 18 62 -1
77 59 61 -1
78 16 60 -1
79 13 44 -1
80 8 54 -1
81 9 17 -1
82 20 42 -1
83 12 39 -1
84 2 44 -1
85 25 38 -1
86 10 32 -1
87 19 55 -1
88 35 65 -1
89 47 74 -1
90 29 46 -1
91 27 45 -1
92 21 53 -1
93 9 63 -1
94 34 60 -1
95 30 45 -1
96 2 24 -1
97 0 64 -1
98 26 50 -1
99 26 33 -1
100 4 17 -1
101 22 51 -1
102 51 63 -1
103 31 36 -1
104 17 58 -1
105 14 36 -1
106 28 34 -1
107 41 42 -1
108 5 47 -1
109 6 47 -1
110 31 58 -1
111 36 83 -1
112 18 40 -1
113 10 40 -1
114 72 73 -1
115 29 78 -1
116 8 24 -1
117 25 28 -1
118 6 31 -1
119 50 66 -1
120 8 9 -1
121 13 88 -1
122 15 75 -1
123 11 90 -1
124 7 50 -1
125 10 23 -1
126 1 102 -1
127 14 43 -1
128 10 15 -1
129 13 40 -1
130 19 29 -1
131 41 104 -1
132 5 51 -1
133 4 87 -1
134 11 39 -1
135 51 97 -1
136 35 70 -1
137 5 72 -1
138 3 69 -1
139 10 17 -1
140 31 62 -1
141 30 80 -1
142 43 59 -1
143 3 98 -1
144 27 77 -1
145 56 68 -1
146 52 63 -1
147 28 67 -1
148 12 85 -1
149 115 37 -1
150 7 62 -1
151 45 59 -1
152 46 107 -1
153 34 65 -1
154 0 71 -1
155 11 55 -1
156 36 57 -1
157 64 68 -1
158 30 81 -1
159 20 62 -1
160 66 100 -1
161 44 52 -1
162 35 106 -1
163 4 58 -1
164 40 41 -1
165 18 38 -1
166 117 2 -1
167 83 108 -1
168 6 23 -1
169 168 24 -1
170 169 33 -1
171 170 73 -1
172 171 100 -1
173 172 145 0
174 15 31 -1
175 174 35 -1
176 175 48 -1
177 176 56 -1
178 177 96 -1
179 178 124 -1
180 179 132 1
181 22 46 -1
182 181 98 -1
183 182 121 -1
184 183 137 2
185 12 68 -1
186 185 126 -1
187 186 142 -1
188 187 166 3
189 17 32 -1
190 189 76 -1
191 190 121 -1
192 191 147 4
193 3 49 -1
194 193 66 -1
195 194 70 -1
196 195 109 -1
197 196 126 5
198 54 75 -1
199 198 135 -1
200 199 149 6
201 46 103 -1
202 201 128 -1
203 202 151 -1
204 203 157 7
205 21 60 -1
206 205 63 -1
207 206 122 -1
208 207 163 -1
209 208 166 8
210 1 19 -1
211 210 48 -1
212 211 82 -1
213 212 90 -1
214 213 110 -1
215 214 129 9
216 13 37 -1
217 216 41 -1
218 217 89 -1
219 218 92 -1
220 219 123 10
221 22 38 -1
222 221 57 -1
223 222 94 -1
224 223 97 -1
225 224 144 11
226 54 82 -1
227 226 133 -1
228 227 137 -1
229 228 165 12
230 18 71 -1
231 230 73 -1
232 231 75 -1
233 232 84 -1
234 233 124 13
235 41 81 -1
236 235 105 -1
237 236 133 -1
238 237 136 14
239 23 67 -1
240 239 130 -1
241 240 131 -1
242 241 141 15
243 1 29 -1
244 243 34 -1
245 244 54 -1
246 245 88 -1
247 246 150 16
248 29 45 -1
249 248 57 -1
250 249 99 -1
251 250 160 17
252 44 54 -1
253 252 55 -1
254 253 91 -1
255 254 105 -1
256 255 132 18
257 12 50 -1
258 257 53 -1
259 258 86 -1
260 259 156 -1
261 260 159 19
262 119 129 -1
263 262 149 20
264 0 8 -1
265 264 15 -1
266 265 37 -1
267 266 52 -1
268 267 167 21
269 21 26 -1
270 269 74 -1
271 270 111 -1
272 271 125 22
273 67 79 -1
274 273 116 -1
275 274 136 23
276 3 42 -1
277 276 116 -1
278 277 154 -1
279 278 156 24
280 22 65 -1
281 280 66 -1
282 281 108 -1
283 282 113 25
284 71 96 -1
285 284 111 -1
286 285 164 26
287 26 84 -1
288 287 93 -1
289 288 107 -1
290 289 151 27
291 53 75 -1
292 291 77 -1
293 292 118 -1
294 293 155 28
295 0 1 -1
296 295 2 -1
297 296 26 -1
298 297 56 -1
299 298 67 -1
300 299 72 29
301 58 92 -1
302 301 138 -1
303 302 162 30
304 26 29 -1
305 304 43 -1
306 305 69 -1
307 306 106 -1
308 307 134 31
309 52 78 -1
310 309 87 -1
311 310 145 -1
312 311 150 32
313 2 17 -1
314 313 49 -1
315 314 99 -1
316 315 112 -1
317 316 153 33
318 51 94 -1
319 318 95 -1
320 319 112 -1
321 320 152 34
322 13 33 -1
323 322 39 -1
324 323 85 -1
325 324 103 -1
326 325 154 35
327 41 76 -1
328 327 101 -1
329 328 118 -1
330 329 162 36
331 16 24 -1
332 331 29 -1
333 332 42 -1
334 333 49 -1
335 334 55 -1
336 335 76 -1
337 336 113 37
338 21 24 -1
339 338 86 -1
340 339 91 -1
341 340 114 38
342 24 44 -1
343 342 99 -1
344 343 110 -1
345 344 167 39
346 55 81 -1
347 346 103 -1
348 347 147 -1
349 348 161 40
350 10 43 -1
351 350 57 -1
352 351 61 -1
353 352 79 -1
354 353 101 -1
355 354 155 41
356 71 80 -1
357 356 82 -1
358 357 95 -1
359 358 125 42
360 25 82 -1
361 360 119 -1
362 361 139 -1
363 362 140 43
364 9 45 -1
365 364 54 -1
366 365 60 -1
367 366 70 -1
368 367 77 -1
369 368 140 44
370 84 89 -1
371 370 120 -1
372 371 152 45
373 2 3 -1
374 373 14 -1
375 374 15 -1
376 375 85 -1
377 376 94 -1
378 377 120 46
379 59 62 -1
380 379 69 -1
381 380 84 -1
382 381 114 47
383 22 93 -1
384 383 105 -1
385 384 141 -1
386 385 163 48
387 12 14 -1
388 387 131 -1
389 388 153 -1
390 389 165 49
391 24 38 -1
392 391 74 -1
393 392 92 -1
394 393 102 -1
395 394 128 50
396 31 69 -1
397 396 79 -1
398 397 109 -1
399 398 148 51
400 26 35 -1
401 400 78 -1
402 401 86 -1
403 402 104 -1
404 403 109 52
405 15 27 -1
406 405 93 -1
407 406 134 -1
408 407 159 -1
409 408 164 53
410 76 79 -1
411 410 91 -1
412 411 127 -1
413 412 146 54
414 11 42 -1
415 414 64 -1
416 415 138 -1
417 416 148 55
418 16 19 -1
419 418 35 -1
420 419 139 -1
421 420 144 -1
422 421 161 56
423 123 135 -1
424 423 158 57
425 20 38 -1
426 425 47 -1
427 426 49 -1
428 427 73 -1
429 428 86 -1
430 429 146 58
431 22 61 -1
432 431 64 -1
433 432 70 -1
434 433 95 -1
435 434 130 59
436 16 20 -1
437 436 80 -1
438 437 89 -1
439 438 143 60
440 5 38 -1
441 440 101 -1
442 441 143 -1
443 442 158 61
444 53 122 -1
445 444 142 -1
446 445 160 62
447 30 54 -1
448 447 96 -1
449 448 127 -1
450 449 157 63
