32 184
32 1 3 -1
33 9 17 -1
34 8 10 -1
35 0 29 -1
36 16 18 -1
37 2 31 -1
38 24 25 -1
39 4 27 -1
40 7 30 -1
41 23 28 -1
42 19 21 -1
43 6 37 -1
44 11 15 -1
45 12 32 -1
46 14 25 -1
47 13 35 -1
48 33 34 -1
49 22 28 -1
50 23 30 -1
51 4 36 -1
52 1 29 -1
53 10 31 -1
54 5 18 -1
55 24 47 -1
56 8 39 -1
57 9 44 -1
58 49 52 -1
59 11 20 -1
60 5 40 -1
61 2 5 -1
62 9 32 -1
63 15 33 -1
64 35 43 -1
65 17 38 -1
66 3 6 -1
67 7 54 -1
68 39 42 -1
69 34 38 -1
70 16 41 -1
71 25 50 -1
72 12 19 -1
73 32 63 -1
74 26 46 -1
75 7 15 -1
76 19 27 -1
77 18 38 -1
78 51 62 -1
79 10 14 -1
80 36 42 -1
81 6 45 -1
82 12 13 -1
83 22 48 -1
84 14 48 -1
85 16 20 -1
86 33 56 -1
87 30 57 -1
88 84 31 -1
89 26 45 -1
90 44 60 -1
91 13 43 -1
92 20 65 -1
93 16 22 -1
94 29 41 -1
95 94 61 -1
96 95 80 -1
97 96 89 0
98 12 36 -1
99 98 52 -1
100 99 74 -1
101 100 83 1
102 48 71 -1
103 102 85 -1
104 103 89 2
105 53 59 -1
106 105 74 -1
107 106 78 3
108 50 68 -1
109 108 73 -1
110 109 93 4
111 4 8 -1
112 111 41 -1
113 112 66 -1
114 113 67 -1
115 114 92 5
116 0 61 -1
117 116 71 -1
118 117 76 -1
119 118 83 6
120 46 59 -1
121 120 64 -1
122 121 68 7
123 51 69 -1
124 123 81 8
125 9 39 -1
126 125 46 -1
127 126 58 -1
128 127 85 9
129 1 11 -1
130 129 21 -1
131 130 54 -1
132 131 88 10
133 13 25 -1
134 133 40 -1
135 134 41 -1
136 135 73 11
137 23 26 -1
138 137 37 -1
139 138 40 -1
140 139 51 -1
141 140 72 12
142 23 32 -1
143 142 47 -1
144 143 65 -1
145 144 75 13
146 11 28 -1
147 146 66 -1
148 147 82 -1
149 148 86 14
150 72 77 -1
151 150 88 15
152 2 19 -1
153 152 29 -1
154 153 56 -1
155 154 57 -1
156 155 77 16
157 60 64 -1
158 157 79 -1
159 158 93 17
160 4 58 -1
161 160 61 -1
162 161 63 -1
163 162 79 18
164 40 55 -1
165 164 78 19
166 10 19 -1
167 166 62 -1
168 167 67 -1
169 168 91 20
170 29 43 -1
171 170 70 -1
172 171 86 21
173 17 36 -1
174 173 41 -1
175 174 76 -1
176 175 90 22
177 2 6 -1
178 177 8 -1
179 178 9 -1
180 179 42 -1
181 180 47 -1
182 181 70 23
183 21 27 -1
184 183 28 -1
185 184 34 -1
186 185 64 -1
187 186 75 24
188 1 34 -1
189 188 46 -1
190 189 82 -1
191 190 90 25
192 0 5 -1
193 192 16 -1
194 193 21 -1
195 194 69 -1
196 195 87 26
197 40 53 -1
198 197 58 -1
199 198 92 27
200 49 55 -1
201 200 59 -1
202 201 80 28
203 14 20 -1
204 203 42 -1
205 204 87 -1
206 205 91 29
207 22 37 -1
208 207 39 -1
209 208 45 -1
210 209 55 30
211 4 21 -1
212 211 35 -1
213 212 50 -1
214 213 53 -1
215 214 81 31
