34 198
34 10 15 -1
35 6 33 -1
36 11 13 -1
37 17 25 -1
38 19 31 -1
39 0 8 -1
40 5 32 -1
41 2 29 -1
42 3 16 -1
43 12 21 -1
44 24 27 -1
45 7 18 -1
46 26 34 -1
47 7 41 -1
48 20 36 -1
49 1 23 -1
50 9 12 -1
51 4 32 -1
52 21 45 -1
53 19 35 -1
54 22 39 -1
55 29 30 -1
56 14 15 -1
57 1 26 -1
58 10 33 -1
59 58 40 -1
60 38 51 -1
61 20 23 -1
62 4 17 -1
63 30 47 -1
64 28 43 -1
65 18 30 -1
66 27 42 -1
67 0 34 -1
68 8 13 -1
69 3 22 -1
70 11 32 -1
71 2 25 -1
72 15 50 -1
73 1 46 -1
74 38 65 -1
75 31 62 -1
76 35 38 -1
77 6 21 -1
78 6 70 -1
79 28 49 -1
80 5 25 -1
81 44 54 -1
82 24 37 -1
83 4 9 -1
84 27 52 -1
85 24 55 -1
86 82 4 -1
87 31 35 -1
88 37 67 -1
89 20 34 -1
90 1 6 -1
91 28 47 -1
92 40 53 -1
93 41 57 -1
94 7 49 -1
95 71 36 -1
96 16 64 -1
97 8 48 -1
98 37 56 -1
99 72 19 -1
100 39 42 -1
101 9 44 -1
102 29 39 -1
103 31 46 -1
104 103 61 -1
105 104 84 -1
106 105 102 0
107 28 63 -1
108 107 86 -1
109 108 97 1
110 23 34 -1
111 110 55 -1
112 111 60 -1
113 112 96 2
114 12 13 -1
115 114 14 -1
116 115 18 -1
117 116 24 -1
118 117 42 -1
119 118 59 -1
120 119 61 3
121 15 52 -1
122 121 66 -1
123 122 78 -1
124 123 79 4
125 25 67 -1
126 125 84 -1
127 126 92 5
128 32 44 -1
129 128 50 -1
130 129 87 -1
131 130 88 6
132 2 74 -1
133 132 78 -1
134 133 81 7
135 8 66 -1
136 135 75 -1
137 136 91 8
138 10 42 -1
139 138 49 -1
140 139 63 -1
141 140 70 9
142 2 16 -1
143 142 43 -1
144 143 65 -1
145 144 68 -1
146 145 101 10
147 19 48 -1
148 147 51 -1
149 148 81 11
150 13 17 -1
151 150 22 -1
152 151 43 -1
153 152 53 -1
154 153 94 12
155 9 11 -1
156 155 33 -1
157 156 45 -1
158 157 46 -1
159 158 85 13
160 93 100 -1
161 160 101 14
162 53 73 -1
163 162 97 15
164 54 57 -1
165 164 85 -1
166 165 99 16
167 60 88 -1
168 167 94 17
169 3 9 -1
170 169 36 -1
171 170 55 -1
172 171 59 -1
173 172 62 18
174 3 37 -1
175 174 43 -1
176 175 44 -1
177 176 48 -1
178 177 90 19
179 38 50 -1
180 179 68 -1
181 180 73 -1
182 181 80 20
183 40 69 -1
184 183 86 -1
185 184 93 21
186 74 98 -1
187 186 100 22
188 26 40 -1
189 188 68 -1
190 189 87 -1
191 190 98 23
192 3 24 -1
193 192 35 -1
194 193 46 -1
195 194 52 -1
196 195 80 24
197 15 22 -1
198 197 60 -1
199 198 77 -1
200 199 95 25
201 20 33 -1
202 201 37 -1
203 202 91 -1
204 203 99 26
205 8 63 -1
206 205 69 -1
207 206 77 -1
208 207 89 27
209 76 95 -1
210 209 96 28
211 2 13 -1
212 211 21 -1
213 212 30 -1
214 213 56 -1
215 214 75 -1
216 215 79 29
217 48 59 -1
218 217 64 -1
219 218 69 30
220 45 54 -1
221 220 61 -1
222 221 92 31
223 13 40 -1
224 223 66 -1
225 224 76 -1
226 225 83 32
227 5 18 -1
228 227 83 -1
229 228 89 -1
230 229 90 -1
231 230 102 33
