36 217
36 3 22 -1
37 12 23 -1
38 6 7 -1
39 11 33 -1
40 8 28 -1
41 27 31 -1
42 2 17 -1
43 18 34 -1
44 2 10 -1
45 29 36 -1
46 16 32 -1
47 0 19 -1
48 31 37 -1
49 9 26 -1
50 8 42 -1
51 1 38 -1
52 20 40 -1
53 13 21 -1
54 5 35 -1
55 24 30 -1
56 15 25 -1
57 9 17 -1
58 14 43 -1
59 4 12 -1
60 39 53 -1
61 41 56 -1
62 27 28 -1
63 19 37 -1
64 29 32 -1
65 4 15 -1
66 0 55 -1
67 34 48 -1
68 16 20 -1
69 3 21 -1
70 10 30 -1
71 7 35 -1
72 14 36 -1
73 44 54 -1
74 29 44 -1
75 41 57 -1
76 23 33 -1
77 38 65 -1
78 7 36 -1
79 16 70 -1
80 11 43 -1
81 13 45 -1
82 24 63 -1
83 6 58 -1
84 5 22 -1
85 11 50 -1
86 18 52 -1
87 5 21 -1
88 26 61 -1
89 40 64 -1
90 8 49 -1
91 1 5 -1
92 12 41 -1
93 6 62 -1
94 88 3 -1
95 46 69 -1
96 10 23 -1
97 33 59 -1
98 32 39 -1
99 96 60 -1
100 1 35 -1
101 99 34 -1
102 2 14 -1
103 25 28 -1
104 91 66 -1
105 75 68 -1
106 80 15 -1
107 89 47 -1
108 29 51 -1
109 3 46 -1
110 109 66 -1
111 110 83 -1
112 111 97 0
113 39 45 -1
114 113 54 -1
115 114 58 -1
116 115 63 1
117 23 28 -1
118 117 31 -1
119 118 38 -1
120 119 68 -1
121 120 81 -1
122 121 102 2
123 3 6 -1
124 123 12 -1
125 124 14 -1
126 125 16 -1
127 126 25 -1
128 127 44 -1
129 128 104 3
130 15 17 -1
131 130 47 -1
132 131 60 -1
133 132 72 -1
134 133 100 4
135 6 42 -1
136 135 56 -1
137 136 81 -1
138 137 82 5
139 7 54 -1
140 139 86 -1
141 140 94 6
142 34 45 -1
143 142 85 -1
144 143 104 7
145 0 30 -1
146 145 33 -1
147 146 73 -1
148 147 78 -1
149 148 92 8
150 35 105 -1
151 150 108 9
152 24 37 -1
153 152 65 -1
154 153 107 10
155 8 45 -1
156 155 51 -1
157 156 53 -1
158 157 59 11
159 49 71 -1
160 159 85 -1
161 160 92 12
162 15 57 -1
163 162 70 -1
164 163 93 -1
165 164 98 13
166 42 47 -1
167 166 51 -1
168 167 76 -1
169 168 84 14
170 32 44 -1
171 170 47 -1
172 171 49 -1
173 172 59 -1
174 173 87 15
175 37 52 -1
176 175 78 -1
177 176 79 16
178 0 94 -1
179 178 108 17
180 49 74 -1
181 180 76 -1
182 181 93 -1
183 182 100 18
184 5 30 -1
185 184 37 -1
186 185 38 -1
187 186 64 -1
188 187 86 19
189 67 102 -1
190 189 107 20
191 20 67 -1
192 191 77 -1
193 192 90 21
194 18 21 -1
195 194 22 -1
196 195 55 -1
197 196 71 -1
198 197 97 -1
199 198 103 22
200 4 23 -1
201 200 46 -1
202 201 54 -1
203 202 72 -1
204 203 90 23
205 19 22 -1
206 205 52 -1
207 206 74 -1
208 207 106 24
209 4 13 -1
210 209 20 -1
211 210 26 -1
212 211 39 -1
213 212 82 -1
214 213 84 25
215 9 18 -1
216 215 20 -1
217 216 48 -1
218 217 69 -1
219 218 73 26
220 0 61 -1
221 220 101 27
222 31 35 -1
223 222 45 -1
224 223 52 -1
225 224 83 28
226 25 30 -1
227 226 50 -1
228 227 67 -1
229 228 98 29
230 19 23 -1
231 230 50 -1
232 231 58 -1
233 232 95 30
234 36 43 -1
235 234 87 -1
236 235 105 31
237 27 51 -1
238 237 95 -1
239 238 106 32
240 9 13 -1
241 240 50 -1
242 241 77 -1
243 242 79 33
244 3 4 -1
245 244 19 -1
246 245 62 -1
247 246 101 34
248 24 46 -1
249 248 48 -1
250 249 53 -1
251 250 57 -1
252 251 103 35
