38 233
38 26 36 -1
39 30 31 -1
40 0 6 -1
41 12 32 -1
42 10 22 -1
43 24 28 -1
44 15 29 -1
45 19 21 -1
46 0 11 -1
47 17 25 -1
48 23 37 -1
49 5 33 -1
50 16 18 -1
51 8 20 -1
52 34 35 -1
53 7 39 -1
54 19 43 -1
55 3 21 -1
56 12 27 -1
57 17 29 -1
58 33 40 -1
59 14 31 -1
60 38 45 -1
61 10 23 -1
62 1 41 -1
63 19 37 -1
64 13 46 -1
65 16 24 -1
66 28 32 -1
67 35 50 -1
68 40 44 -1
69 13 47 -1
70 3 34 -1
71 15 48 -1
72 4 5 -1
73 8 9 -1
74 30 42 -1
75 1 14 -1
76 4 22 -1
77 29 38 -1
78 10 25 -1
79 26 43 -1
80 18 42 -1
81 3 28 -1
82 11 52 -1
83 67 76 -1
84 5 14 -1
85 44 49 -1
86 0 53 -1
87 20 64 -1
88 50 58 -1
89 38 65 -1
90 6 53 -1
91 2 71 -1
92 26 34 -1
93 17 41 -1
94 9 21 -1
95 54 77 -1
96 7 51 -1
97 57 61 -1
98 15 19 -1
99 8 42 -1
100 32 36 -1
101 2 74 -1
102 16 59 -1
103 1 61 -1
104 20 55 -1
105 24 30 -1
106 13 49 -1
107 48 52 -1
108 22 73 -1
109 2 66 -1
110 51 68 -1
111 110 69 -1
112 111 107 0
113 8 72 -1
114 113 81 -1
115 114 86 -1
116 115 97 1
117 11 21 -1
118 117 43 -1
119 118 68 -1
120 119 84 -1
121 120 108 2
122 6 69 -1
123 122 102 -1
124 123 108 -1
125 124 109 3
126 4 31 -1
127 126 45 -1
128 127 56 -1
129 128 57 -1
130 129 58 -1
131 130 92 4
132 26 39 -1
133 132 44 -1
134 133 54 -1
135 134 83 5
136 38 46 -1
137 136 53 -1
138 137 84 -1
139 138 91 6
140 19 35 -1
141 140 62 -1
142 141 65 -1
143 142 78 -1
144 143 90 7
145 3 11 -1
146 145 24 -1
147 146 27 -1
148 147 62 -1
149 148 80 -1
150 149 106 8
151 44 55 -1
152 151 96 -1
153 152 101 9
154 7 8 -1
155 154 15 -1
156 155 37 -1
157 156 56 -1
158 157 88 10
159 0 16 -1
160 159 27 -1
161 160 45 -1
162 161 93 -1
163 162 99 11
164 46 102 -1
165 164 103 -1
166 165 104 12
167 27 30 -1
168 167 47 -1
169 168 98 -1
170 169 100 -1
171 170 103 13
172 3 18 -1
173 172 59 -1
174 173 72 -1
175 174 82 -1
176 175 98 14
177 22 56 -1
178 177 75 -1
179 178 89 -1
180 179 94 15
181 1 79 -1
182 181 80 -1
183 182 90 16
184 7 11 -1
185 184 58 -1
186 185 95 17
187 2 56 -1
188 187 95 -1
189 188 106 18
190 40 49 -1
191 190 52 -1
192 191 78 -1
193 192 94 -1
194 193 100 19
195 30 46 -1
196 195 55 -1
197 196 57 -1
198 197 62 -1
199 198 73 20
200 27 39 -1
201 200 92 -1
202 201 97 -1
203 202 109 21
204 1 60 -1
205 204 71 -1
206 205 86 22
207 4 51 -1
208 207 60 -1
209 208 74 -1
210 209 75 23
211 47 66 -1
212 211 83 -1
213 212 104 24
214 17 81 -1
215 214 88 -1
216 215 101 25
217 6 33 -1
218 217 43 -1
219 218 60 -1
220 219 107 26
221 7 16 -1
222 221 31 -1
223 222 54 -1
224 223 68 -1
225 224 70 27
226 7 23 -1
227 226 26 -1
228 227 45 -1
229 228 62 -1
230 229 85 28
231 9 46 -1
232 231 63 -1
233 232 70 -1
234 233 96 -1
235 234 105 29
236 25 37 -1
237 236 41 -1
238 237 60 -1
239 238 70 -1
240 239 76 30
241 12 34 -1
242 241 42 -1
243 242 47 -1
244 243 59 -1
245 244 85 31
246 13 63 -1
247 246 77 -1
248 247 82 -1
249 248 99 32
250 51 67 -1
251 250 79 -1
252 251 91 33
253 39 48 -1
254 253 49 -1
255 254 64 -1
256 255 93 34
257 20 39 -1
258 257 40 -1
259 258 63 -1
260 259 69 -1
261 260 75 35
262 18 34 -1
263 262 41 -1
264 263 44 -1
265 264 87 -1
266 265 105 36
267 7 12 -1
268 267 72 -1
269 268 87 -1
270 269 89 37
