40 250
40 16 38 -1
41 29 30 -1
42 1 18 -1
43 3 22 -1
44 5 19 -1
45 14 35 -1
46 7 20 -1
47 13 17 -1
48 15 31 -1
49 0 18 -1
50 23 34 -1
51 24 37 -1
52 9 11 -1
53 22 32 -1
54 27 41 -1
55 8 19 -1
56 21 29 -1
57 10 42 -1
58 24 33 -1
59 4 16 -1
60 1 12 -1
61 5 39 -1
62 28 40 -1
63 36 44 -1
64 3 7 -1
65 11 12 -1
66 45 55 -1
67 38 50 -1
68 8 23 -1
69 17 43 -1
70 13 34 -1
71 6 48 -1
72 1 33 -1
73 4 25 -1
74 27 51 -1
75 26 53 -1
76 30 38 -1
77 0 21 -1
78 6 52 -1
79 12 36 -1
80 15 54 -1
81 23 26 -1
82 12 44 -1
83 32 33 -1
84 59 72 -1
85 31 46 -1
86 43 65 -1
87 11 75 -1
88 37 67 -1
89 6 23 -1
90 5 35 -1
91 2 3 -1
92 14 80 -1
93 14 57 -1
94 13 52 -1
95 40 56 -1
96 27 60 -1
97 0 76 -1
98 17 35 -1
99 34 58 -1
100 82 25 -1
101 62 68 -1
102 53 66 -1
103 11 36 -1
104 32 56 -1
105 2 41 -1
106 100 49 -1
107 8 20 -1
108 47 63 -1
109 24 38 -1
110 42 47 -1
111 28 45 -1
112 87 18 -1
113 61 69 -1
114 40 51 -1
115 4 79 -1
116 95 39 -1
117 31 64 -1
118 16 49 -1
119 65 74 -1
120 83 30 -1
121 30 50 -1
122 4 28 -1
123 122 46 -1
124 123 58 -1
125 124 89 -1
126 125 113 0
127 23 31 -1
128 127 74 -1
129 128 104 -1
130 129 108 1
131 7 13 -1
132 131 32 -1
133 132 39 -1
134 133 60 -1
135 134 80 -1
136 135 111 2
137 34 54 -1
138 137 102 -1
139 138 118 3
140 48 63 -1
141 140 111 -1
142 141 112 4
143 12 46 -1
144 143 57 -1
145 144 98 -1
146 145 116 5
147 3 20 -1
148 147 26 -1
149 148 52 -1
150 149 66 -1
151 150 84 6
152 26 29 -1
153 152 45 -1
154 153 46 -1
155 154 91 -1
156 155 101 7
157 0 57 -1
158 157 89 -1
159 158 114 -1
160 159 117 8
161 40 46 -1
162 161 48 -1
163 162 49 -1
164 163 90 -1
165 164 120 9
166 47 77 -1
167 166 90 -1
168 167 96 -1
169 168 109 10
170 9 35 -1
171 170 47 -1
172 171 55 -1
173 172 79 -1
174 173 97 11
175 13 36 -1
176 175 67 -1
177 176 102 12
178 71 91 -1
179 178 106 13
180 1 39 -1
181 180 63 -1
182 181 97 -1
183 182 117 14
184 4 27 -1
185 184 43 -1
186 185 99 -1
187 186 110 15
188 27 37 -1
189 188 48 -1
190 189 56 -1
191 190 72 -1
192 191 94 16
193 71 101 -1
194 193 120 17
195 15 33 -1
196 195 49 -1
197 196 68 -1
198 197 119 18
199 10 17 -1
200 199 28 -1
201 200 51 -1
202 201 106 19
203 18 19 -1
204 203 21 -1
205 204 25 -1
206 205 31 -1
207 206 35 -1
208 207 59 -1
209 208 86 20
210 14 50 -1
211 210 84 -1
212 211 108 21
213 4 7 -1
214 213 9 -1
215 214 10 -1
216 215 19 -1
217 216 22 -1
218 217 96 -1
219 218 121 22
220 6 44 -1
221 220 58 -1
222 221 86 -1
223 222 121 23
224 17 54 -1
225 224 55 -1
226 225 64 -1
227 226 73 -1
228 227 81 24
229 17 39 -1
230 229 42 -1
231 230 75 -1
232 231 92 25
233 31 43 -1
234 233 60 -1
235 234 88 -1
236 235 105 26
237 21 61 -1
238 237 76 -1
239 238 93 -1
240 239 99 27
241 78 88 -1
242 241 92 28
243 62 70 -1
244 243 73 -1
245 244 103 -1
246 245 105 29
247 62 78 -1
248 247 85 -1
249 248 115 30
250 73 112 -1
251 250 116 31
252 16 29 -1
253 252 70 -1
254 253 85 -1
255 254 119 32
256 35 41 -1
257 256 81 -1
258 257 109 -1
259 258 113 33
260 5 8 -1
261 260 37 -1
262 261 64 -1
263 262 93 -1
264 263 115 34
265 5 14 -1
266 265 20 -1
267 266 59 -1
268 267 70 -1
269 268 71 -1
270 269 77 35
271 15 19 -1
272 271 37 -1
273 272 45 -1
274 273 69 -1
275 274 77 -1
276 275 103 36
277 2 36 -1
278 277 78 -1
279 278 98 -1
280 279 107 -1
281 280 118 37
282 15 61 -1
283 282 104 -1
284 283 107 -1
285 284 110 38
286 8 42 -1
287 286 43 -1
288 287 94 -1
289 288 114 39
