42 260
42 39 41 -1
43 8 27 -1
44 6 18 -1
45 28 31 -1
46 11 21 -1
47 15 35 -1
48 1 34 -1
49 5 33 -1
50 13 17 -1
51 26 36 -1
52 7 23 -1
53 9 14 -1
54 12 22 -1
55 2 6 -1
56 24 30 -1
57 20 38 -1
58 19 37 -1
59 9 29 -1
60 14 16 -1
61 11 43 -1
62 5 25 -1
63 8 18 -1
64 42 46 -1
65 22 24 -1
66 10 32 -1
67 0 39 -1
68 20 44 -1
69 4 35 -1
70 28 47 -1
71 30 34 -1
72 12 16 -1
73 17 28 -1
74 7 58 -1
75 13 62 -1
76 25 55 -1
77 15 45 -1
78 1 3 -1
79 20 35 -1
80 37 44 -1
81 47 57 -1
82 0 66 -1
83 2 11 -1
84 50 60 -1
85 29 38 -1
86 6 49 -1
87 43 48 -1
88 36 40 -1
89 3 64 -1
90 46 69 -1
91 5 37 -1
92 3 77 -1
93 1 45 -1
94 24 34 -1
95 42 52 -1
96 19 84 -1
97 42 61 -1
98 21 59 -1
99 96 48 -1
100 36 42 -1
101 40 54 -1
102 2 51 -1
103 53 57 -1
104 31 81 -1
105 16 41 -1
106 8 72 -1
107 10 51 -1
108 54 71 -1
109 104 40 -1
110 35 49 -1
111 11 63 -1
112 67 88 -1
113 90 29 -1
114 53 56 -1
115 17 39 -1
116 26 83 -1
117 74 76 -1
118 94 75 -1
119 0 87 -1
120 30 44 -1
121 10 27 -1
122 4 20 -1
123 122 65 -1
124 123 73 -1
125 124 86 -1
126 125 95 0
127 7 30 -1
128 127 45 -1
129 128 48 -1
130 129 53 -1
131 130 61 -1
132 131 115 1
133 28 97 -1
134 133 102 -1
135 134 114 2
136 21 40 -1
137 136 92 -1
138 137 95 -1
139 138 106 3
140 18 28 -1
141 140 32 -1
142 141 37 -1
143 142 40 -1
144 143 61 -1
145 144 118 4
146 10 28 -1
147 146 64 -1
148 147 80 -1
149 148 84 5
150 0 4 -1
151 150 22 -1
152 151 53 -1
153 152 55 -1
154 153 58 -1
155 154 78 -1
156 155 105 6
157 105 113 -1
158 157 117 7
159 4 56 -1
160 159 61 -1
161 160 99 8
162 68 73 -1
163 162 98 -1
164 163 119 9
165 5 7 -1
166 165 19 -1
167 166 22 -1
168 167 36 -1
169 168 47 -1
170 169 56 -1
171 170 85 10
172 12 79 -1
173 172 112 -1
174 173 114 11
175 14 21 -1
176 175 34 -1
177 176 41 -1
178 177 45 -1
179 178 69 -1
180 179 107 12
181 52 85 -1
182 181 87 -1
183 182 120 13
184 25 37 -1
185 184 59 -1
186 185 102 -1
187 186 108 14
188 43 51 -1
189 188 60 -1
190 189 71 -1
191 190 76 15
192 15 55 -1
193 192 103 -1
194 193 112 16
195 20 56 -1
196 195 63 -1
197 196 75 -1
198 197 98 17
199 1 2 -1
200 199 9 -1
201 200 21 -1
202 201 54 -1
203 202 73 -1
204 203 82 18
205 2 41 -1
206 205 68 -1
207 206 92 -1
208 207 121 19
209 41 49 -1
210 209 88 -1
211 210 99 20
212 52 62 -1
213 212 72 -1
214 213 77 -1
215 214 82 21
216 81 106 -1
217 216 107 -1
218 217 115 22
219 25 70 -1
220 219 86 -1
221 220 89 23
222 2 8 -1
223 222 16 -1
224 223 46 -1
225 224 85 -1
226 225 118 24
227 65 79 -1
228 227 100 -1
229 228 119 25
230 0 13 -1
231 230 26 -1
232 231 52 -1
233 232 64 -1
234 233 101 26
235 7 9 -1
236 235 16 -1
237 236 24 -1
238 237 66 -1
239 238 100 -1
240 239 111 27
241 12 27 -1
242 241 29 -1
243 242 80 -1
244 243 109 28
245 23 48 -1
246 245 50 -1
247 246 80 -1
248 247 103 29
249 10 30 -1
250 249 78 -1
251 250 79 -1
252 251 117 30
253 23 38 -1
254 253 44 -1
255 254 60 -1
256 255 93 -1
257 256 116 31
258 15 67 -1
259 258 91 -1
260 259 108 -1
261 260 111 32
262 2 14 -1
263 262 65 -1
264 263 89 -1
265 264 110 33
266 18 34 -1
267 266 59 -1
268 267 110 -1
269 268 116 -1
270 269 121 34
271 8 45 -1
272 271 50 -1
273 272 67 -1
274 273 113 35
275 3 26 -1
276 275 62 -1
277 276 63 -1
278 277 109 36
279 12 41 -1
280 279 46 -1
281 280 58 -1
282 281 70 -1
283 282 120 37
284 9 20 -1
285 284 32 -1
286 285 50 -1
287 286 51 -1
288 287 70 -1
289 288 91 38
290 4 59 -1
291 290 74 -1
292 291 93 -1
293 292 101 39
294 33 52 -1
295 294 65 -1
296 295 68 -1
297 296 78 -1
298 297 83 40
299 7 82 -1
300 299 86 -1
301 300 97 41
