44 282
44 29 41 -1
45 6 33 -1
46 12 42 -1
47 7 25 -1
48 27 37 -1
49 15 28 -1
50 20 26 -1
51 4 18 -1
52 1 16 -1
53 9 38 -1
54 4 22 -1
55 36 46 -1
56 26 34 -1
57 35 40 -1
58 24 43 -1
59 3 31 -1
60 2 17 -1
61 14 31 -1
62 10 16 -1
63 25 41 -1
64 0 28 -1
65 1 45 -1
66 22 44 -1
67 5 30 -1
68 6 39 -1
69 8 49 -1
70 21 34 -1
71 7 8 -1
72 11 47 -1
73 0 5 -1
74 40 42 -1
75 32 56 -1
76 39 48 -1
77 10 33 -1
78 3 14 -1
79 11 24 -1
80 27 52 -1
81 43 51 -1
82 5 27 -1
83 33 37 -1
84 16 19 -1
85 75 42 -1
86 7 57 -1
87 49 61 -1
88 21 51 -1
89 15 34 -1
90 10 59 -1
91 41 68 -1
92 22 45 -1
93 53 69 -1
94 32 60 -1
95 3 50 -1
96 21 54 -1
97 36 78 -1
98 32 58 -1
99 34 80 -1
100 17 59 -1
101 35 83 -1
102 22 23 -1
103 0 65 -1
104 0 55 -1
105 24 39 -1
106 26 73 -1
107 17 35 -1
108 17 48 -1
109 44 46 -1
110 9 54 -1
111 88 23 -1
112 66 71 -1
113 89 38 -1
114 25 39 -1
115 98 23 -1
116 108 40 -1
117 50 57 -1
118 43 61 -1
119 30 35 -1
120 99 13 -1
121 33 72 -1
122 18 36 -1
123 15 41 -1
124 28 43 -1
125 9 63 -1
126 109 47 -1
127 5 79 -1
128 24 53 -1
129 112 50 -1
130 97 86 -1
131 18 29 -1
132 62 85 -1
133 7 24 -1
134 133 49 -1
135 134 62 -1
136 135 91 -1
137 136 104 0
138 52 53 -1
139 138 81 -1
140 139 117 -1
141 140 123 1
142 8 59 -1
143 142 63 -1
144 143 84 -1
145 144 96 -1
146 145 101 2
147 4 21 -1
148 147 93 -1
149 148 101 -1
150 149 106 3
151 6 90 -1
152 151 126 -1
153 152 128 4
154 20 91 -1
155 154 107 -1
156 155 120 -1
157 156 124 5
158 42 93 -1
159 158 100 -1
160 159 102 -1
161 160 131 6
162 0 8 -1
163 162 9 -1
164 163 39 -1
165 164 52 -1
166 165 56 -1
167 166 60 -1
168 167 72 7
169 28 96 -1
170 169 127 -1
171 170 130 8
172 8 13 -1
173 172 53 -1
174 173 62 -1
175 174 66 -1
176 175 73 -1
177 176 83 9
178 1 6 -1
179 178 41 -1
180 179 69 -1
181 180 94 -1
182 181 119 -1
183 182 122 10
184 3 8 -1
185 184 25 -1
186 185 29 -1
187 186 65 -1
188 187 74 -1
189 188 79 11
190 19 20 -1
191 190 47 -1
192 191 80 -1
193 192 104 12
194 12 14 -1
195 194 20 -1
196 195 28 -1
197 196 32 -1
198 197 70 -1
199 198 71 -1
200 199 105 13
201 2 13 -1
202 201 48 -1
203 202 70 -1
204 203 90 -1
205 204 102 14
206 31 111 -1
207 206 132 15
208 7 23 -1
209 208 45 -1
210 209 48 -1
211 210 64 -1
212 211 81 16
213 21 60 -1
214 213 62 -1
215 214 126 17
216 19 37 -1
217 216 44 -1
218 217 67 -1
219 218 68 -1
220 219 110 18
221 36 67 -1
222 221 70 -1
223 222 95 -1
224 223 125 19
225 14 55 -1
226 225 60 -1
227 226 65 -1
228 227 123 20
229 32 66 -1
230 229 114 -1
231 230 120 21
232 11 37 -1
233 232 42 -1
234 233 103 -1
235 234 118 -1
236 235 119 22
237 11 20 -1
238 237 29 -1
239 238 36 -1
240 239 82 -1
241 240 84 -1
242 241 115 23
243 22 50 -1
244 243 78 -1
245 244 103 -1
246 245 113 24
247 2 25 -1
248 247 76 -1
249 248 87 -1
250 249 110 25
251 2 8 -1
252 251 30 -1
253 252 68 -1
254 253 85 -1
255 254 125 26
256 1 44 -1
257 256 64 -1
258 257 74 -1
259 258 100 -1
260 259 105 27
261 35 58 -1
262 261 92 -1
263 262 132 28
264 8 17 -1
265 264 31 -1
266 265 51 -1
267 266 55 -1
268 267 121 29
269 1 11 -1
270 269 28 -1
271 270 56 -1
272 271 63 -1
273 272 77 -1
274 273 81 30
275 4 38 -1
276 275 77 -1
277 276 82 -1
278 277 86 -1
279 278 94 31
280 37 52 -1
281 280 55 -1
282 281 58 -1
283 282 64 -1
284 283 70 32
285 26 45 -1
286 285 69 -1
287 286 130 33
288 2 58 -1
289 288 122 -1
290 289 129 34
291 76 95 -1
292 291 121 -1
293 292 131 35
294 67 87 -1
295 294 107 -1
296 295 115 36
297 19 54 -1
298 297 61 -1
299 298 64 -1
300 299 77 -1
301 300 128 37
302 1 14 -1
303 302 54 -1
304 303 67 -1
305 304 114 -1
306 305 117 38
307 19 38 -1
308 307 41 -1
309 308 74 -1
310 309 76 -1
311 310 111 39
312 9 44 -1
313 312 55 -1
314 313 106 -1
315 314 118 40
316 17 82 -1
317 316 124 -1
318 317 129 41
319 51 113 -1
320 319 116 -1
321 320 127 42
322 9 47 -1
323 322 84 -1
324 323 92 -1
325 324 116 43
