46 295
46 7 28 -1
47 20 31 -1
48 10 41 -1
49 0 45 -1
50 3 44 -1
51 33 39 -1
52 17 21 -1
53 22 30 -1
54 11 42 -1
55 4 22 -1
56 19 36 -1
57 8 23 -1
58 5 15 -1
59 27 29 -1
60 42 47 -1
61 4 31 -1
62 25 32 -1
63 24 50 -1
64 1 13 -1
65 38 43 -1
66 0 46 -1
67 12 35 -1
68 2 3 -1
69 5 51 -1
70 7 48 -1
71 37 52 -1
72 34 58 -1
73 6 20 -1
74 41 43 -1
75 21 24 -1
76 16 30 -1
77 16 59 -1
78 27 39 -1
79 34 40 -1
80 12 45 -1
81 4 32 -1
82 35 71 -1
83 24 69 -1
84 35 53 -1
85 26 49 -1
86 29 56 -1
87 57 63 -1
88 2 70 -1
89 6 14 -1
90 45 62 -1
91 40 65 -1
92 28 36 -1
93 10 11 -1
94 55 64 -1
95 8 14 -1
96 9 61 -1
97 55 60 -1
98 19 43 -1
99 13 93 -1
100 13 49 -1
101 17 26 -1
102 38 54 -1
103 39 45 -1
104 79 86 -1
105 3 6 -1
106 26 68 -1
107 21 25 -1
108 44 77 -1
109 35 74 -1
110 20 84 -1
111 33 72 -1
112 2 66 -1
113 18 46 -1
114 110 1 -1
115 48 54 -1
116 47 67 -1
117 23 82 -1
118 19 32 -1
119 115 27 -1
120 40 92 -1
121 101 25 -1
122 23 83 -1
123 113 36 -1
124 12 75 -1
125 41 53 -1
126 1 49 -1
127 29 44 -1
128 102 41 -1
129 7 18 -1
130 22 89 -1
131 16 17 -1
132 44 60 -1
133 21 42 -1
134 0 62 -1
135 55 73 -1
136 19 52 -1
137 24 54 -1
138 17 41 -1
139 138 46 -1
140 139 122 -1
141 140 135 0
142 7 8 -1
143 142 24 -1
144 143 85 -1
145 144 114 -1
146 145 127 1
147 10 15 -1
148 147 97 -1
149 148 103 -1
150 149 129 -1
151 150 131 2
152 8 71 -1
153 152 88 -1
154 153 91 -1
155 154 103 3
156 51 56 -1
157 156 61 -1
158 157 63 -1
159 158 76 -1
160 159 93 4
161 9 10 -1
162 161 36 -1
163 162 44 -1
164 163 73 -1
165 164 78 -1
166 165 117 5
167 9 23 -1
168 167 97 -1
169 168 124 -1
170 169 134 6
171 6 28 -1
172 171 38 -1
173 172 48 -1
174 173 94 -1
175 174 108 7
176 11 14 -1
177 176 38 -1
178 177 58 -1
179 178 90 -1
180 179 114 8
181 13 21 -1
182 181 30 -1
183 182 37 -1
184 183 39 -1
185 184 88 -1
186 185 132 9
187 15 26 -1
188 187 28 -1
189 188 51 -1
190 189 89 -1
191 190 118 -1
192 191 128 10
193 12 34 -1
194 193 64 -1
195 194 85 -1
196 195 88 11
197 15 65 -1
198 197 99 -1
199 198 127 -1
200 199 134 12
201 26 59 -1
202 201 60 -1
203 202 122 13
204 11 15 -1
205 204 80 -1
206 205 135 -1
207 206 136 14
208 10 14 -1
209 208 42 -1
210 209 85 -1
211 210 104 15
212 33 109 -1
213 212 112 -1
214 213 137 16
215 63 107 -1
216 215 120 -1
217 216 126 17
218 13 80 -1
219 218 92 -1
220 219 121 -1
221 220 130 18
222 5 10 -1
223 222 96 -1
224 223 120 -1
225 224 124 19
226 53 80 -1
227 226 98 -1
228 227 105 -1
229 228 137 20
230 51 58 -1
231 230 105 -1
232 231 107 -1
233 232 109 21
234 11 30 -1
235 234 111 -1
236 235 116 -1
237 236 129 22
238 16 22 -1
239 238 28 -1
240 239 47 -1
241 240 74 -1
242 241 117 23
243 10 30 -1
244 243 32 -1
245 244 34 -1
246 245 46 -1
247 246 69 -1
248 247 100 24
249 50 78 -1
250 249 84 -1
251 250 91 -1
252 251 131 25
253 73 77 -1
254 253 81 -1
255 254 126 -1
256 255 133 26
257 37 40 -1
258 257 45 -1
259 258 56 -1
260 259 83 -1
261 260 106 27
262 0 4 -1
263 262 52 -1
264 263 91 -1
265 264 119 28
266 23 74 -1
267 266 90 -1
268 267 108 -1
269 268 133 29
270 1 18 -1
271 270 34 -1
272 271 48 -1
273 272 76 -1
274 273 78 -1
275 274 136 30
276 17 31 -1
277 276 67 -1
278 277 68 -1
279 278 95 -1
280 279 123 31
281 35 66 -1
282 281 87 -1
283 282 99 32
284 14 34 -1
285 284 43 -1
286 285 57 -1
287 286 81 -1
288 287 119 33
289 17 64 -1
290 289 72 -1
291 290 98 -1
292 291 132 34
293 4 8 -1
294 293 35 -1
295 294 76 -1
296 295 106 -1
297 296 123 35
298 49 81 -1
299 298 86 -1
300 299 87 36
301 0 11 -1
302 301 57 -1
303 302 67 -1
304 303 94 -1
305 304 118 37
306 87 116 -1
307 306 121 38
308 3 7 -1
309 308 96 -1
310 309 100 -1
311 310 128 39
312 12 22 -1
313 312 39 -1
314 313 42 -1
315 314 56 -1
316 315 95 -1
317 316 112 40
318 8 28 -1
319 318 43 -1
320 319 61 -1
321 320 90 -1
322 321 111 41
323 27 31 -1
324 323 33 -1
325 324 40 -1
326 325 70 -1
327 326 75 -1
328 327 130 42
329 9 57 -1
330 329 59 -1
331 330 68 -1
332 331 79 -1
333 332 125 43
334 1 50 -1
335 334 66 -1
336 335 72 -1
337 336 125 44
338 30 61 -1
339 338 82 -1
340 339 104 45
