48 314
48 36 43 -1
49 16 32 -1
50 46 47 -1
51 14 25 -1
52 2 17 -1
53 31 37 -1
54 29 38 -1
55 28 34 -1
56 0 21 -1
57 7 19 -1
58 6 22 -1
59 4 40 -1
60 41 44 -1
61 33 39 -1
62 9 17 -1
63 13 23 -1
64 18 27 -1
65 10 30 -1
66 5 40 -1
67 8 20 -1
68 12 48 -1
69 16 30 -1
70 3 36 -1
71 15 25 -1
72 13 35 -1
73 39 42 -1
74 11 47 -1
75 22 43 -1
76 23 47 -1
77 45 49 -1
78 10 38 -1
79 7 31 -1
80 10 28 -1
81 8 9 -1
82 24 42 -1
83 1 55 -1
84 33 42 -1
85 26 51 -1
86 0 64 -1
87 21 63 -1
88 35 52 -1
89 12 53 -1
90 8 57 -1
91 6 14 -1
92 20 40 -1
93 1 41 -1
94 52 84 -1
95 0 26 -1
96 16 82 -1
97 4 88 -1
98 11 61 -1
99 5 93 -1
100 44 49 -1
101 50 52 -1
102 56 83 -1
103 24 92 -1
104 17 71 -1
105 67 79 -1
106 50 58 -1
107 16 48 -1
108 1 70 -1
109 80 81 -1
110 56 73 -1
111 2 89 -1
112 26 32 -1
113 5 23 -1
114 12 46 -1
115 3 62 -1
116 27 72 -1
117 43 49 -1
118 117 14 -1
119 7 54 -1
120 115 65 -1
121 103 50 -1
122 30 61 -1
123 37 68 -1
124 14 60 -1
125 58 66 -1
126 53 91 -1
127 45 48 -1
128 19 36 -1
129 113 43 -1
130 29 62 -1
131 15 51 -1
132 25 59 -1
133 1 54 -1
134 101 11 -1
135 33 55 -1
136 37 75 -1
137 18 44 -1
138 19 28 -1
139 6 12 -1
140 40 56 -1
141 7 24 -1
142 3 38 -1
143 142 94 -1
144 143 107 -1
145 144 125 0
146 6 33 -1
147 146 57 -1
148 147 60 -1
149 148 69 -1
150 149 95 -1
151 150 129 1
152 27 59 -1
153 152 77 -1
154 153 110 -1
155 154 119 2
156 41 65 -1
157 156 79 -1
158 157 132 -1
159 158 134 3
160 67 69 -1
161 160 72 -1
162 161 86 -1
163 162 114 -1
164 163 128 4
165 47 57 -1
166 165 68 -1
167 166 80 -1
168 167 130 -1
169 168 137 5
170 5 27 -1
171 170 55 -1
172 171 57 -1
173 172 76 -1
174 173 78 -1
175 174 104 6
176 1 39 -1
177 176 59 -1
178 177 78 -1
179 178 107 -1
180 179 126 7
181 32 38 -1
182 181 42 -1
183 182 63 -1
184 183 90 -1
185 184 108 -1
186 185 139 8
187 9 36 -1
188 187 77 -1
189 188 111 -1
190 189 125 9
191 2 46 -1
192 191 65 -1
193 192 77 -1
194 193 85 -1
195 194 87 10
196 2 10 -1
197 196 54 -1
198 197 84 -1
199 198 106 -1
200 199 124 11
201 34 64 -1
202 201 129 -1
203 202 134 12
204 25 53 -1
205 204 75 -1
206 205 86 -1
207 206 96 13
208 19 22 -1
209 208 26 -1
210 209 31 -1
211 210 49 -1
212 211 121 14
213 31 50 -1
214 213 60 -1
215 214 86 -1
216 215 108 15
217 9 29 -1
218 217 40 -1
219 218 45 -1
220 219 71 -1
221 220 116 -1
222 221 139 16
223 21 22 -1
224 223 35 -1
225 224 66 -1
226 225 70 -1
227 226 74 -1
228 227 141 17
229 44 98 -1
230 229 102 -1
231 230 141 18
232 4 5 -1
233 232 19 -1
234 233 24 -1
235 234 45 -1
236 235 54 -1
237 236 62 -1
238 237 63 19
239 70 77 -1
240 239 131 -1
241 240 135 20
242 8 29 -1
243 242 51 -1
244 243 59 -1
245 244 68 -1
246 245 74 21
247 17 32 -1
248 247 46 -1
249 248 51 -1
250 249 64 -1
251 250 66 -1
252 251 82 22
253 18 36 -1
254 253 54 -1
255 254 74 -1
256 255 112 -1
257 256 135 23
258 2 92 -1
259 258 100 -1
260 259 119 -1
261 260 122 24
262 61 109 -1
263 262 136 -1
264 263 140 25
265 72 95 -1
266 265 120 -1
267 266 133 26
268 34 47 -1
269 268 69 -1
270 269 81 -1
271 270 132 -1
272 271 133 27
273 15 68 -1
274 273 91 -1
275 274 93 -1
276 275 94 28
277 20 32 -1
278 277 65 -1
279 278 98 -1
280 279 99 -1
281 280 138 29
282 3 66 -1
283 282 73 -1
284 283 88 -1
285 284 126 30
286 45 78 -1
287 286 121 -1
288 287 123 31
289 25 32 -1
290 289 39 -1
291 290 58 -1
292 291 114 -1
293 292 120 32
294 35 75 -1
295 294 90 -1
296 295 110 -1
297 296 112 33
298 0 12 -1
299 298 18 -1
300 299 76 -1
301 300 118 -1
302 301 122 34
303 4 21 -1
304 303 28 -1
305 304 47 -1
306 305 67 -1
307 306 85 -1
308 307 136 35
309 3 18 -1
310 309 23 -1
311 310 69 -1
312 311 90 -1
313 312 111 36
314 34 35 -1
315 314 37 -1
316 315 58 -1
317 316 67 -1
318 317 76 -1
319 318 127 37
320 8 11 -1
321 320 15 -1
322 321 97 -1
323 322 124 -1
324 323 128 38
325 96 102 -1
326 325 123 39
327 48 53 -1
328 327 74 -1
329 328 87 -1
330 329 99 40
331 17 28 -1
332 331 60 -1
333 332 76 -1
334 333 89 -1
335 334 140 41
336 30 43 -1
337 336 83 -1
338 337 105 -1
339 338 131 42
340 0 31 -1
341 340 34 -1
342 341 36 -1
343 342 46 -1
344 343 71 -1
345 344 73 -1
346 345 100 43
347 14 16 -1
348 347 38 -1
349 348 106 -1
350 349 116 -1
351 350 138 44
352 11 87 -1
353 352 104 -1
354 353 127 -1
355 354 137 45
356 31 85 -1
357 356 97 -1
358 357 109 46
359 46 105 -1
360 359 118 -1
361 360 130 47
