50 322
50 26 47 -1
51 21 39 -1
52 1 13 -1
53 8 36 -1
54 2 44 -1
55 7 19 -1
56 34 45 -1
57 11 47 -1
58 32 37 -1
59 3 9 -1
60 44 49 -1
61 4 33 -1
62 30 38 -1
63 12 41 -1
64 3 48 -1
65 28 42 -1
66 0 53 -1
67 20 31 -1
68 24 43 -1
69 40 49 -1
70 9 56 -1
71 10 61 -1
72 23 26 -1
73 15 38 -1
74 11 17 -1
75 4 55 -1
76 5 22 -1
77 6 16 -1
78 10 14 -1
79 12 34 -1
80 45 46 -1
81 50 69 -1
82 48 57 -1
83 41 52 -1
84 42 59 -1
85 35 63 -1
86 50 62 -1
87 29 49 -1
88 6 66 -1
89 51 73 -1
90 45 67 -1
91 27 54 -1
92 17 40 -1
93 29 68 -1
94 9 60 -1
95 35 58 -1
96 21 32 -1
97 20 24 -1
98 5 44 -1
99 32 33 -1
100 1 36 -1
101 15 46 -1
102 16 60 -1
103 37 77 -1
104 46 65 -1
105 43 64 -1
106 50 53 -1
107 34 35 -1
108 39 74 -1
109 49 76 -1
110 18 104 -1
111 8 22 -1
112 28 75 -1
113 51 76 -1
114 38 102 -1
115 1 40 -1
116 18 42 -1
117 2 27 -1
118 39 40 -1
119 25 47 -1
120 70 85 -1
121 36 41 -1
122 37 93 -1
123 57 78 -1
124 27 55 -1
125 13 51 -1
126 66 94 -1
127 124 44 -1
128 113 14 -1
129 29 41 -1
130 24 35 -1
131 8 41 -1
132 19 21 -1
133 10 30 -1
134 118 56 -1
135 7 33 -1
136 21 79 -1
137 8 16 -1
138 25 48 -1
139 4 103 -1
140 39 43 -1
141 70 82 -1
142 4 98 -1
143 135 97 -1
144 15 72 -1
145 37 54 -1
146 17 18 -1
147 34 43 -1
148 28 29 -1
149 6 22 -1
150 149 84 -1
151 150 89 -1
152 151 99 -1
153 152 119 0
154 59 81 -1
155 154 91 -1
156 155 121 -1
157 156 133 1
158 1 43 -1
159 158 53 -1
160 159 72 -1
161 160 89 -1
162 161 95 2
163 7 87 -1
164 163 100 -1
165 164 110 -1
166 165 123 3
167 23 30 -1
168 167 54 -1
169 168 101 -1
170 169 128 -1
171 170 147 4
172 2 3 -1
173 172 5 -1
174 173 35 -1
175 174 75 -1
176 175 96 -1
177 176 106 5
178 52 78 -1
179 178 85 -1
180 179 105 -1
181 180 109 6
182 14 34 -1
183 182 50 -1
184 183 71 -1
185 184 97 -1
186 185 116 -1
187 186 132 7
188 35 80 -1
189 188 86 -1
190 189 92 -1
191 190 122 8
192 27 39 -1
193 192 42 -1
194 193 126 -1
195 194 143 9
196 45 52 -1
197 196 59 -1
198 197 130 -1
199 198 138 -1
200 199 139 10
201 39 81 -1
202 201 100 -1
203 202 101 -1
204 203 107 -1
205 204 117 11
206 71 120 -1
207 206 146 12
208 36 52 -1
209 208 54 -1
210 209 141 13
211 55 99 -1
212 211 107 -1
213 212 125 -1
214 213 131 14
215 15 17 -1
216 215 45 -1
217 216 57 -1
218 217 62 -1
219 218 129 -1
220 219 132 15
221 2 11 -1
222 221 13 -1
223 222 31 -1
224 223 38 -1
225 224 80 -1
226 225 139 16
227 24 25 -1
228 227 32 -1
229 228 34 -1
230 229 74 -1
231 230 91 -1
232 231 148 17
233 12 84 -1
234 233 134 -1
235 234 142 18
236 62 104 -1
237 236 120 19
238 6 25 -1
239 238 58 -1
240 239 65 -1
241 240 109 -1
242 241 121 20
243 0 21 -1
244 243 22 -1
245 244 73 -1
246 245 100 -1
247 246 143 21
248 31 88 -1
249 248 110 -1
250 249 147 22
251 0 20 -1
252 251 83 -1
253 252 144 -1
254 253 145 23
255 19 23 -1
256 255 65 -1
257 256 71 -1
258 257 93 -1
259 258 117 24
260 15 16 -1
261 260 44 -1
262 261 71 -1
263 262 95 -1
264 263 136 25
265 13 102 -1
266 265 133 -1
267 266 141 26
268 26 105 -1
269 268 112 -1
270 269 114 27
271 23 49 -1
272 271 83 -1
273 272 90 -1
274 273 137 -1
275 274 140 28
276 17 20 -1
277 276 26 -1
278 277 75 -1
279 278 126 29
280 32 63 -1
281 280 68 -1
282 281 92 -1
283 282 101 -1
284 283 142 30
285 51 91 -1
286 285 105 -1
287 286 115 -1
288 287 119 31
289 43 61 -1
290 289 67 -1
291 290 74 -1
292 291 87 -1
293 292 136 32
294 30 31 -1
295 294 52 -1
296 295 58 -1
297 296 84 -1
298 297 144 33
299 56 77 -1
300 299 106 -1
301 300 127 34
302 25 37 -1
303 302 61 -1
304 303 64 -1
305 304 81 -1
306 305 111 35
307 10 28 -1
308 307 51 -1
309 308 72 -1
310 309 127 -1
311 310 130 36
312 28 52 -1
313 312 103 -1
314 313 123 -1
315 314 140 37
316 2 42 -1
317 316 58 -1
318 317 87 -1
319 318 89 -1
320 319 131 38
321 0 11 -1
322 321 30 -1
323 322 48 -1
324 323 122 -1
325 324 134 39
326 7 31 -1
327 326 46 -1
328 327 86 -1
329 328 129 -1
330 329 145 40
331 62 90 -1
332 331 98 -1
333 332 108 -1
334 333 138 41
335 48 80 -1
336 335 83 -1
337 336 88 -1
338 337 96 42
339 18 23 -1
340 339 31 -1
341 340 94 -1
342 341 96 -1
343 342 115 -1
344 343 148 43
345 19 27 -1
346 345 47 -1
347 346 92 -1
348 347 95 -1
349 348 114 44
350 3 79 -1
351 350 108 -1
352 351 112 -1
353 352 137 45
354 2 67 -1
355 354 69 -1
356 355 82 -1
357 356 88 46
358 3 63 -1
359 358 90 -1
360 359 99 -1
361 360 111 -1
362 361 116 47
363 36 38 -1
364 363 47 -1
365 364 64 -1
366 365 128 -1
367 366 146 48
368 20 59 -1
369 368 63 -1
370 369 86 -1
371 370 125 49
