52 347
52 8 12 -1
53 7 15 -1
54 5 10 -1
55 33 37 -1
56 16 21 -1
57 26 48 -1
58 31 50 -1
59 24 43 -1
60 45 49 -1
61 0 14 -1
62 2 47 -1
63 20 24 -1
64 12 29 -1
65 9 38 -1
66 19 42 -1
67 31 51 -1
68 17 54 -1
69 22 32 -1
70 6 35 -1
71 10 47 -1
72 11 46 -1
73 26 27 -1
74 3 23 -1
75 20 43 -1
76 11 51 -1
77 44 52 -1
78 4 19 -1
79 14 17 -1
80 15 58 -1
81 25 40 -1
82 41 53 -1
83 23 48 -1
84 13 27 -1
85 28 50 -1
86 35 38 -1
87 41 57 -1
88 36 50 -1
89 19 33 -1
90 46 63 -1
91 2 60 -1
92 1 29 -1
93 4 9 -1
94 30 53 -1
95 22 55 -1
96 34 59 -1
97 16 70 -1
98 5 64 -1
99 1 26 -1
100 7 18 -1
101 32 40 -1
102 34 56 -1
103 44 66 -1
104 21 38 -1
105 8 15 -1
106 13 67 -1
107 25 49 -1
108 43 80 -1
109 54 57 -1
110 82 99 -1
111 61 74 -1
112 16 80 -1
113 6 9 -1
114 5 22 -1
115 45 68 -1
116 35 39 -1
117 15 17 -1
118 16 28 -1
119 84 97 -1
120 8 36 -1
121 65 69 -1
122 42 100 -1
123 29 40 -1
124 0 93 -1
125 29 73 -1
126 39 47 -1
127 62 77 -1
128 19 94 -1
129 63 65 -1
130 10 30 -1
131 104 3 -1
132 109 33 -1
133 14 31 -1
134 44 92 -1
135 130 6 -1
136 71 81 -1
137 66 96 -1
138 0 101 -1
139 36 68 -1
140 49 103 -1
141 56 72 -1
142 3 62 -1
143 18 71 -1
144 7 75 -1
145 21 27 -1
146 49 56 -1
147 112 4 -1
148 20 69 -1
149 26 32 -1
150 42 58 -1
151 4 24 -1
152 51 52 -1
153 42 55 -1
154 26 33 -1
155 154 79 -1
156 155 142 -1
157 156 144 -1
158 157 152 0
159 17 40 -1
160 159 76 -1
161 160 86 -1
162 161 95 -1
163 162 140 1
164 17 37 -1
165 164 67 -1
166 165 126 -1
167 166 128 -1
168 167 138 2
169 2 23 -1
170 169 76 -1
171 170 78 -1
172 171 132 -1
173 172 145 3
174 6 127 -1
175 174 133 -1
176 175 145 -1
177 176 153 4
178 21 24 -1
179 178 28 -1
180 179 61 -1
181 180 105 -1
182 181 113 -1
183 182 114 -1
184 183 123 5
185 1 14 -1
186 185 74 -1
187 186 88 -1
188 187 140 -1
189 188 148 6
190 31 48 -1
191 190 59 -1
192 191 62 -1
193 192 81 -1
194 193 82 -1
195 194 86 7
196 60 69 -1
197 196 73 -1
198 197 108 -1
199 198 153 8
200 13 31 -1
201 200 89 -1
202 201 91 -1
203 202 131 -1
204 203 148 9
205 9 11 -1
206 205 12 -1
207 206 18 -1
208 207 85 -1
209 208 107 -1
210 209 110 10
211 25 39 -1
212 211 85 -1
213 212 119 -1
214 213 121 11
215 60 97 -1
216 215 126 -1
217 216 139 -1
218 217 149 12
219 12 13 -1
220 219 14 -1
221 220 15 -1
222 221 35 -1
223 222 50 -1
224 223 76 -1
225 224 102 13
226 1 7 -1
227 226 27 -1
228 227 48 -1
229 228 58 -1
230 229 95 -1
231 230 113 14
232 9 20 -1
233 232 30 -1
234 233 50 -1
235 234 61 -1
236 235 137 15
237 31 41 -1
238 237 70 -1
239 238 99 -1
240 239 102 -1
241 240 114 16
242 2 40 -1
243 242 83 -1
244 243 98 -1
245 244 100 -1
246 245 133 17
247 10 61 -1
248 247 78 -1
249 248 87 -1
250 249 131 18
251 59 74 -1
252 251 78 -1
253 252 120 -1
254 253 125 19
255 9 16 -1
256 255 34 -1
257 256 39 -1
258 257 57 -1
259 258 75 -1
260 259 134 20
261 27 89 -1
262 261 90 -1
263 262 116 -1
264 263 143 21
265 17 39 -1
266 265 65 -1
267 266 125 -1
268 267 141 22
269 2 3 -1
270 269 25 -1
271 270 37 -1
272 271 57 -1
273 272 137 23
274 21 46 -1
275 274 53 -1
276 275 89 -1
277 276 98 -1
278 277 149 24
279 38 90 -1
280 279 98 -1
281 280 117 -1
282 281 118 25
283 71 77 -1
284 283 94 -1
285 284 111 26
286 27 41 -1
287 286 50 -1
288 287 64 -1
289 288 101 -1
290 289 146 -1
291 290 151 27
292 1 19 -1
293 292 35 -1
294 293 37 -1
295 294 84 -1
296 295 105 -1
297 296 136 28
298 22 73 -1
299 298 107 -1
300 299 124 -1
301 300 139 29
302 0 8 -1
303 302 18 -1
304 303 24 -1
305 304 26 -1
306 305 46 -1
307 306 95 -1
308 307 106 30
309 5 12 -1
310 309 16 -1
311 310 51 -1
312 311 88 -1
313 312 91 -1
314 313 124 31
315 51 135 -1
316 315 138 -1
317 316 147 32
318 36 87 -1
319 318 90 -1
320 319 127 33
321 39 59 -1
322 321 77 -1
323 322 106 -1
324 323 135 34
325 27 47 -1
326 325 92 -1
327 326 102 -1
328 327 117 -1
329 328 152 35
330 0 31 -1
331 330 36 -1
332 331 110 -1
333 332 136 36
334 46 55 -1
335 334 78 -1
336 335 82 -1
337 336 83 -1
338 337 85 37
339 30 33 -1
340 339 52 -1
341 340 83 -1
342 341 115 -1
343 342 151 38
344 50 81 -1
345 344 115 -1
346 345 116 -1
347 346 142 39
348 64 67 -1
349 348 111 -1
350 349 121 40
351 68 70 -1
352 351 75 -1
353 352 123 -1
354 353 150 41
355 9 33 -1
356 355 35 -1
357 356 48 -1
358 357 67 -1
359 358 122 -1
360 359 146 42
361 5 45 -1
362 361 72 -1
363 362 79 -1
364 363 96 -1
365 364 122 43
366 37 44 -1
367 366 76 -1
368 367 83 -1
369 368 88 -1
370 369 129 44
371 12 44 -1
372 371 55 -1
373 372 59 -1
374 373 79 -1
375 374 128 45
376 30 120 -1
377 376 132 -1
378 377 141 46
379 13 79 -1
380 379 87 -1
381 380 93 -1
382 381 108 47
383 0 86 -1
384 383 91 -1
385 384 103 -1
386 385 144 48
387 48 134 -1
388 387 143 -1
389 388 147 49
390 31 35 -1
391 390 52 -1
392 391 60 -1
393 392 118 -1
394 393 129 50
395 33 43 -1
396 395 72 -1
397 396 119 -1
398 397 150 51
