54 357
54 7 10 -1
55 8 15 -1
56 29 45 -1
57 21 23 -1
58 18 19 -1
59 0 31 -1
60 41 44 -1
61 3 40 -1
62 25 26 -1
63 1 21 -1
64 27 28 -1
65 4 46 -1
66 8 17 -1
67 2 9 -1
68 36 37 -1
69 17 50 -1
70 11 20 -1
71 18 46 -1
72 30 51 -1
73 16 43 -1
74 7 23 -1
75 6 48 -1
76 4 45 -1
77 10 63 -1
78 9 54 -1
79 49 66 -1
80 25 47 -1
81 0 5 -1
82 16 32 -1
83 24 39 -1
84 27 56 -1
85 5 15 -1
86 42 67 -1
87 18 30 -1
88 37 39 -1
89 10 68 -1
90 50 54 -1
91 24 70 -1
92 46 52 -1
93 26 55 -1
94 35 48 -1
95 7 41 -1
96 13 34 -1
97 22 24 -1
98 2 61 -1
99 47 51 -1
100 1 49 -1
101 43 65 -1
102 10 29 -1
103 14 80 -1
104 55 62 -1
105 9 32 -1
106 6 35 -1
107 100 73 -1
108 74 75 -1
109 10 37 -1
110 7 25 -1
111 17 33 -1
112 65 96 -1
113 14 34 -1
114 63 64 -1
115 59 86 -1
116 42 46 -1
117 71 78 -1
118 2 71 -1
119 12 13 -1
120 19 42 -1
121 60 87 -1
122 6 78 -1
123 31 48 -1
124 72 76 -1
125 53 102 -1
126 11 15 -1
127 12 28 -1
128 36 42 -1
129 36 95 -1
130 41 97 -1
131 11 60 -1
132 5 20 -1
133 27 94 -1
134 64 90 -1
135 115 14 -1
136 8 57 -1
137 24 62 -1
138 116 69 -1
139 57 81 -1
140 33 44 -1
141 20 61 -1
142 38 77 -1
143 110 67 -1
144 7 19 -1
145 35 88 -1
146 50 58 -1
147 4 108 -1
148 28 31 -1
149 85 99 -1
150 23 64 -1
151 34 91 -1
152 109 59 -1
153 26 58 -1
154 32 47 -1
155 40 56 -1
156 12 93 -1
157 30 83 -1
158 0 39 -1
159 49 111 -1
160 159 130 -1
161 160 132 -1
162 161 147 0
163 4 15 -1
164 163 16 -1
165 164 69 -1
166 165 103 -1
167 166 129 -1
168 167 158 1
169 26 57 -1
170 169 82 -1
171 170 112 -1
172 171 121 2
173 38 73 -1
174 173 112 -1
175 174 137 -1
176 175 155 3
177 12 16 -1
178 177 84 -1
179 178 99 -1
180 179 118 -1
181 180 145 4
182 3 62 -1
183 182 107 -1
184 183 123 -1
185 184 149 5
186 42 51 -1
187 186 68 -1
188 187 74 -1
189 188 84 -1
190 189 104 6
191 1 6 -1
192 191 20 -1
193 192 34 -1
194 193 53 -1
195 194 71 -1
196 195 79 -1
197 196 84 7
198 58 60 -1
199 198 92 -1
200 199 133 -1
201 200 149 8
202 30 37 -1
203 202 85 -1
204 203 101 -1
205 204 114 -1
206 205 144 9
207 24 69 -1
208 207 76 -1
209 208 140 -1
210 209 141 -1
211 210 153 10
212 72 92 -1
213 212 106 -1
214 213 126 -1
215 214 130 -1
216 215 148 11
217 18 45 -1
218 217 73 -1
219 218 90 -1
220 219 135 12
221 28 34 -1
222 221 40 -1
223 222 54 -1
224 223 80 -1
225 224 128 -1
226 225 132 13
227 22 43 -1
228 227 69 -1
229 228 77 -1
230 229 105 -1
231 230 127 14
232 13 31 -1
233 232 44 -1
234 233 68 -1
235 234 70 -1
236 235 92 -1
237 236 120 15
238 143 146 -1
239 238 151 16
240 0 9 -1
241 240 17 -1
242 241 35 -1
243 242 44 -1
244 243 89 -1
245 244 93 17
246 11 56 -1
247 246 138 -1
248 247 139 18
249 35 52 -1
250 249 56 -1
251 250 105 -1
252 251 111 -1
253 252 129 19
254 41 43 -1
255 254 113 -1
256 255 142 -1
257 256 157 20
258 8 36 -1
259 258 83 -1
260 259 117 -1
261 260 154 21
262 6 21 -1
263 262 41 -1
264 263 51 -1
265 264 59 -1
266 265 134 22
267 19 33 -1
268 267 50 -1
269 268 53 -1
270 269 68 -1
271 270 83 -1
272 271 98 23
273 3 14 -1
274 273 24 -1
275 274 60 -1
276 275 82 -1
277 276 124 24
278 5 46 -1
279 278 66 -1
280 279 137 -1
281 280 152 25
282 12 81 -1
283 282 89 -1
284 283 98 -1
285 284 103 26
286 10 20 -1
287 286 22 -1
288 287 30 -1
289 288 38 -1
290 289 106 -1
291 290 153 -1
292 291 158 27
293 18 31 -1
294 293 38 -1
295 294 94 -1
296 295 104 -1
297 296 141 28
298 33 37 -1
299 298 61 -1
300 299 82 -1
301 300 108 -1
302 301 120 29
303 47 84 -1
304 303 107 -1
305 304 122 30
306 30 53 -1
307 306 104 -1
308 307 107 -1
309 308 127 31
310 45 47 -1
311 310 86 -1
312 311 131 -1
313 312 156 32
314 2 23 -1
315 314 29 -1
316 315 40 -1
317 316 43 -1
318 317 58 -1
319 318 79 -1
320 319 119 33
321 12 19 -1
322 321 26 -1
323 322 101 -1
324 323 105 -1
325 324 139 34
326 33 79 -1
327 326 95 -1
328 327 124 -1
329 328 148 35
330 1 33 -1
331 330 67 -1
332 331 106 -1
333 332 125 -1
334 333 150 36
335 3 36 -1
336 335 38 -1
337 336 81 -1
338 337 114 -1
339 338 146 37
340 34 38 -1
341 340 52 -1
342 341 147 -1
343 342 156 38
344 49 51 -1
345 344 136 -1
346 345 143 -1
347 346 145 39
348 28 39 -1
349 348 55 -1
350 349 70 -1
351 350 89 -1
352 351 118 40
353 12 59 -1
354 353 85 -1
355 354 91 -1
356 355 142 41
357 33 45 -1
358 357 57 -1
359 358 96 -1
360 359 126 -1
361 360 152 42
362 16 50 -1
363 362 52 -1
364 363 75 -1
365 364 77 -1
366 365 121 43
367 58 82 -1
368 367 98 -1
369 368 113 -1
370 369 136 44
371 26 31 -1
372 371 37 -1
373 372 134 -1
374 373 151 45
375 13 38 -1
376 375 55 -1
377 376 65 -1
378 377 72 -1
379 378 122 46
380 21 54 -1
381 380 119 -1
382 381 138 -1
383 382 157 47
384 66 102 -1
385 384 128 -1
386 385 131 -1
387 386 150 48
388 3 30 -1
389 388 49 -1
390 389 57 -1
391 390 76 -1
392 391 97 -1
393 392 133 49
394 27 79 -1
395 394 87 -1
396 395 135 50
397 117 123 -1
398 397 140 -1
399 398 155 51
400 15 17 -1
401 400 59 -1
402 401 72 -1
403 402 88 -1
404 403 144 -1
405 404 154 52
406 3 20 -1
407 406 27 -1
408 407 101 -1
409 408 103 -1
410 409 125 53
