56 377
56 40 55 -1
57 29 32 -1
58 36 53 -1
59 18 22 -1
60 16 21 -1
61 34 37 -1
62 30 43 -1
63 10 47 -1
64 27 45 -1
65 13 51 -1
66 39 43 -1
67 5 11 -1
68 19 49 -1
69 36 50 -1
70 33 48 -1
71 12 32 -1
72 14 38 -1
73 0 4 -1
74 52 54 -1
75 7 24 -1
76 31 56 -1
77 15 26 -1
78 40 57 -1
79 15 30 -1
80 0 47 -1
81 27 35 -1
82 2 47 -1
83 6 28 -1
84 14 60 -1
85 18 41 -1
86 3 19 -1
87 1 21 -1
88 23 41 -1
89 9 29 -1
90 24 55 -1
91 44 63 -1
92 51 52 -1
93 16 17 -1
94 7 37 -1
95 8 43 -1
96 39 82 -1
97 46 67 -1
98 25 58 -1
99 33 59 -1
100 30 70 -1
101 2 29 -1
102 3 44 -1
103 20 45 -1
104 10 62 -1
105 34 68 -1
106 46 81 -1
107 3 74 -1
108 5 48 -1
109 42 52 -1
110 13 45 -1
111 31 32 -1
112 14 27 -1
113 79 89 -1
114 28 64 -1
115 40 44 -1
116 7 10 -1
117 28 63 -1
118 48 57 -1
119 22 26 -1
120 54 90 -1
121 11 69 -1
122 5 23 -1
123 51 71 -1
124 39 75 -1
125 112 13 -1
126 17 80 -1
127 38 108 -1
128 38 87 -1
129 2 50 -1
130 53 99 -1
131 42 50 -1
132 36 60 -1
133 21 65 -1
134 77 109 -1
135 133 101 -1
136 8 58 -1
137 6 52 -1
138 11 31 -1
139 130 23 -1
140 3 98 -1
141 38 94 -1
142 7 17 -1
143 35 61 -1
144 113 25 -1
145 18 55 -1
146 14 62 -1
147 32 33 -1
148 0 72 -1
149 9 26 -1
150 66 105 -1
151 11 20 -1
152 53 91 -1
153 75 78 -1
154 6 34 -1
155 21 54 -1
156 18 106 -1
157 35 84 -1
158 118 19 -1
159 88 110 -1
160 72 85 -1
161 51 111 -1
162 38 103 -1
163 18 49 -1
164 61 96 -1
165 23 55 -1
166 34 71 -1
167 166 95 -1
168 167 131 -1
169 168 142 -1
170 169 160 0
171 1 5 -1
172 171 24 -1
173 172 64 -1
174 173 65 -1
175 174 70 -1
176 175 152 1
177 12 31 -1
178 177 35 -1
179 178 39 -1
180 179 54 -1
181 180 119 -1
182 181 132 -1
183 182 162 2
184 67 76 -1
185 184 125 -1
186 185 150 3
187 43 74 -1
188 187 77 -1
189 188 117 -1
190 189 162 -1
191 190 163 4
192 8 25 -1
193 192 126 -1
194 193 139 -1
195 194 141 5
196 13 28 -1
197 196 46 -1
198 197 87 -1
199 198 107 -1
200 199 121 -1
201 200 165 6
202 9 35 -1
203 202 57 -1
204 203 65 -1
205 204 80 -1
206 205 94 -1
207 206 114 7
208 19 81 -1
209 208 91 -1
210 209 92 -1
211 210 93 -1
212 211 99 8
213 26 70 -1
214 213 73 -1
215 214 86 -1
216 215 155 -1
217 216 160 9
218 63 69 -1
219 218 83 -1
220 219 120 -1
221 220 158 10
222 16 65 -1
223 222 106 -1
224 223 149 -1
225 224 153 11
226 24 48 -1
227 226 60 -1
228 227 92 -1
229 228 144 -1
230 229 154 12
231 4 19 -1
232 231 22 -1
233 232 71 -1
234 233 90 -1
235 234 100 -1
236 235 143 13
237 17 51 -1
238 237 66 -1
239 238 87 -1
240 239 89 -1
241 240 143 14
242 22 37 -1
243 242 68 -1
244 243 127 -1
245 244 152 15
246 2 24 -1
247 246 40 -1
248 247 41 -1
249 248 45 -1
250 249 49 -1
251 250 146 -1
252 251 155 16
253 36 71 -1
254 253 116 -1
255 254 134 -1
256 255 145 17
257 77 139 -1
258 257 157 18
259 4 44 -1
260 259 51 -1
261 260 141 -1
262 261 144 19
263 0 29 -1
264 263 79 -1
265 264 85 -1
266 265 120 -1
267 266 151 20
268 6 21 -1
269 268 58 -1
270 269 103 -1
271 270 153 21
272 6 16 -1
273 272 40 -1
274 273 53 -1
275 274 73 -1
276 275 79 -1
277 276 161 22
278 20 93 -1
279 278 95 -1
280 279 109 -1
281 280 115 -1
282 281 147 23
283 6 50 -1
284 283 86 -1
285 284 101 -1
286 285 125 -1
287 286 145 24
288 1 11 -1
289 288 12 -1
290 289 25 -1
291 290 46 -1
292 291 75 -1
293 292 82 -1
294 293 86 25
295 50 52 -1
296 295 73 -1
297 296 124 -1
298 297 159 26
299 32 44 -1
300 299 61 -1
301 300 76 -1
302 301 159 27
303 98 105 -1
304 303 124 -1
305 304 126 28
306 8 24 -1
307 306 66 -1
308 307 117 -1
309 308 135 29
310 9 56 -1
311 310 83 -1
312 311 104 -1
313 312 122 -1
314 313 142 30
315 15 34 -1
316 315 76 -1
317 316 146 -1
318 317 158 31
319 30 47 -1
320 319 59 -1
321 320 78 -1
322 321 136 -1
323 322 154 32
324 107 150 -1
325 324 156 33
326 2 28 -1
327 326 66 -1
328 327 116 -1
329 328 147 -1
330 329 157 34
331 10 74 -1
332 331 97 -1
333 332 100 -1
334 333 132 35
335 44 55 -1
336 335 80 -1
337 336 84 -1
338 337 97 -1
339 338 131 36
340 17 37 -1
341 340 58 -1
342 341 64 -1
343 342 96 -1
344 343 100 37
345 36 85 -1
346 345 92 -1
347 346 102 -1
348 347 111 -1
349 348 128 38
350 19 59 -1
351 350 73 -1
352 351 97 -1
353 352 129 -1
354 353 149 39
355 46 110 -1
356 355 134 -1
357 356 164 40
358 1 43 -1
359 358 89 -1
360 359 93 -1
361 360 119 -1
362 361 137 -1
363 362 138 41
364 4 78 -1
365 364 107 -1
366 365 164 42
367 17 41 -1
368 367 53 -1
369 368 59 -1
370 369 62 -1
371 370 123 -1
372 371 151 43
373 17 32 -1
374 373 68 -1
375 374 83 -1
376 375 121 -1
377 376 148 44
378 57 69 -1
379 378 90 -1
380 379 104 -1
381 380 128 45
382 8 27 -1
383 382 29 -1
384 383 40 -1
385 384 88 -1
386 385 138 -1
387 386 140 46
388 27 56 -1
389 388 73 -1
390 389 84 -1
391 390 95 -1
392 391 102 47
393 33 49 -1
394 393 56 -1
395 394 61 -1
396 395 69 -1
397 396 72 -1
398 397 137 48
399 0 50 -1
400 399 61 -1
401 400 115 -1
402 401 122 -1
403 402 156 49
404 1 4 -1
405 404 10 -1
406 405 16 -1
407 406 114 -1
408 407 136 -1
409 408 163 50
410 0 30 -1
411 410 56 -1
412 411 127 -1
413 412 135 51
414 67 86 -1
415 414 104 -1
416 415 123 -1
417 416 165 52
418 37 42 -1
419 418 43 -1
420 419 76 -1
421 420 108 -1
422 421 140 53
423 15 64 -1
424 423 83 -1
425 424 88 -1
426 425 129 -1
427 426 161 54
428 29 45 -1
429 428 59 -1
430 429 76 -1
431 430 102 -1
432 431 148 55
