58 392
58 18 50 -1
59 32 54 -1
60 23 33 -1
61 17 41 -1
62 34 43 -1
63 25 56 -1
64 12 39 -1
65 21 42 -1
66 14 57 -1
67 8 28 -1
68 1 20 -1
69 26 46 -1
70 3 39 -1
71 44 45 -1
72 4 37 -1
73 38 47 -1
74 10 32 -1
75 28 55 -1
76 34 48 -1
77 13 30 -1
78 6 40 -1
79 0 9 -1
80 16 36 -1
81 22 49 -1
82 15 48 -1
83 35 64 -1
84 29 65 -1
85 52 53 -1
86 4 5 -1
87 33 66 -1
88 3 56 -1
89 21 27 -1
90 18 19 -1
91 60 67 -1
92 8 59 -1
93 28 82 -1
94 2 59 -1
95 37 54 -1
96 23 42 -1
97 14 49 -1
98 26 31 -1
99 41 52 -1
100 8 26 -1
101 46 89 -1
102 7 78 -1
103 1 43 -1
104 63 79 -1
105 57 71 -1
106 25 58 -1
107 11 67 -1
108 17 23 -1
109 31 55 -1
110 24 73 -1
111 16 32 -1
112 28 85 -1
113 3 45 -1
114 16 44 -1
115 7 24 -1
116 74 75 -1
117 31 91 -1
118 25 44 -1
119 10 43 -1
120 11 52 -1
121 68 76 -1
122 112 12 -1
123 50 76 -1
124 38 62 -1
125 56 81 -1
126 121 58 -1
127 22 51 -1
128 21 54 -1
129 9 90 -1
130 60 111 -1
131 58 105 -1
132 20 95 -1
133 40 90 -1
134 59 68 -1
135 4 38 -1
136 6 104 -1
137 4 106 -1
138 14 69 -1
139 26 33 -1
140 34 52 -1
141 13 14 -1
142 127 12 -1
143 0 22 -1
144 46 80 -1
145 42 61 -1
146 5 53 -1
147 56 57 -1
148 13 75 -1
149 146 87 -1
150 27 83 -1
151 6 60 -1
152 29 93 -1
153 133 41 -1
154 20 63 -1
155 26 51 -1
156 41 84 -1
157 2 19 -1
158 12 68 -1
159 0 97 -1
160 40 72 -1
161 33 70 -1
162 64 86 -1
163 145 50 -1
164 2 38 -1
165 144 62 -1
166 41 56 -1
167 160 35 -1
168 25 69 -1
169 4 54 -1
170 13 15 -1
171 77 81 -1
172 48 61 -1
173 172 115 -1
174 173 125 -1
175 174 151 -1
176 175 169 0
177 50 60 -1
178 177 79 -1
179 178 88 -1
180 179 95 -1
181 180 150 1
182 2 11 -1
183 182 36 -1
184 183 79 -1
185 184 98 -1
186 185 110 -1
187 186 142 2
188 62 109 -1
189 188 128 -1
190 189 138 -1
191 190 153 3
192 5 8 -1
193 192 16 -1
194 193 18 -1
195 194 62 -1
196 195 96 -1
197 196 154 -1
198 197 170 4
199 2 46 -1
200 199 107 -1
201 200 108 -1
202 201 119 -1
203 202 162 5
204 21 23 -1
205 204 70 -1
206 205 131 -1
207 206 171 6
208 35 44 -1
209 208 58 -1
210 209 85 -1
211 210 124 -1
212 211 130 7
213 33 54 -1
214 213 81 -1
215 214 110 -1
216 215 123 -1
217 216 148 8
218 9 54 -1
219 218 84 -1
220 219 93 -1
221 220 106 -1
222 221 155 9
223 5 12 -1
224 223 17 -1
225 224 47 -1
226 225 65 -1
227 226 80 -1
228 227 118 -1
229 228 132 10
230 31 66 -1
231 230 72 -1
232 231 108 -1
233 232 120 -1
234 233 152 11
235 27 48 -1
236 235 102 -1
237 236 158 -1
238 237 165 12
239 136 140 -1
240 239 141 -1
241 240 150 13
242 11 53 -1
243 242 78 -1
244 243 100 -1
245 244 131 14
246 31 37 -1
247 246 39 -1
248 247 71 -1
249 248 102 -1
250 249 148 15
251 23 69 -1
252 251 92 -1
253 252 142 -1
254 253 147 16
255 24 27 -1
256 255 36 -1
257 256 43 -1
258 257 63 -1
259 258 74 -1
260 259 107 17
261 55 100 -1
262 261 156 -1
263 262 171 18
264 32 49 -1
265 264 51 -1
266 265 76 -1
267 266 86 -1
268 267 88 -1
269 268 99 19
270 2 28 -1
271 270 77 -1
272 271 147 -1
273 272 165 20
274 6 14 -1
275 274 38 -1
276 275 108 -1
277 276 126 21
278 13 50 -1
279 278 70 -1
280 279 100 -1
281 280 114 -1
282 281 132 22
283 25 43 -1
284 283 105 -1
285 284 111 -1
286 285 156 23
287 2 84 -1
288 287 99 -1
289 288 117 24
290 19 29 -1
291 290 124 -1
292 291 161 -1
293 292 168 25
294 0 29 -1
295 294 77 -1
296 295 96 -1
297 296 107 -1
298 297 114 26
299 42 55 -1
300 299 88 -1
301 300 102 -1
302 301 130 27
303 31 54 -1
304 303 136 -1
305 304 149 28
306 22 27 -1
307 306 35 -1
308 307 99 -1
309 308 109 -1
310 309 129 -1
311 310 141 29
312 61 63 -1
313 312 94 -1
314 313 140 -1
315 314 161 30
316 6 9 -1
317 316 45 -1
318 317 47 -1
319 318 62 -1
320 319 157 -1
321 320 163 31
322 7 88 -1
323 322 103 -1
324 323 139 -1
325 324 159 -1
326 325 164 32
327 34 125 -1
328 327 157 -1
329 328 167 -1
330 329 170 33
331 36 75 -1
332 331 78 -1
333 332 135 -1
334 333 138 -1
335 334 166 34
336 1 24 -1
337 336 104 -1
338 337 152 -1
339 338 164 35
340 22 47 -1
341 340 57 -1
342 341 83 -1
343 342 115 -1
344 343 137 36
345 27 32 -1
346 345 72 -1
347 346 80 -1
348 347 123 -1
349 348 159 37
350 19 61 -1
351 350 74 -1
352 351 82 -1
353 352 87 -1
354 353 103 38
355 42 113 -1
356 355 149 -1
357 356 153 39
358 87 92 -1
359 358 109 -1
360 359 137 40
361 9 12 -1
362 361 15 -1
363 362 21 -1
364 363 30 -1
365 364 57 -1
366 365 74 -1
367 366 120 -1
368 367 135 41
369 44 119 -1
370 369 122 -1
371 370 129 -1
372 371 169 42
373 28 35 -1
374 373 45 -1
375 374 86 -1
376 375 134 -1
377 376 168 43
378 36 52 -1
379 378 70 -1
380 379 116 -1
381 380 118 -1
382 381 143 44
383 1 18 -1
384 383 37 -1
385 384 101 -1
386 385 110 -1
387 386 151 45
388 39 49 -1
389 388 98 -1
390 389 163 -1
391 390 167 46
392 34 47 -1
393 392 72 -1
394 393 85 -1
395 394 116 -1
396 395 155 47
397 15 73 -1
398 397 77 -1
399 398 113 -1
400 399 117 48
401 17 18 -1
402 401 27 -1
403 402 51 -1
404 403 71 -1
405 404 91 -1
406 405 103 49
407 22 94 -1
408 407 139 -1
409 408 162 -1
410 409 166 50
411 3 13 -1
412 411 24 -1
413 412 25 -1
414 413 61 -1
415 414 101 -1
416 415 158 51
417 3 19 -1
418 417 36 -1
419 418 55 -1
420 419 96 -1
421 420 97 -1
422 421 134 52
423 3 14 -1
424 423 30 -1
425 424 35 -1
426 425 42 -1
427 426 122 -1
428 427 154 53
429 16 39 -1
430 429 51 -1
431 430 65 -1
432 431 66 -1
433 432 73 -1
434 433 94 54
435 2 5 -1
436 435 29 -1
437 436 101 -1
438 437 126 55
439 20 38 -1
440 439 45 -1
441 440 80 -1
442 441 83 -1
443 442 98 -1
444 443 128 56
445 47 61 -1
446 445 64 -1
447 446 89 -1
448 447 92 -1
449 448 143 57
