32 197
32 17 31 -1
33 12 23 -1
34 21 27 -1
35 24 26 -1
36 3 9 -1
37 7 29 -1
38 8 15 -1
39 25 30 -1
40 10 16 -1
41 6 22 -1
42 20 28 -1
43 18 32 -1
44 0 34 -1
45 4 19 -1
46 2 11 -1
47 35 36 -1
48 1 14 -1
49 15 40 -1
50 13 33 -1
51 31 39 -1
52 18 21 -1
53 42 43 -1
54 41 52 -1
55 0 7 -1
56 37 43 -1
57 1 12 -1
58 29 33 -1
59 14 25 -1
60 30 45 -1
61 24 27 -1
62 34 57 -1
63 36 38 -1
64 5 17 -1
65 5 51 -1
66 20 50 -1
67 3 40 -1
68 9 16 -1
69 22 47 -1
70 13 35 -1
71 23 31 -1
72 19 61 -1
73 8 53 -1
74 26 56 -1
75 17 37 -1
76 46 69 -1
77 8 32 -1
78 2 23 -1
79 2 47 -1
80 5 26 -1
81 1 44 -1
82 9 28 -1
83 72 68 -1
84 82 4 -1
85 13 14 -1
86 38 45 -1
87 38 48 -1
88 49 70 -1
89 42 46 -1
90 11 58 -1
91 85 21 -1
92 50 54 -1
93 23 64 -1
94 6 44 -1
95 6 28 -1
96 79 58 -1
97 29 41 -1
98 11 41 -1
99 38 39 -1
100 24 65 -1
101 92 17 -1
102 89 18 -1
103 83 55 -1
104 39 53 -1
105 27 66 -1
106 8 14 -1
107 106 51 -1
108 107 98 -1
109 108 103 0
110 15 16 -1
111 110 26 -1
112 111 51 -1
113 112 81 -1
114 113 102 1
115 10 34 -1
116 115 74 -1
117 116 78 -1
118 117 87 2
119 0 49 -1
120 119 57 -1
121 120 74 -1
122 121 84 3
123 37 54 -1
124 123 86 -1
125 124 100 4
126 1 6 -1
127 126 19 -1
128 127 49 -1
129 128 78 -1
130 129 104 5
131 1 3 -1
132 131 52 -1
133 132 55 -1
134 133 66 -1
135 134 100 6
136 7 8 -1
137 136 30 -1
138 137 48 -1
139 138 54 -1
140 139 67 -1
141 140 93 7
142 3 14 -1
143 142 73 -1
144 143 80 -1
145 144 97 8
146 33 34 -1
147 146 60 -1
148 147 67 -1
149 148 75 9
150 37 88 -1
151 150 102 10
152 56 60 -1
153 152 68 -1
154 153 91 11
155 44 47 -1
156 155 49 -1
157 156 97 12
158 11 62 -1
159 158 64 -1
160 159 88 13
161 20 65 -1
162 161 96 14
163 21 42 -1
164 163 48 -1
165 164 69 -1
166 165 77 15
167 25 56 -1
168 167 61 -1
169 168 63 -1
170 169 95 16
171 19 27 -1
172 171 40 -1
173 172 73 -1
174 173 90 17
175 10 13 -1
176 175 30 -1
177 176 62 -1
178 177 76 18
179 0 26 -1
180 179 36 -1
181 180 59 -1
182 181 75 -1
183 182 105 19
184 32 67 -1
185 184 99 -1
186 185 105 20
187 45 48 -1
188 187 55 -1
189 188 101 21
190 10 12 -1
191 190 35 -1
192 191 98 -1
193 192 104 22
194 30 37 -1
195 194 42 -1
196 195 63 -1
197 196 71 -1
198 197 91 23
199 10 22 -1
200 199 70 -1
201 200 71 -1
202 201 81 -1
203 202 84 24
204 46 99 -1
205 204 101 25
206 22 28 -1
207 206 46 -1
208 207 62 -1
209 208 63 -1
210 209 80 26
211 2 10 -1
212 211 20 -1
213 212 33 -1
214 213 59 -1
215 214 77 -1
216 215 94 27
217 59 86 -1
218 217 96 28
219 12 87 -1
220 219 95 -1
221 220 103 29
222 19 44 -1
223 222 76 -1
224 223 93 30
225 26 32 -1
226 225 60 -1
227 226 90 -1
228 227 94 31
