34 221
34 9 15 -1
35 17 29 -1
36 12 22 -1
37 1 33 -1
38 23 32 -1
39 8 30 -1
40 16 25 -1
41 2 10 -1
42 3 28 -1
43 14 19 -1
44 6 26 -1
45 7 20 -1
46 18 36 -1
47 0 13 -1
48 24 35 -1
49 27 44 -1
50 10 40 -1
51 5 34 -1
52 11 13 -1
53 31 37 -1
54 19 21 -1
55 29 43 -1
56 38 41 -1
57 2 34 -1
58 4 39 -1
59 5 38 -1
60 18 22 -1
61 17 31 -1
62 24 30 -1
63 11 27 -1
64 6 25 -1
65 8 33 -1
66 23 50 -1
67 28 32 -1
68 9 56 -1
69 1 42 -1
70 36 45 -1
71 15 59 -1
72 16 30 -1
73 9 48 -1
74 37 47 -1
75 40 49 -1
76 3 12 -1
77 33 44 -1
78 7 29 -1
79 26 71 -1
80 22 48 -1
81 18 51 -1
82 17 46 -1
83 39 53 -1
84 32 72 -1
85 19 60 -1
86 21 58 -1
87 10 49 -1
88 18 73 -1
89 16 24 -1
90 6 14 -1
91 46 66 -1
92 13 14 -1
93 40 70 -1
94 11 39 -1
95 57 67 -1
96 46 53 -1
97 75 21 -1
98 47 69 -1
99 8 15 -1
100 43 52 -1
101 31 35 -1
102 5 20 -1
103 97 52 -1
104 63 64 -1
105 4 23 -1
106 0 34 -1
107 35 54 -1
108 3 21 -1
109 108 41 -1
110 4 33 -1
111 110 42 -1
112 111 45 -1
113 112 59 -1
114 113 80 -1
115 114 90 0
116 37 57 -1
117 116 62 -1
118 117 92 -1
119 118 93 1
120 8 25 -1
121 120 26 -1
122 121 51 -1
123 122 55 -1
124 123 70 -1
125 124 105 2
126 1 14 -1
127 126 45 -1
128 127 52 -1
129 128 82 -1
130 129 95 3
131 7 11 -1
132 131 32 -1
133 132 34 -1
134 133 43 -1
135 134 74 -1
136 135 82 4
137 1 55 -1
138 137 81 -1
139 138 84 -1
140 139 87 5
141 20 47 -1
142 141 72 -1
143 142 96 -1
144 143 109 6
145 9 28 -1
146 145 65 -1
147 146 78 -1
148 147 90 -1
149 148 91 7
150 36 41 -1
151 150 42 -1
152 151 51 -1
153 152 61 -1
154 153 89 8
155 26 34 -1
156 155 39 -1
157 156 56 -1
158 157 76 -1
159 158 78 9
160 0 57 -1
161 160 83 -1
162 161 107 10
163 4 11 -1
164 163 17 -1
165 164 24 -1
166 165 54 -1
167 166 65 -1
168 167 79 11
169 12 17 -1
170 169 38 -1
171 170 47 -1
172 171 50 -1
173 172 86 12
174 12 53 -1
175 174 55 -1
176 175 66 -1
177 176 102 13
178 35 51 -1
179 178 103 14
180 22 41 -1
181 180 98 -1
182 181 101 -1
183 182 105 15
184 0 42 -1
185 184 79 -1
186 185 93 16
187 27 33 -1
188 187 55 -1
189 188 60 -1
190 189 89 -1
191 190 95 17
192 23 25 -1
193 192 27 -1
194 193 42 -1
195 194 58 -1
196 195 96 18
197 5 23 -1
198 197 29 -1
199 198 74 -1
200 199 85 -1
201 200 104 19
202 16 28 -1
203 202 49 -1
204 203 71 -1
205 204 83 20
206 25 86 -1
207 206 88 -1
208 207 92 -1
209 208 102 21
210 1 91 -1
211 210 94 -1
212 211 101 22
213 25 54 -1
214 213 80 -1
215 214 98 -1
216 215 99 23
217 22 54 -1
218 217 61 -1
219 218 62 -1
220 219 63 -1
221 220 68 24
222 32 62 -1
223 222 69 -1
224 223 103 25
225 44 45 -1
226 225 94 -1
227 226 106 -1
228 227 109 26
229 61 65 -1
230 229 85 -1
231 230 87 -1
232 231 106 27
233 45 46 -1
234 233 68 -1
235 234 100 28
236 10 37 -1
237 236 48 -1
238 237 67 -1
239 238 99 -1
240 239 104 29
241 43 50 -1
242 241 76 -1
243 242 77 -1
244 243 81 30
245 45 74 -1
246 245 84 -1
247 246 88 31
248 58 73 -1
249 248 77 -1
250 249 100 32
251 12 42 -1
252 251 64 -1
253 252 68 -1
254 253 107 33
