36 236
36 12 23 -1
37 3 18 -1
38 2 7 -1
39 27 31 -1
40 22 28 -1
41 5 37 -1
42 6 29 -1
43 11 15 -1
44 14 31 -1
45 16 17 -1
46 8 34 -1
47 13 21 -1
48 9 10 -1
49 26 39 -1
50 0 1 -1
51 32 36 -1
52 20 41 -1
53 3 22 -1
54 23 33 -1
55 30 33 -1
56 36 38 -1
57 4 8 -1
58 2 46 -1
59 24 25 -1
60 17 35 -1
61 19 29 -1
62 7 42 -1
63 47 53 -1
64 23 32 -1
65 43 50 -1
66 25 49 -1
67 5 19 -1
68 16 34 -1
69 40 45 -1
70 20 30 -1
71 32 48 -1
72 27 43 -1
73 11 24 -1
74 12 55 -1
75 0 51 -1
76 44 45 -1
77 31 56 -1
78 9 26 -1
79 30 44 -1
80 21 64 -1
81 22 33 -1
82 21 48 -1
83 48 70 -1
84 36 73 -1
85 6 50 -1
86 8 52 -1
87 12 16 -1
88 12 60 -1
89 4 6 -1
90 47 54 -1
91 28 75 -1
92 90 34 -1
93 14 68 -1
94 40 44 -1
95 0 52 -1
96 10 40 -1
97 15 57 -1
98 83 45 -1
99 9 69 -1
100 91 61 -1
101 10 41 -1
102 58 76 -1
103 42 54 -1
104 80 1 -1
105 65 66 -1
106 56 59 -1
107 104 37 -1
108 84 81 -1
109 13 20 -1
110 3 16 -1
111 5 53 -1
112 86 28 -1
113 19 63 -1
114 35 39 -1
115 1 62 -1
116 13 30 -1
117 4 18 -1
118 28 71 -1
119 6 72 -1
120 24 32 -1
121 120 74 -1
122 121 89 -1
123 122 93 -1
124 123 95 0
125 35 41 -1
126 125 61 -1
127 126 93 -1
128 127 108 1
129 15 38 -1
130 129 94 -1
131 130 103 -1
132 131 109 -1
133 132 110 2
134 2 59 -1
135 134 79 -1
136 135 85 -1
137 136 87 -1
138 137 101 3
139 10 33 -1
140 139 44 -1
141 140 60 -1
142 141 65 -1
143 142 113 4
144 15 17 -1
145 144 42 -1
146 145 106 -1
147 146 113 5
148 7 15 -1
149 148 66 -1
150 149 88 -1
151 150 112 6
152 17 27 -1
153 152 29 -1
154 153 50 -1
155 154 58 -1
156 155 73 -1
157 156 111 -1
158 157 116 7
159 0 22 -1
160 159 34 -1
161 160 38 -1
162 161 74 -1
163 162 101 -1
164 163 114 8
165 98 114 -1
166 165 115 9
167 24 37 -1
168 167 97 -1
169 168 100 10
170 11 57 -1
171 170 63 -1
172 171 87 -1
173 172 115 11
174 9 38 -1
175 174 43 -1
176 175 49 -1
177 176 57 -1
178 177 88 12
179 17 40 -1
180 179 71 -1
181 180 74 -1
182 181 119 13
183 38 54 -1
184 183 67 -1
185 184 69 -1
186 185 85 14
187 2 26 -1
188 187 67 -1
189 188 75 -1
190 189 82 -1
191 190 117 15
192 8 25 -1
193 192 56 -1
194 193 70 -1
195 194 96 -1
196 195 110 16
197 53 62 -1
198 197 105 17
199 1 2 -1
200 199 35 -1
201 200 49 -1
202 201 103 -1
203 202 118 18
204 51 62 -1
205 204 112 -1
206 205 116 19
207 38 46 -1
208 207 79 -1
209 208 100 20
210 20 43 -1
211 210 46 -1
212 211 77 -1
213 212 78 -1
214 213 89 21
215 21 35 -1
216 215 40 -1
217 216 55 -1
218 217 106 -1
219 218 117 22
220 35 57 -1
221 220 64 -1
222 221 76 -1
223 222 78 -1
224 223 111 23
225 18 20 -1
226 225 23 -1
227 226 58 -1
228 227 61 -1
229 228 72 -1
230 229 96 24
231 4 49 -1
232 231 67 -1
233 232 108 -1
234 233 109 25
235 52 60 -1
236 235 77 -1
237 236 82 26
238 10 92 -1
239 238 105 27
240 35 42 -1
241 240 46 -1
242 241 94 -1
243 242 95 28
244 11 25 -1
245 244 51 -1
246 245 55 -1
247 246 102 29
248 19 102 -1
249 248 107 30
250 21 34 -1
251 250 49 -1
252 251 52 -1
253 252 99 31
254 7 30 -1
255 254 68 -1
256 255 107 -1
257 256 119 32
258 6 38 -1
259 258 47 -1
260 259 97 -1
261 260 98 33
262 3 4 -1
263 262 11 -1
264 263 19 -1
265 264 27 -1
266 265 92 -1
267 266 118 34
268 39 47 -1
269 268 51 -1
270 269 59 -1
271 270 99 35
