38 258
38 8 19 -1
39 4 20 -1
40 9 11 -1
41 10 18 -1
42 5 26 -1
43 7 35 -1
44 16 25 -1
45 12 23 -1
46 0 17 -1
47 21 22 -1
48 3 14 -1
49 2 15 -1
50 27 28 -1
51 21 37 -1
52 1 34 -1
53 31 36 -1
54 29 32 -1
55 4 9 -1
56 6 10 -1
57 24 39 -1
58 2 38 -1
59 41 44 -1
60 18 34 -1
61 5 11 -1
62 27 43 -1
63 42 47 -1
64 7 32 -1
65 30 33 -1
66 13 36 -1
67 16 55 -1
68 19 45 -1
69 33 59 -1
70 6 46 -1
71 31 49 -1
72 25 38 -1
73 8 41 -1
74 40 53 -1
75 1 25 -1
76 39 51 -1
77 54 56 -1
78 7 17 -1
79 29 68 -1
80 3 47 -1
81 20 48 -1
82 22 37 -1
83 23 42 -1
84 21 67 -1
85 28 46 -1
86 8 16 -1
87 6 57 -1
88 48 62 -1
89 35 66 -1
90 27 79 -1
91 0 72 -1
92 12 63 -1
93 30 31 -1
94 26 35 -1
95 86 40 -1
96 12 33 -1
97 4 61 -1
98 4 13 -1
99 21 81 -1
100 37 85 -1
101 14 60 -1
102 34 38 -1
103 99 50 -1
104 8 59 -1
105 22 70 -1
106 26 74 -1
107 20 24 -1
108 87 45 -1
109 10 71 -1
110 1 19 -1
111 110 5 -1
112 89 17 -1
113 15 80 -1
114 54 58 -1
115 100 19 -1
116 53 84 -1
117 43 58 -1
118 33 43 -1
119 50 69 -1
120 18 40 -1
121 39 52 -1
122 9 60 -1
123 118 49 -1
124 61 77 -1
125 0 57 -1
126 75 76 -1
127 29 44 -1
128 127 66 -1
129 128 97 -1
130 129 102 -1
131 130 113 0
132 4 26 -1
133 132 40 -1
134 133 43 -1
135 134 48 -1
136 135 56 -1
137 136 65 -1
138 137 85 1
139 5 20 -1
140 139 64 -1
141 140 72 -1
142 141 74 -1
143 142 105 2
144 52 90 -1
145 144 93 -1
146 145 98 -1
147 146 105 3
148 6 27 -1
149 148 40 -1
150 149 54 -1
151 150 73 -1
152 151 126 4
153 0 14 -1
154 153 36 -1
155 154 114 -1
156 155 119 5
157 14 22 -1
158 157 33 -1
159 158 42 -1
160 159 75 -1
161 160 79 -1
162 161 112 6
163 3 53 -1
164 163 58 -1
165 164 69 -1
166 165 78 -1
167 166 98 7
168 26 71 -1
169 168 88 -1
170 169 126 8
171 14 18 -1
172 171 65 -1
173 172 111 -1
174 173 116 9
175 26 31 -1
176 175 103 -1
177 176 104 10
178 3 5 -1
179 178 34 -1
180 179 45 -1
181 180 67 -1
182 181 123 11
183 2 35 -1
184 183 52 -1
185 184 73 -1
186 185 116 12
187 12 13 -1
188 187 19 -1
189 188 30 -1
190 189 49 -1
191 190 80 -1
192 191 94 -1
193 192 107 13
194 17 39 -1
195 194 65 -1
196 195 83 -1
197 196 104 14
198 101 106 -1
199 198 115 15
200 24 50 -1
201 200 78 -1
202 201 82 -1
203 202 97 -1
204 203 101 16
205 7 25 -1
206 205 30 -1
207 206 66 -1
208 207 82 -1
209 208 108 17
210 1 24 -1
211 210 29 -1
212 211 46 -1
213 212 84 -1
214 213 117 18
215 11 34 -1
216 215 51 -1
217 216 68 -1
218 217 119 19
219 10 13 -1
220 219 17 -1
221 220 23 -1
222 221 31 -1
223 222 38 -1
224 223 62 -1
225 224 121 20
226 41 64 -1
227 226 108 -1
228 227 113 21
229 30 36 -1
230 229 83 -1
231 230 103 -1
232 231 122 22
233 77 106 -1
234 233 117 23
235 62 70 -1
236 235 73 -1
237 236 92 24
238 90 94 -1
239 238 122 -1
240 239 125 25
241 2 19 -1
242 241 32 -1
243 242 63 -1
244 243 120 -1
245 244 125 26
246 20 37 -1
247 246 45 -1
248 247 78 -1
249 248 95 -1
250 249 109 27
251 11 26 -1
252 251 44 -1
253 252 57 -1
254 253 82 -1
255 254 114 28
256 23 76 -1
257 256 95 -1
258 257 123 29
259 51 52 -1
260 259 64 -1
261 260 65 -1
262 261 91 -1
263 262 107 30
264 51 96 -1
265 264 112 -1
266 265 124 31
267 55 83 -1
268 267 109 -1
269 268 115 32
270 37 42 -1
271 270 50 -1
272 271 91 -1
273 272 96 -1
274 273 120 33
275 12 25 -1
276 275 48 -1
277 276 121 -1
278 277 124 34
279 15 28 -1
280 279 64 -1
281 280 92 -1
282 281 93 -1
283 282 102 35
284 6 7 -1
285 284 11 -1
286 285 15 -1
287 286 16 -1
288 287 52 -1
289 288 63 -1
290 289 81 36
291 9 24 -1
292 291 44 -1
293 292 56 -1
294 293 88 -1
295 294 111 37
