40 272
40 28 36 -1
41 0 38 -1
42 33 34 -1
43 4 31 -1
44 18 25 -1
45 12 21 -1
46 11 27 -1
47 17 23 -1
48 2 5 -1
49 7 39 -1
50 26 28 -1
51 22 32 -1
52 10 37 -1
53 29 35 -1
54 3 9 -1
55 1 48 -1
56 16 30 -1
57 15 20 -1
58 19 40 -1
59 13 14 -1
60 6 27 -1
61 0 49 -1
62 21 26 -1
63 19 41 -1
64 11 22 -1
65 44 60 -1
66 31 35 -1
67 36 55 -1
68 5 39 -1
69 6 34 -1
70 9 32 -1
71 1 14 -1
72 42 47 -1
73 38 46 -1
74 7 18 -1
75 15 65 -1
76 52 70 -1
77 41 50 -1
78 12 24 -1
79 0 11 -1
80 2 58 -1
81 20 43 -1
82 25 37 -1
83 8 71 -1
84 24 41 -1
85 4 42 -1
86 16 61 -1
87 13 43 -1
88 23 76 -1
89 33 36 -1
90 40 75 -1
91 19 50 -1
92 4 78 -1
93 16 21 -1
94 49 51 -1
95 9 10 -1
96 25 80 -1
97 26 68 -1
98 2 64 -1
99 40 47 -1
100 31 77 -1
101 39 52 -1
102 19 62 -1
103 44 51 -1
104 15 29 -1
105 103 17 -1
106 8 50 -1
107 10 69 -1
108 53 67 -1
109 26 42 -1
110 34 59 -1
111 99 35 -1
112 33 83 -1
113 3 72 -1
114 59 69 -1
115 1 66 -1
116 13 82 -1
117 56 87 -1
118 54 67 -1
119 23 57 -1
120 46 54 -1
121 28 81 -1
122 46 57 -1
123 12 44 -1
124 45 63 -1
125 7 51 -1
126 14 84 -1
127 4 45 -1
128 23 53 -1
129 20 53 -1
130 109 43 -1
131 5 7 -1
132 47 56 -1
133 38 48 -1
134 133 92 -1
135 134 94 -1
136 135 95 -1
137 136 106 0
138 45 48 -1
139 138 54 -1
140 139 82 -1
141 140 100 -1
142 141 104 1
143 1 6 -1
144 143 24 -1
145 144 57 -1
146 145 74 -1
147 146 98 -1
148 147 113 2
149 31 45 -1
150 149 86 -1
151 150 95 -1
152 151 108 3
153 32 47 -1
154 153 102 -1
155 154 107 -1
156 155 118 4
157 6 18 -1
158 157 33 -1
159 158 55 -1
160 159 86 -1
161 160 111 5
162 12 64 -1
163 162 83 -1
164 163 86 -1
165 164 96 6
166 2 15 -1
167 166 27 -1
168 167 37 -1
169 168 38 -1
170 169 62 -1
171 170 66 -1
172 171 110 -1
173 172 125 7
174 62 96 -1
175 174 113 -1
176 175 129 8
177 2 63 -1
178 177 89 -1
179 178 104 -1
180 179 123 -1
181 180 132 9
182 36 79 -1
183 182 97 -1
184 183 114 -1
185 184 123 10
186 10 49 -1
187 186 93 -1
188 187 121 -1
189 188 126 11
190 44 56 -1
191 190 100 -1
192 191 122 12
193 30 45 -1
194 193 66 -1
195 194 88 -1
196 195 97 13
197 8 18 -1
198 197 80 -1
199 198 101 -1
200 199 122 14
201 23 34 -1
202 201 74 -1
203 202 81 -1
204 203 118 15
205 49 84 -1
206 205 89 -1
207 206 115 -1
208 207 116 16
209 21 33 -1
210 209 37 -1
211 210 63 -1
212 211 120 -1
213 212 129 17
214 105 112 -1
215 214 121 18
216 17 46 -1
217 216 58 -1
218 217 76 -1
219 218 110 19
220 17 33 -1
221 220 70 -1
222 221 74 -1
223 222 102 -1
224 223 117 20
225 5 9 -1
226 225 11 -1
227 226 15 -1
228 227 91 -1
229 228 92 -1
230 229 112 21
231 8 68 -1
232 231 85 -1
233 232 93 -1
234 233 116 -1
235 234 119 22
236 58 73 -1
237 236 85 -1
238 237 88 23
239 7 17 -1
240 239 24 -1
241 240 29 -1
242 241 31 -1
243 242 54 -1
244 243 90 24
245 1 25 -1
246 245 29 -1
247 246 40 -1
248 247 52 -1
249 248 114 -1
250 249 119 25
251 15 25 -1
252 251 30 -1
253 252 43 -1
254 253 59 -1
255 254 68 -1
256 255 111 26
257 50 53 -1
258 257 56 -1
259 258 73 -1
260 259 107 -1
261 260 131 27
262 71 72 -1
263 262 124 -1
264 263 125 28
265 3 18 -1
266 265 34 -1
267 266 36 -1
268 267 38 -1
269 268 64 -1
270 269 127 -1
271 270 132 29
272 3 13 -1
273 272 35 -1
274 273 42 -1
275 274 45 -1
276 275 73 -1
277 276 94 30
278 30 77 -1
279 278 87 -1
280 279 98 -1
281 280 128 31
282 15 22 -1
283 282 45 -1
284 283 55 -1
285 284 106 -1
286 285 120 32
287 79 101 -1
288 287 108 -1
289 288 127 33
290 3 79 -1
291 290 91 -1
292 291 105 -1
293 292 115 34
294 1 60 -1
295 294 72 -1
296 295 78 -1
297 296 117 35
298 6 29 -1
299 298 46 -1
300 299 124 -1
301 300 130 36
302 32 61 -1
303 302 90 -1
304 303 128 37
305 51 52 -1
306 305 75 -1
307 306 130 38
308 22 65 -1
309 308 85 -1
310 309 126 -1
311 310 131 39
