42 293
42 7 12 -1
43 10 11 -1
44 4 34 -1
45 3 8 -1
46 17 37 -1
47 13 26 -1
48 15 25 -1
49 32 35 -1
50 21 28 -1
51 19 29 -1
52 9 38 -1
53 6 39 -1
54 24 31 -1
55 30 45 -1
56 22 33 -1
57 14 20 -1
58 0 41 -1
59 31 38 -1
60 18 42 -1
61 14 44 -1
62 5 17 -1
63 13 23 -1
64 7 43 -1
65 27 39 -1
66 27 29 -1
67 47 48 -1
68 5 59 -1
69 16 52 -1
70 1 50 -1
71 11 21 -1
72 24 49 -1
73 40 51 -1
74 25 54 -1
75 17 32 -1
76 40 53 -1
77 9 58 -1
78 36 67 -1
79 18 23 -1
80 30 34 -1
81 12 46 -1
82 12 26 -1
83 8 33 -1
84 2 19 -1
85 0 6 -1
86 4 66 -1
87 46 65 -1
88 1 3 -1
89 49 61 -1
90 41 42 -1
91 18 20 -1
92 26 57 -1
93 39 52 -1
94 37 53 -1
95 45 89 -1
96 54 81 -1
97 34 74 -1
98 16 20 -1
99 24 70 -1
100 4 16 -1
101 35 80 -1
102 17 47 -1
103 1 13 -1
104 8 62 -1
105 22 28 -1
106 33 71 -1
107 21 40 -1
108 30 75 -1
109 32 50 -1
110 0 48 -1
111 72 76 -1
112 41 84 -1
113 21 36 -1
114 58 94 -1
115 38 43 -1
116 15 55 -1
117 4 19 -1
118 28 36 -1
119 0 15 -1
120 43 82 -1
121 46 51 -1
122 113 60 -1
123 122 88 -1
124 104 10 -1
125 57 63 -1
126 23 56 -1
127 44 91 -1
128 55 92 -1
129 56 69 -1
130 64 86 -1
131 3 47 -1
132 8 44 -1
133 11 59 -1
134 133 87 -1
135 134 118 -1
136 135 128 0
137 23 25 -1
138 137 49 -1
139 138 53 -1
140 139 70 -1
141 140 130 1
142 1 39 -1
143 142 44 -1
144 143 73 -1
145 144 102 -1
146 145 106 -1
147 146 119 2
148 25 26 -1
149 148 33 -1
150 149 72 -1
151 150 87 -1
152 151 100 -1
153 152 112 3
154 24 42 -1
155 154 55 -1
156 155 69 -1
157 156 106 -1
158 157 110 4
159 5 60 -1
160 159 87 -1
161 160 97 -1
162 161 131 5
163 38 60 -1
164 163 111 -1
165 164 117 -1
166 165 126 6
167 40 42 -1
168 167 70 -1
169 168 98 -1
170 169 101 -1
171 170 124 7
172 2 48 -1
173 172 66 -1
174 173 103 -1
175 174 108 -1
176 175 129 8
177 20 40 -1
178 177 50 -1
179 178 77 -1
180 179 97 -1
181 180 120 9
182 20 30 -1
183 182 47 -1
184 183 71 -1
185 184 93 -1
186 185 121 10
187 0 35 -1
188 187 45 -1
189 188 68 -1
190 189 117 -1
191 190 120 11
192 2 27 -1
193 192 79 -1
194 193 110 -1
195 194 111 12
196 16 46 -1
197 196 68 -1
198 197 79 -1
199 198 80 -1
200 199 131 13
201 9 18 -1
202 201 25 -1
203 202 51 -1
204 203 61 -1
205 204 102 -1
206 205 105 14
207 28 72 -1
208 207 124 -1
209 208 129 15
210 78 88 -1
211 210 93 -1
212 211 112 16
213 30 53 -1
214 213 74 -1
215 214 123 17
216 6 29 -1
217 216 96 -1
218 217 100 -1
219 218 116 18
220 5 8 -1
221 220 27 -1
222 221 31 -1
223 222 61 -1
224 223 67 -1
225 224 107 19
226 6 77 -1
227 226 83 -1
228 227 121 -1
229 228 125 20
230 11 54 -1
231 230 73 -1
232 231 83 -1
233 232 90 -1
234 233 92 21
235 32 62 -1
236 235 123 -1
237 236 125 22
238 1 33 -1
239 238 68 -1
240 239 82 -1
241 240 95 23
242 7 10 -1
243 242 27 -1
244 243 52 -1
245 244 63 -1
246 245 85 -1
247 246 89 24
248 28 31 -1
249 248 37 -1
250 249 43 -1
251 250 45 -1
252 251 73 -1
253 252 98 -1
254 253 103 25
255 14 65 -1
256 255 73 -1
257 256 77 -1
258 257 108 -1
259 258 118 26
260 16 21 -1
261 260 43 -1
262 261 63 -1
263 262 86 -1
264 263 114 27
265 18 56 -1
266 265 57 -1
267 266 99 -1
268 267 115 -1
269 268 119 28
270 14 37 -1
271 270 42 -1
272 271 51 -1
273 272 68 -1
274 273 85 -1
275 274 109 29
276 4 50 -1
277 276 79 -1
278 277 93 -1
279 278 128 30
280 69 71 -1
281 280 83 -1
282 281 94 -1
283 282 127 31
284 7 11 -1
285 284 56 -1
286 285 78 -1
287 286 114 32
288 14 18 -1
289 288 33 -1
290 289 35 -1
291 290 50 -1
292 291 62 -1
293 292 130 33
294 22 27 -1
295 294 62 -1
296 295 90 -1
297 296 115 -1
298 297 116 34
299 26 30 -1
300 299 32 -1
301 300 48 -1
302 301 54 -1
303 302 64 -1
304 303 91 -1
305 304 105 35
306 10 22 -1
307 306 29 -1
308 307 34 -1
309 308 55 -1
310 309 60 -1
311 310 99 36
312 21 48 -1
313 312 81 -1
314 313 85 -1
315 314 101 -1
316 315 126 37
317 9 15 -1
318 317 29 -1
319 318 64 -1
320 319 75 -1
321 320 76 -1
322 321 132 38
323 36 84 -1
324 323 96 -1
325 324 109 -1
326 325 132 39
327 46 90 -1
328 327 95 -1
329 328 107 40
330 6 17 -1
331 330 21 -1
332 331 49 -1
333 332 78 -1
334 333 127 41
