44 302
44 25 41 -1
45 0 8 -1
46 5 20 -1
47 24 27 -1
48 4 35 -1
49 29 38 -1
50 11 12 -1
51 31 39 -1
52 18 22 -1
53 3 43 -1
54 21 28 -1
55 7 15 -1
56 9 10 -1
57 26 40 -1
58 16 23 -1
59 10 33 -1
60 17 19 -1
61 13 37 -1
62 2 7 -1
63 21 44 -1
64 40 45 -1
65 40 46 -1
66 30 33 -1
67 20 36 -1
68 51 55 -1
69 43 52 -1
70 3 14 -1
71 17 37 -1
72 44 47 -1
73 16 35 -1
74 6 48 -1
75 19 42 -1
76 29 53 -1
77 1 24 -1
78 0 22 -1
79 32 34 -1
80 24 55 -1
81 26 28 -1
82 6 30 -1
83 49 50 -1
84 12 14 -1
85 66 71 -1
86 18 25 -1
87 5 54 -1
88 2 48 -1
89 59 65 -1
90 8 42 -1
91 39 63 -1
92 16 60 -1
93 9 13 -1
94 49 70 -1
95 27 36 -1
96 11 62 -1
97 14 67 -1
98 46 58 -1
99 25 45 -1
100 57 79 -1
101 52 61 -1
102 30 73 -1
103 12 47 -1
104 4 86 -1
105 10 13 -1
106 0 5 -1
107 28 56 -1
108 58 78 -1
109 32 50 -1
110 74 81 -1
111 9 63 -1
112 23 43 -1
113 8 41 -1
114 17 68 -1
115 2 36 -1
116 51 84 -1
117 31 93 -1
118 6 21 -1
119 41 73 -1
120 16 18 -1
121 20 50 -1
122 23 61 -1
123 56 62 -1
124 117 3 -1
125 5 99 -1
126 37 77 -1
127 87 95 -1
128 1 29 -1
129 43 60 -1
130 19 33 -1
131 12 48 -1
132 53 64 -1
133 3 26 -1
134 82 98 -1
135 24 69 -1
136 15 75 -1
137 49 65 -1
138 119 54 -1
139 42 76 -1
140 47 96 -1
141 108 59 -1
142 15 53 -1
143 22 94 -1
144 10 28 -1
145 144 32 -1
146 145 38 -1
147 146 72 -1
148 147 84 -1
149 148 132 0
150 26 31 -1
151 150 71 -1
152 151 74 -1
153 152 83 -1
154 153 135 1
155 47 64 -1
156 155 68 -1
157 156 94 -1
158 157 120 2
159 46 80 -1
160 159 83 -1
161 160 92 -1
162 161 107 3
163 27 38 -1
164 163 86 -1
165 164 114 -1
166 165 134 4
167 32 37 -1
168 167 96 -1
169 168 138 -1
170 169 143 5
171 11 76 -1
172 171 77 -1
173 172 79 -1
174 173 101 -1
175 174 102 6
176 4 31 -1
177 176 85 -1
178 177 109 -1
179 178 112 -1
180 179 125 7
181 23 89 -1
182 181 113 -1
183 182 128 -1
184 183 140 8
185 14 45 -1
186 185 56 -1
187 186 101 -1
188 187 121 -1
189 188 136 9
190 32 36 -1
191 190 80 -1
192 191 118 -1
193 192 129 -1
194 193 137 10
195 12 30 -1
196 195 42 -1
197 196 54 -1
198 197 99 -1
199 198 114 11
200 7 18 -1
201 200 33 -1
202 201 38 -1
203 202 45 -1
204 203 111 -1
205 204 129 12
206 5 58 -1
207 206 115 -1
208 207 126 -1
209 208 132 13
210 31 75 -1
211 210 89 -1
212 211 138 14
213 1 3 -1
214 213 90 -1
215 214 110 -1
216 215 123 15
217 0 1 -1
218 217 10 -1
219 218 44 -1
220 219 57 -1
221 220 68 -1
222 221 115 16
223 69 81 -1
224 223 97 -1
225 224 126 -1
226 225 130 17
227 68 103 -1
228 227 141 18
229 56 61 -1
230 229 91 -1
231 230 102 -1
232 231 106 19
233 32 59 -1
234 233 76 -1
235 234 91 -1
236 235 97 20
237 60 87 -1
238 237 103 -1
239 238 122 -1
240 239 133 21
241 6 67 -1
242 241 72 -1
243 242 90 -1
244 243 92 -1
245 244 105 22
246 41 70 -1
247 246 127 -1
248 247 141 23
249 8 15 -1
250 249 52 -1
251 250 67 -1
252 251 82 -1
253 252 100 -1
254 253 128 24
255 9 20 -1
256 255 42 -1
257 256 72 -1
258 257 110 -1
259 258 112 25
260 9 21 -1
261 260 29 -1
262 261 64 -1
263 262 77 -1
264 263 88 -1
265 264 92 26
266 10 25 -1
267 266 78 -1
268 267 83 -1
269 268 88 -1
270 269 136 27
271 39 89 -1
272 271 131 -1
273 272 143 28
274 4 17 -1
275 274 26 -1
276 275 44 -1
277 276 93 -1
278 277 116 -1
279 278 142 29
280 35 38 -1
281 280 51 -1
282 281 56 -1
283 282 113 -1
284 283 118 -1
285 284 135 30
286 0 2 -1
287 286 111 -1
288 287 133 -1
289 288 134 31
290 50 54 -1
291 290 57 -1
292 291 78 -1
293 292 97 -1
294 293 122 32
295 2 29 -1
296 295 39 -1
297 296 72 -1
298 297 75 -1
299 298 107 -1
300 299 120 33
301 23 34 -1
302 301 49 -1
303 302 85 -1
304 303 90 -1
305 304 91 34
306 13 34 -1
307 306 64 -1
308 307 95 -1
309 308 104 -1
310 309 123 35
311 66 127 -1
312 311 131 -1
313 312 139 36
314 27 41 -1
315 314 52 -1
316 315 57 -1
317 316 105 -1
318 317 106 -1
319 318 139 37
320 16 41 -1
321 320 69 -1
322 321 79 -1
323 322 85 -1
324 323 121 38
325 57 74 -1
326 325 125 -1
327 326 140 39
328 11 22 -1
329 328 57 -1
330 329 80 -1
331 330 88 -1
332 331 124 40
333 18 21 -1
334 333 66 -1
335 334 98 -1
336 335 109 -1
337 336 142 41
338 19 35 -1
339 338 46 -1
340 339 54 -1
341 340 100 -1
342 341 124 42
343 104 116 -1
344 343 130 -1
345 344 137 43
