46 329
46 4 17 -1
47 29 33 -1
48 39 42 -1
49 20 32 -1
50 6 30 -1
51 2 23 -1
52 18 27 -1
53 15 40 -1
54 3 7 -1
55 26 36 -1
56 5 21 -1
57 1 41 -1
58 28 35 -1
59 23 37 -1
60 9 12 -1
61 45 47 -1
62 11 16 -1
63 4 27 -1
64 0 10 -1
65 17 52 -1
66 22 23 -1
67 33 50 -1
68 31 34 -1
69 46 49 -1
70 13 55 -1
71 6 58 -1
72 25 42 -1
73 9 54 -1
74 24 28 -1
75 3 44 -1
76 18 34 -1
77 29 32 -1
78 11 38 -1
79 8 53 -1
80 14 44 -1
81 13 43 -1
82 6 12 -1
83 27 57 -1
84 24 51 -1
85 7 20 -1
86 35 59 -1
87 47 48 -1
88 0 45 -1
89 43 46 -1
90 2 41 -1
91 20 50 -1
92 60 66 -1
93 19 38 -1
94 16 51 -1
95 21 53 -1
96 45 48 -1
97 39 61 -1
98 25 73 -1
99 7 64 -1
100 18 25 -1
101 48 71 -1
102 15 55 -1
103 26 56 -1
104 8 41 -1
105 19 30 -1
106 9 10 -1
107 28 41 -1
108 36 96 -1
109 26 68 -1
110 5 10 -1
111 107 22 -1
112 39 76 -1
113 12 69 -1
114 31 40 -1
115 62 81 -1
116 21 46 -1
117 17 87 -1
118 31 80 -1
119 40 84 -1
120 2 74 -1
121 1 68 -1
122 55 95 -1
123 57 59 -1
124 69 83 -1
125 65 85 -1
126 38 44 -1
127 77 78 -1
128 126 33 -1
129 35 72 -1
130 111 30 -1
131 26 88 -1
132 1 56 -1
133 16 67 -1
134 49 93 -1
135 11 37 -1
136 123 106 -1
137 42 62 -1
138 4 12 -1
139 3 31 -1
140 121 54 -1
141 57 66 -1
142 36 97 -1
143 110 63 -1
144 32 79 -1
145 32 36 -1
146 5 92 -1
147 124 14 -1
148 77 94 -1
149 22 64 -1
150 13 23 -1
151 150 62 -1
152 151 82 -1
153 152 100 -1
154 153 117 -1
155 154 145 0
156 12 48 -1
157 156 63 -1
158 157 115 -1
159 158 139 -1
160 159 144 1
161 15 52 -1
162 161 72 -1
163 162 74 -1
164 163 91 -1
165 164 116 -1
166 165 135 2
167 9 33 -1
168 167 78 -1
169 168 89 -1
170 169 99 -1
171 170 101 3
172 27 34 -1
173 172 37 -1
174 173 43 -1
175 174 95 -1
176 175 98 -1
177 176 130 4
178 98 112 -1
179 178 141 -1
180 179 144 5
181 5 15 -1
182 181 45 -1
183 182 138 -1
184 183 140 -1
185 184 148 6
186 4 52 -1
187 186 101 -1
188 187 114 -1
189 188 146 7
190 16 33 -1
191 190 43 -1
192 191 75 -1
193 192 109 -1
194 193 129 -1
195 194 143 8
196 37 50 -1
197 196 108 -1
198 197 147 9
199 94 105 -1
200 199 125 -1
201 200 142 10
202 29 60 -1
203 202 80 -1
204 203 109 -1
205 204 125 11
206 0 14 -1
207 206 15 -1
208 207 92 -1
209 208 127 -1
210 209 139 12
211 70 99 -1
212 211 100 -1
213 212 146 13
214 35 36 -1
215 214 67 -1
216 215 100 -1
217 216 116 -1
218 217 118 14
219 5 17 -1
220 219 30 -1
221 220 38 -1
222 221 72 -1
223 222 81 -1
224 223 86 -1
225 224 145 15
226 4 13 -1
227 226 45 -1
228 227 112 -1
229 228 120 -1
230 229 133 16
231 1 5 -1
232 231 9 -1
233 232 19 -1
234 233 40 -1
235 234 117 -1
236 235 120 17
237 2 29 -1
238 237 44 -1
239 238 93 -1
240 239 129 -1
241 240 138 -1
242 241 149 18
243 27 59 -1
244 243 108 -1
245 244 128 -1
246 245 132 19
247 76 80 -1
248 247 132 -1
249 248 137 -1
250 249 149 20
251 1 6 -1
252 251 44 -1
253 252 51 -1
254 253 65 -1
255 254 79 -1
256 255 135 21
257 35 65 -1
258 257 82 -1
259 258 99 -1
260 259 103 -1
261 260 104 22
262 3 12 -1
263 262 20 -1
264 263 25 -1
265 264 38 -1
266 265 39 -1
267 266 47 -1
268 267 70 -1
269 268 83 23
270 17 34 -1
271 270 45 -1
272 271 62 -1
273 272 102 -1
274 273 136 24
275 1 14 -1
276 275 17 -1
277 276 20 -1
278 277 61 -1
279 278 82 -1
280 279 122 25
281 67 85 -1
282 281 103 -1
283 282 136 26
284 61 75 -1
285 284 113 -1
286 285 130 27
287 6 8 -1
288 287 25 -1
289 288 31 -1
290 289 74 -1
291 290 89 -1
292 291 148 28
293 33 64 -1
294 293 71 -1
295 294 98 -1
296 295 119 29
297 9 18 -1
298 297 24 -1
299 298 69 -1
300 299 75 -1
301 300 90 -1
302 301 131 30
303 70 86 -1
304 303 89 -1
305 304 91 -1
306 305 104 31
307 0 67 -1
308 307 75 -1
309 308 115 -1
310 309 141 32
311 49 86 -1
312 311 142 -1
313 312 143 33
314 0 19 -1
315 314 37 -1
316 315 46 -1
317 316 61 -1
318 317 79 -1
319 318 137 34
320 52 102 -1
321 320 134 -1
322 321 140 35
323 7 22 -1
324 323 63 -1
325 324 70 -1
326 325 96 -1
327 326 127 36
328 44 54 -1
329 328 78 -1
330 329 90 -1
331 330 91 -1
332 331 97 37
333 13 37 -1
334 333 56 -1
335 334 60 -1
336 335 63 -1
337 336 87 -1
338 337 90 38
339 0 21 -1
340 339 29 -1
341 340 76 -1
342 341 101 -1
343 342 134 39
344 13 21 -1
345 344 113 -1
346 345 119 -1
347 346 128 40
348 42 58 -1
349 348 60 -1
350 349 122 -1
351 350 133 41
352 3 56 -1
353 352 58 -1
354 353 68 -1
355 354 84 -1
356 355 88 -1
357 356 105 42
358 0 24 -1
359 358 49 -1
360 359 53 -1
361 360 54 -1
362 361 65 -1
363 362 118 43
364 11 43 -1
365 364 56 -1
366 365 114 -1
367 366 147 44
368 8 14 -1
369 368 38 -1
370 369 40 -1
371 370 51 -1
372 371 63 -1
373 372 73 -1
374 373 131 45
