48 349
48 44 47 -1
49 30 42 -1
50 14 38 -1
51 2 46 -1
52 28 41 -1
53 19 24 -1
54 33 45 -1
55 8 15 -1
56 17 43 -1
57 11 20 -1
58 18 27 -1
59 22 40 -1
60 3 54 -1
61 0 25 -1
62 6 31 -1
63 37 39 -1
64 34 53 -1
65 4 5 -1
66 11 12 -1
67 35 36 -1
68 9 42 -1
69 22 23 -1
70 25 52 -1
71 7 15 -1
72 8 31 -1
73 16 20 -1
74 29 49 -1
75 36 39 -1
76 38 62 -1
77 41 46 -1
78 27 44 -1
79 2 33 -1
80 6 24 -1
81 1 19 -1
82 15 50 -1
83 13 25 -1
84 5 77 -1
85 0 7 -1
86 45 68 -1
87 4 55 -1
88 56 67 -1
89 48 66 -1
90 57 71 -1
91 10 51 -1
92 3 24 -1
93 28 76 -1
94 16 61 -1
95 40 58 -1
96 11 29 -1
97 4 30 -1
98 9 18 -1
99 3 59 -1
100 32 41 -1
101 55 63 -1
102 13 34 -1
103 27 29 -1
104 20 82 -1
105 37 67 -1
106 49 64 -1
107 46 65 -1
108 26 89 -1
109 33 65 -1
110 35 83 -1
111 39 100 -1
112 2 30 -1
113 42 72 -1
114 68 79 -1
115 23 58 -1
116 9 93 -1
117 14 97 -1
118 12 59 -1
119 23 96 -1
120 16 43 -1
121 26 34 -1
122 50 72 -1
123 47 66 -1
124 43 90 -1
125 17 44 -1
126 10 30 -1
127 56 78 -1
128 51 64 -1
129 16 57 -1
130 20 60 -1
131 45 69 -1
132 22 32 -1
133 37 48 -1
134 48 84 -1
135 109 42 -1
136 37 54 -1
137 3 103 -1
138 21 38 -1
139 18 81 -1
140 40 74 -1
141 18 48 -1
142 69 80 -1
143 141 49 -1
144 21 63 -1
145 44 80 -1
146 51 86 -1
147 28 95 -1
148 21 99 -1
149 50 61 -1
150 71 73 -1
151 10 56 -1
152 31 47 -1
153 13 64 -1
154 7 17 -1
155 19 58 -1
156 4 52 -1
157 36 57 -1
158 104 6 -1
159 14 20 -1
160 159 39 -1
161 160 52 -1
162 161 135 -1
163 162 142 -1
164 163 154 0
165 17 110 -1
166 165 113 -1
167 166 130 -1
168 167 147 1
169 115 145 -1
170 169 146 -1
171 170 149 2
172 45 61 -1
173 172 106 -1
174 173 111 -1
175 174 127 3
176 1 14 -1
177 176 42 -1
178 177 66 -1
179 178 70 -1
180 179 75 -1
181 180 91 -1
182 181 120 4
183 60 81 -1
184 183 108 -1
185 184 120 -1
186 185 156 5
187 22 35 -1
188 187 63 -1
189 188 65 -1
190 189 103 -1
191 190 112 -1
192 191 124 6
193 8 117 -1
194 193 127 -1
195 194 129 -1
196 195 153 7
197 9 10 -1
198 197 94 -1
199 198 123 -1
200 199 140 -1
201 200 144 8
202 35 43 -1
203 202 134 -1
204 203 155 -1
205 204 158 9
206 50 69 -1
207 206 73 -1
208 207 100 -1
209 208 105 -1
210 209 153 10
211 13 22 -1
212 211 33 -1
213 212 122 -1
214 213 143 -1
215 214 144 11
216 20 31 -1
217 216 38 -1
218 217 46 -1
219 218 102 -1
220 219 139 -1
221 220 140 12
222 14 47 -1
223 222 114 -1
224 223 148 -1
225 224 157 13
226 0 9 -1
227 226 39 -1
228 227 51 -1
229 228 118 -1
230 229 158 14
231 89 92 -1
232 231 101 -1
233 232 115 15
234 13 57 -1
235 234 76 -1
236 235 135 -1
237 236 155 16
238 23 30 -1
239 238 59 -1
240 239 75 -1
241 240 128 -1
242 241 138 17
243 25 33 -1
244 243 90 -1
245 244 98 -1
246 245 128 18
247 10 12 -1
248 247 74 -1
249 248 82 -1
250 249 110 -1
251 250 132 19
252 8 19 -1
253 252 23 -1
254 253 70 -1
255 254 97 -1
256 255 137 -1
257 256 154 20
258 2 5 -1
259 258 8 -1
260 259 24 -1
261 260 94 -1
262 261 96 -1
263 262 102 -1
264 263 138 21
265 23 28 -1
266 265 43 -1
267 266 53 -1
268 267 65 -1
269 268 149 -1
270 269 152 22
271 28 39 -1
272 271 54 -1
273 272 85 -1
274 273 102 -1
275 274 107 -1
276 275 126 23
277 27 75 -1
278 277 82 -1
279 278 86 -1
280 279 134 24
281 7 12 -1
282 281 88 -1
283 282 116 -1
284 283 129 25
285 1 16 -1
286 285 44 -1
287 286 98 -1
288 287 106 -1
289 288 148 26
290 60 73 -1
291 290 111 -1
292 291 117 -1
293 292 145 27
294 0 5 -1
295 294 17 -1
296 295 30 -1
297 296 34 -1
298 297 98 -1
299 298 101 -1
300 299 123 28
301 17 21 -1
302 301 72 -1
303 302 114 -1
304 303 119 -1
305 304 156 29
306 0 15 -1
307 306 19 -1
308 307 31 -1
309 308 60 -1
310 309 88 -1
311 310 133 30
312 25 26 -1
313 312 78 -1
314 313 91 -1
315 314 93 -1
316 315 131 31
317 0 84 -1
318 317 92 -1
319 318 105 -1
320 319 113 -1
321 320 132 32
322 34 41 -1
323 322 78 -1
324 323 85 -1
325 324 112 -1
326 325 118 -1
327 326 136 33
328 3 46 -1
329 328 62 -1
330 329 81 -1
331 330 83 -1
332 331 131 -1
333 332 151 34
334 1 34 -1
335 334 60 -1
336 335 124 -1
337 336 142 35
338 41 87 -1
339 338 108 -1
340 339 146 36
341 0 14 -1
342 341 53 -1
343 342 55 -1
344 343 77 -1
345 344 119 -1
346 345 151 37
347 79 87 -1
348 347 92 -1
349 348 116 -1
350 349 125 38
351 2 43 -1
352 351 49 -1
353 352 70 -1
354 353 99 -1
355 354 150 39
356 21 70 -1
357 356 88 -1
358 357 121 -1
359 358 130 40
360 7 32 -1
361 360 36 -1
362 361 38 -1
363 362 83 -1
364 363 87 -1
365 364 143 41
366 32 52 -1
367 366 74 -1
368 367 75 -1
369 368 85 -1
370 369 122 42
371 36 42 -1
372 371 51 -1
373 372 133 -1
374 373 137 -1
375 374 150 43
376 29 55 -1
377 376 56 -1
378 377 79 -1
379 378 95 -1
380 379 121 -1
381 380 152 44
382 91 101 -1
383 382 147 -1
384 383 157 45
385 15 37 -1
386 385 62 -1
387 386 70 -1
388 387 125 -1
389 388 126 -1
390 389 139 46
391 6 11 -1
392 391 26 -1
393 392 53 -1
394 393 94 -1
395 394 107 -1
396 395 136 47
