50 362
50 21 26 -1
51 8 10 -1
52 3 18 -1
53 29 48 -1
54 11 22 -1
55 31 42 -1
56 0 49 -1
57 7 16 -1
58 1 35 -1
59 23 32 -1
60 9 20 -1
61 12 43 -1
62 24 30 -1
63 13 14 -1
64 2 37 -1
65 17 28 -1
66 15 50 -1
67 10 45 -1
68 25 39 -1
69 38 46 -1
70 5 27 -1
71 20 32 -1
72 1 7 -1
73 45 51 -1
74 54 57 -1
75 27 40 -1
76 47 55 -1
77 36 37 -1
78 4 19 -1
79 21 41 -1
80 9 58 -1
81 17 46 -1
82 11 62 -1
83 26 63 -1
84 23 61 -1
85 29 60 -1
86 2 52 -1
87 0 18 -1
88 25 71 -1
89 31 56 -1
90 39 70 -1
91 6 16 -1
92 24 40 -1
93 27 42 -1
94 12 21 -1
95 28 55 -1
96 4 34 -1
97 5 41 -1
98 44 76 -1
99 48 81 -1
100 30 72 -1
101 28 48 -1
102 35 44 -1
103 19 22 -1
104 42 56 -1
105 38 59 -1
106 12 51 -1
107 20 67 -1
108 88 33 -1
109 77 85 -1
110 31 32 -1
111 11 19 -1
112 34 36 -1
113 6 44 -1
114 28 49 -1
115 15 101 -1
116 3 43 -1
117 25 82 -1
118 8 33 -1
119 94 100 -1
120 60 103 -1
121 45 79 -1
122 39 52 -1
123 39 87 -1
124 43 86 -1
125 111 14 -1
126 29 83 -1
127 26 47 -1
128 33 46 -1
129 57 65 -1
130 59 61 -1
131 16 98 -1
132 17 53 -1
133 6 11 -1
134 6 14 -1
135 50 53 -1
136 129 32 -1
137 2 24 -1
138 15 47 -1
139 53 84 -1
140 40 82 -1
141 9 43 -1
142 86 97 -1
143 109 69 -1
144 13 92 -1
145 135 51 -1
146 22 37 -1
147 4 107 -1
148 66 75 -1
149 78 99 -1
150 10 53 -1
151 62 80 -1
152 45 49 -1
153 64 72 -1
154 127 2 -1
155 31 78 -1
156 52 68 -1
157 114 18 -1
158 7 28 -1
159 38 106 -1
160 56 91 -1
161 64 66 -1
162 125 36 -1
163 8 50 -1
164 67 104 -1
165 32 77 -1
166 52 55 -1
167 166 65 -1
168 167 92 -1
169 168 103 -1
170 169 161 0
171 8 25 -1
172 171 47 -1
173 172 48 -1
174 173 110 -1
175 174 119 -1
176 175 120 1
177 59 64 -1
178 177 131 -1
179 178 145 2
180 26 37 -1
181 180 44 -1
182 181 89 -1
183 182 149 -1
184 183 156 3
185 2 7 -1
186 185 19 -1
187 186 43 -1
188 187 69 -1
189 188 71 -1
190 189 102 -1
191 190 164 4
192 15 18 -1
193 192 104 -1
194 193 126 -1
195 194 128 -1
196 195 130 5
197 59 68 -1
198 197 73 -1
199 198 75 -1
200 199 83 -1
201 200 95 6
202 12 57 -1
203 202 68 -1
204 203 89 -1
205 204 132 -1
206 205 147 7
207 3 46 -1
208 207 84 -1
209 208 90 -1
210 209 115 -1
211 210 120 8
212 1 36 -1
213 212 63 -1
214 213 69 -1
215 214 93 -1
216 215 96 -1
217 216 139 9
218 0 13 -1
219 218 22 -1
220 219 41 -1
221 220 42 -1
222 221 46 -1
223 222 70 -1
224 223 124 -1
225 224 150 10
226 23 27 -1
227 226 28 -1
228 227 58 -1
229 228 64 -1
230 229 74 -1
231 230 94 -1
232 231 118 11
233 65 105 -1
234 233 160 -1
235 234 162 12
236 19 26 -1
237 236 30 -1
238 237 34 -1
239 238 95 -1
240 239 113 -1
241 240 159 13
242 3 20 -1
243 242 34 -1
244 243 48 -1
245 244 66 -1
246 245 74 -1
247 246 134 14
248 35 37 -1
249 248 59 -1
250 249 90 -1
251 250 128 -1
252 251 147 15
253 41 54 -1
254 253 89 -1
255 254 143 16
256 9 73 -1
257 256 93 -1
258 257 117 -1
259 258 157 17
260 3 29 -1
261 260 58 -1
262 261 117 -1
263 262 148 18
264 31 39 -1
265 264 60 -1
266 265 133 -1
267 266 142 -1
268 267 152 19
269 22 27 -1
270 269 29 -1
271 270 100 -1
272 271 130 -1
273 272 163 20
274 8 14 -1
275 274 41 -1
276 275 123 -1
277 276 151 -1
278 277 158 21
279 40 63 -1
280 279 112 -1
281 280 121 -1
282 281 149 22
283 0 25 -1
284 283 54 -1
285 284 55 -1
286 285 134 -1
287 286 139 23
288 17 38 -1
289 288 42 -1
290 289 47 -1
291 290 60 -1
292 291 64 -1
293 292 121 -1
294 293 123 24
295 11 57 -1
296 295 96 -1
297 296 118 -1
298 297 143 25
299 54 91 -1
300 299 95 -1
301 300 108 -1
302 301 144 26
303 14 65 -1
304 303 85 -1
305 304 138 -1
306 305 146 -1
307 306 159 27
308 27 41 -1
309 308 63 -1
310 309 106 -1
311 310 156 -1
312 311 165 28
313 13 73 -1
314 313 79 -1
315 314 87 -1
316 315 110 -1
317 316 153 29
318 54 69 -1
319 318 113 -1
320 319 157 -1
321 320 161 30
322 0 5 -1
323 322 34 -1
324 323 108 -1
325 324 115 -1
326 325 153 31
327 17 76 -1
328 327 90 -1
329 328 119 -1
330 329 133 32
331 16 20 -1
332 331 38 -1
333 332 58 -1
334 333 116 -1
335 334 132 -1
336 335 140 33
337 80 101 -1
338 337 124 -1
339 338 131 34
340 37 51 -1
341 340 102 -1
342 341 108 -1
343 342 148 35
344 4 75 -1
345 344 138 -1
346 345 141 -1
347 346 160 -1
348 347 165 36
349 83 96 -1
350 349 116 -1
351 350 136 -1
352 351 152 37
353 56 70 -1
354 353 74 -1
355 354 85 -1
356 355 163 38
357 10 122 -1
358 357 136 -1
359 358 151 39
360 30 58 -1
361 360 66 -1
362 361 97 -1
363 362 105 -1
364 363 150 40
365 5 45 -1
366 365 71 -1
367 366 98 -1
368 367 137 -1
369 368 162 41
370 0 3 -1
371 370 33 -1
372 371 65 -1
373 372 80 -1
374 373 154 -1
375 374 155 42
376 14 21 -1
377 376 23 -1
378 377 68 -1
379 378 140 -1
380 379 141 -1
381 380 155 43
382 1 17 -1
383 382 105 -1
384 383 126 -1
385 384 142 44
386 21 40 -1
387 386 62 -1
388 387 84 -1
389 388 146 -1
390 389 164 45
391 1 6 -1
392 391 99 -1
393 392 107 -1
394 393 144 -1
395 394 154 46
396 5 30 -1
397 396 40 -1
398 397 57 -1
399 398 61 -1
400 399 73 -1
401 400 81 -1
402 401 102 47
403 53 74 -1
404 403 79 -1
405 404 93 -1
406 405 112 -1
407 406 137 48
408 35 54 -1
409 408 122 -1
410 409 145 -1
411 410 158 49
