52 379
52 16 51 -1
53 20 42 -1
54 10 24 -1
55 0 30 -1
56 31 36 -1
57 29 34 -1
58 47 50 -1
59 2 37 -1
60 1 33 -1
61 22 44 -1
62 40 41 -1
63 13 48 -1
64 11 23 -1
65 23 31 -1
66 6 27 -1
67 3 19 -1
68 15 26 -1
69 24 49 -1
70 3 47 -1
71 2 8 -1
72 13 42 -1
73 32 46 -1
74 18 54 -1
75 25 35 -1
76 1 16 -1
77 3 7 -1
78 21 41 -1
79 14 17 -1
80 38 57 -1
81 12 59 -1
82 11 27 -1
83 34 50 -1
84 9 67 -1
85 51 55 -1
86 45 48 -1
87 6 58 -1
88 5 18 -1
89 14 82 -1
90 22 53 -1
91 4 11 -1
92 0 29 -1
93 33 47 -1
94 46 70 -1
95 38 52 -1
96 8 27 -1
97 35 56 -1
98 43 60 -1
99 4 61 -1
100 33 69 -1
101 32 53 -1
102 36 52 -1
103 12 71 -1
104 28 57 -1
105 15 21 -1
106 41 48 -1
107 28 62 -1
108 1 43 -1
109 13 74 -1
110 26 44 -1
111 38 85 -1
112 55 72 -1
113 64 75 -1
114 37 87 -1
115 39 65 -1
116 30 40 -1
117 58 88 -1
118 36 73 -1
119 104 14 -1
120 31 35 -1
121 21 61 -1
122 24 31 -1
123 25 56 -1
124 60 73 -1
125 39 93 -1
126 25 68 -1
127 36 62 -1
128 50 68 -1
129 18 116 -1
130 21 40 -1
131 14 40 -1
132 2 113 -1
133 6 10 -1
134 127 39 -1
135 10 118 -1
136 9 11 -1
137 50 53 -1
138 37 86 -1
139 91 102 -1
140 30 52 -1
141 16 42 -1
142 20 110 -1
143 6 64 -1
144 9 19 -1
145 4 100 -1
146 7 61 -1
147 17 20 -1
148 49 105 -1
149 23 67 -1
150 1 10 -1
151 0 71 -1
152 44 114 -1
153 26 69 -1
154 66 76 -1
155 24 66 -1
156 7 106 -1
157 15 108 -1
158 140 43 -1
159 16 112 -1
160 157 20 -1
161 2 90 -1
162 144 7 -1
163 134 75 -1
164 45 94 -1
165 63 95 -1
166 74 115 -1
167 19 60 -1
168 44 79 -1
169 54 63 -1
170 63 117 -1
171 5 6 -1
172 171 23 -1
173 172 79 -1
174 173 90 -1
175 174 145 -1
176 175 156 0
177 4 27 -1
178 177 56 -1
179 178 95 -1
180 179 109 -1
181 180 160 1
182 2 3 -1
183 182 50 -1
184 183 80 -1
185 184 91 -1
186 185 97 -1
187 186 106 -1
188 187 147 2
189 8 38 -1
190 189 79 -1
191 190 99 -1
192 191 116 -1
193 192 118 -1
194 193 153 3
195 32 37 -1
196 195 84 -1
197 196 158 -1
198 197 166 4
199 1 102 -1
200 199 113 -1
201 200 119 -1
202 201 153 5
203 65 68 -1
204 203 78 -1
205 204 124 -1
206 205 165 6
207 5 19 -1
208 207 54 -1
209 208 57 -1
210 209 59 -1
211 210 68 -1
212 211 139 7
213 0 17 -1
214 213 22 -1
215 214 28 -1
216 215 40 -1
217 216 83 -1
218 217 115 -1
219 218 126 -1
220 219 141 8
221 4 8 -1
222 221 46 -1
223 222 53 -1
224 223 77 -1
225 224 83 -1
226 225 110 -1
227 226 169 9
228 15 19 -1
229 228 55 -1
230 229 86 -1
231 230 117 -1
232 231 132 10
233 19 29 -1
234 233 41 -1
235 234 42 -1
236 235 65 -1
237 236 111 -1
238 237 152 11
239 36 84 -1
240 239 89 -1
241 240 93 -1
242 241 130 -1
243 242 161 12
244 43 92 -1
245 244 135 -1
246 245 137 -1
247 246 156 13
248 56 78 -1
249 248 83 -1
250 249 132 -1
251 250 150 14
252 98 111 -1
253 252 133 -1
254 253 164 15
255 59 120 -1
256 255 146 -1
257 256 170 16
258 20 58 -1
259 258 77 -1
260 259 136 -1
261 260 148 -1
262 261 151 17
263 38 89 -1
264 263 97 -1
265 264 170 18
266 34 37 -1
267 266 39 -1
268 267 55 -1
269 268 66 -1
270 269 99 -1
271 270 126 19
272 30 65 -1
273 272 80 -1
274 273 81 -1
275 274 164 20
276 0 39 -1
277 276 47 -1
278 277 72 -1
279 278 78 -1
280 279 143 -1
281 280 146 21
282 26 39 -1
283 282 46 -1
284 283 49 -1
285 284 87 -1
286 285 121 -1
287 286 167 22
288 4 45 -1
289 288 92 -1
290 289 101 -1
291 290 130 -1
292 291 154 23
293 24 34 -1
294 293 76 -1
295 294 84 -1
296 295 121 -1
297 296 129 24
298 52 81 -1
299 298 128 -1
300 299 129 -1
301 300 150 25
302 31 98 -1
303 302 109 -1
304 303 143 -1
305 304 168 26
306 0 5 -1
307 306 70 -1
308 307 81 -1
309 308 123 -1
310 309 131 -1
311 310 133 27
312 11 35 -1
313 312 51 -1
314 313 70 -1
315 314 100 -1
316 315 101 -1
317 316 107 28
318 28 29 -1
319 318 64 -1
320 319 96 -1
321 320 99 -1
322 321 159 29
323 8 22 -1
324 323 76 -1
325 324 94 -1
326 325 122 -1
327 326 136 -1
328 327 138 30
329 4 103 -1
330 329 119 -1
331 330 166 31
332 22 43 -1
333 332 81 -1
334 333 155 -1
335 334 163 32
336 24 62 -1
337 336 151 -1
338 337 165 -1
339 338 167 33
340 28 33 -1
341 340 37 -1
342 341 41 -1
343 342 52 -1
344 343 77 -1
345 344 109 -1
346 345 120 34
347 29 49 -1
348 347 59 -1
349 348 86 -1
350 349 101 -1
351 350 108 -1
352 351 149 35
353 15 77 -1
354 353 107 -1
355 354 158 -1
356 355 161 36
357 69 89 -1
358 357 105 -1
359 358 124 -1
360 359 138 37
361 19 83 -1
362 361 97 -1
363 362 112 -1
364 363 145 38
365 7 23 -1
366 365 30 -1
367 366 35 -1
368 367 62 -1
369 368 66 -1
370 369 98 -1
371 370 128 39
372 18 28 -1
373 372 82 -1
374 373 111 -1
375 374 123 -1
376 375 142 40
377 33 45 -1
378 377 63 -1
379 378 64 -1
380 379 84 -1
381 380 152 41
382 12 80 -1
383 382 88 -1
384 383 139 -1
385 384 162 42
386 17 60 -1
387 386 72 -1
388 387 107 -1
389 388 148 -1
390 389 149 43
391 14 23 -1
392 391 36 -1
393 392 45 -1
394 393 59 -1
395 394 76 -1
396 395 80 -1
397 396 137 44
398 30 56 -1
399 398 103 -1
400 399 125 -1
401 400 141 -1
402 401 168 45
403 38 54 -1
404 403 120 -1
405 404 131 -1
406 405 154 -1
407 406 162 46
408 25 38 -1
409 408 47 -1
410 409 96 -1
411 410 121 -1
412 411 135 -1
413 412 147 47
414 5 9 -1
415 414 12 -1
416 415 85 -1
417 416 122 -1
418 417 125 -1
419 418 142 48
420 92 96 -1
421 420 163 -1
422 421 169 49
423 10 48 -1
424 423 114 -1
425 424 119 -1
426 425 160 50
427 45 78 -1
428 427 103 -1
429 428 155 -1
430 429 159 51
