54 403
54 22 25 -1
55 42 52 -1
56 14 46 -1
57 34 44 -1
58 9 38 -1
59 13 35 -1
60 2 49 -1
61 12 18 -1
62 3 4 -1
63 43 53 -1
64 32 37 -1
65 39 46 -1
66 17 41 -1
67 6 40 -1
68 1 20 -1
69 7 30 -1
70 0 43 -1
71 19 45 -1
72 11 29 -1
73 15 28 -1
74 8 23 -1
75 21 26 -1
76 22 50 -1
77 27 28 -1
78 17 36 -1
79 3 49 -1
80 25 47 -1
81 23 48 -1
82 53 58 -1
83 36 52 -1
84 40 61 -1
85 8 31 -1
86 47 51 -1
87 9 34 -1
88 21 54 -1
89 24 60 -1
90 4 63 -1
91 2 57 -1
92 48 69 -1
93 24 64 -1
94 18 59 -1
95 18 55 -1
96 5 31 -1
97 12 55 -1
98 13 68 -1
99 15 21 -1
100 35 76 -1
101 38 62 -1
102 25 74 -1
103 54 67 -1
104 44 75 -1
105 41 57 -1
106 0 37 -1
107 30 50 -1
108 50 65 -1
109 10 72 -1
110 15 81 -1
111 9 66 -1
112 6 16 -1
113 20 56 -1
114 16 71 -1
115 37 73 -1
116 33 45 -1
117 48 59 -1
118 106 29 -1
119 13 49 -1
120 42 77 -1
121 27 61 -1
122 24 99 -1
123 11 87 -1
124 42 86 -1
125 6 79 -1
126 27 95 -1
127 4 41 -1
128 12 88 -1
129 14 103 -1
130 42 82 -1
131 1 101 -1
132 10 90 -1
133 28 39 -1
134 4 11 -1
135 34 35 -1
136 0 96 -1
137 30 32 -1
138 3 44 -1
139 3 17 -1
140 56 110 -1
141 49 71 -1
142 45 65 -1
143 50 112 -1
144 19 109 -1
145 138 1 -1
146 8 58 -1
147 61 73 -1
148 7 23 -1
149 9 30 -1
150 5 23 -1
151 125 65 -1
152 43 91 -1
153 142 16 -1
154 26 68 -1
155 43 113 -1
156 70 77 -1
157 19 104 -1
158 84 87 -1
159 60 116 -1
160 31 70 -1
161 7 28 -1
162 14 15 -1
163 133 79 -1
164 64 66 -1
165 162 53 -1
166 44 111 -1
167 20 78 -1
168 6 14 -1
169 126 19 -1
170 39 89 -1
171 22 75 -1
172 146 10 -1
173 41 47 -1
174 20 45 -1
175 52 80 -1
176 122 90 -1
177 7 14 -1
178 177 33 -1
179 178 63 -1
180 179 72 -1
181 180 98 -1
182 181 121 -1
183 182 173 0
184 1 26 -1
185 184 39 -1
186 185 115 -1
187 186 129 -1
188 187 172 1
189 8 53 -1
190 189 72 -1
191 190 79 -1
192 191 83 -1
193 192 128 -1
194 193 143 2
195 56 62 -1
196 195 83 -1
197 196 100 -1
198 197 161 -1
199 198 166 3
200 93 95 -1
201 200 109 -1
202 201 119 -1
203 202 166 4
204 36 48 -1
205 204 127 -1
206 205 129 -1
207 206 144 -1
208 207 161 5
209 12 56 -1
210 209 77 -1
211 210 82 -1
212 211 136 -1
213 212 164 6
214 55 62 -1
215 214 104 -1
216 215 155 -1
217 216 159 7
218 24 46 -1
219 218 84 -1
220 219 92 -1
221 220 111 -1
222 221 157 8
223 37 71 -1
224 223 78 -1
225 224 98 -1
226 225 163 -1
227 226 171 9
228 6 23 -1
229 228 47 -1
230 229 66 -1
231 230 135 -1
232 231 144 -1
233 232 170 10
234 17 21 -1
235 234 35 -1
236 235 67 -1
237 236 102 -1
238 237 136 -1
239 238 170 11
240 1 58 -1
241 240 74 -1
242 241 97 -1
243 242 151 -1
244 243 173 12
245 12 46 -1
246 245 50 -1
247 246 148 -1
248 247 174 -1
249 248 176 13
250 74 94 -1
251 250 134 -1
252 251 152 -1
253 252 168 14
254 11 17 -1
255 254 42 -1
256 255 101 -1
257 256 107 -1
258 257 110 -1
259 258 168 15
260 7 60 -1
261 260 85 -1
262 261 86 -1
263 262 128 -1
264 263 134 16
265 29 88 -1
266 265 92 -1
267 266 120 -1
268 267 167 17
269 38 51 -1
270 269 115 -1
271 270 117 -1
272 271 151 18
273 59 64 -1
274 273 121 -1
275 274 150 -1
276 275 152 19
277 9 31 -1
278 277 112 -1
279 278 124 -1
280 279 176 20
281 10 55 -1
282 281 100 -1
283 282 139 -1
284 283 148 -1
285 284 160 21
286 16 40 -1
287 286 76 -1
288 287 83 -1
289 288 117 -1
290 289 132 22
291 0 11 -1
292 291 15 -1
293 292 57 -1
294 293 69 -1
295 294 84 -1
296 295 93 23
297 2 68 -1
298 297 140 -1
299 298 158 24
300 32 40 -1
301 300 44 -1
302 301 81 -1
303 302 97 -1
304 303 108 -1
305 304 174 25
306 3 10 -1
307 306 22 -1
308 307 37 -1
309 308 91 -1
310 309 124 -1
311 310 153 26
312 13 17 -1
313 312 18 -1
314 313 25 -1
315 314 37 -1
316 315 38 -1
317 316 114 -1
318 317 140 27
319 52 102 -1
320 319 147 -1
321 320 149 -1
322 321 159 28
323 33 46 -1
324 323 80 -1
325 324 91 -1
326 325 99 -1
327 326 117 -1
328 327 139 29
329 26 48 -1
330 329 85 -1
331 330 114 -1
332 331 145 -1
333 332 147 30
334 19 64 -1
335 334 76 -1
336 335 94 -1
337 336 145 -1
338 337 165 31
339 4 52 -1
340 339 60 -1
341 340 92 -1
342 341 108 -1
343 342 164 32
344 46 69 -1
345 344 94 -1
346 345 131 -1
347 346 156 33
348 13 16 -1
349 348 28 -1
350 349 66 -1
351 350 67 -1
352 351 81 -1
353 352 137 -1
354 353 160 34
355 24 96 -1
356 355 105 -1
357 356 137 -1
358 357 154 -1
359 358 175 35
360 5 17 -1
361 360 62 -1
362 361 97 -1
363 362 118 -1
364 363 172 36
365 13 27 -1
366 365 62 -1
367 366 107 -1
368 367 158 -1
369 368 175 37
370 16 29 -1
371 370 56 -1
372 371 80 -1
373 372 93 -1
374 373 169 38
375 1 25 -1
376 375 63 -1
377 376 75 -1
378 377 83 -1
379 378 135 -1
380 379 153 39
381 20 49 -1
382 381 58 -1
383 382 100 -1
384 383 127 -1
385 384 169 40
386 2 39 -1
387 386 40 -1
388 387 69 -1
389 388 130 -1
390 389 150 -1
391 390 171 41
392 40 86 -1
393 392 98 -1
394 393 105 -1
395 394 149 -1
396 395 165 42
397 5 26 -1
398 397 27 -1
399 398 34 -1
400 399 63 -1
401 400 78 -1
402 401 89 -1
403 402 143 43
404 17 54 -1
405 404 70 -1
406 405 116 -1
407 406 123 -1
408 407 163 44
409 18 80 -1
410 409 85 -1
411 410 89 -1
412 411 118 -1
413 412 120 45
414 46 47 -1
415 414 82 -1
416 415 103 -1
417 416 115 -1
418 417 119 46
419 2 13 -1
420 419 42 -1
421 420 51 -1
422 421 73 -1
423 422 155 -1
424 423 157 47
425 7 24 -1
426 425 34 -1
427 426 54 -1
428 427 74 -1
429 428 118 -1
430 429 131 48
431 26 102 -1
432 431 123 -1
433 432 132 -1
434 433 167 49
435 9 51 -1
436 435 59 -1
437 436 114 -1
438 437 154 -1
439 438 156 50
440 8 32 -1
441 440 39 -1
442 441 62 -1
443 442 105 -1
444 443 113 -1
445 444 141 51
446 2 67 -1
447 446 70 -1
448 447 72 -1
449 448 78 -1
450 449 85 -1
451 450 108 52
452 0 23 -1
453 452 88 -1
454 453 107 -1
455 454 130 -1
456 455 141 53
