32 208
32 17 23 -1
33 9 26 -1
34 12 27 -1
35 20 31 -1
36 21 22 -1
37 8 14 -1
38 18 28 -1
39 3 29 -1
40 2 32 -1
41 6 16 -1
42 15 24 -1
43 0 33 -1
44 10 34 -1
45 25 30 -1
46 4 19 -1
47 1 36 -1
48 7 13 -1
49 35 38 -1
50 41 42 -1
51 2 11 -1
52 40 44 -1
53 3 37 -1
54 5 39 -1
55 17 49 -1
56 28 47 -1
57 31 46 -1
58 24 45 -1
59 15 45 -1
60 21 30 -1
61 27 43 -1
62 0 37 -1
63 34 39 -1
64 16 52 -1
65 11 60 -1
66 6 40 -1
67 4 10 -1
68 21 35 -1
69 24 56 -1
70 16 48 -1
71 11 19 -1
72 63 32 -1
73 41 62 -1
74 23 54 -1
75 7 38 -1
76 66 12 -1
77 25 37 -1
78 29 57 -1
79 22 73 -1
80 61 69 -1
81 8 13 -1
82 10 18 -1
83 33 42 -1
84 5 53 -1
85 1 15 -1
86 14 43 -1
87 8 75 -1
88 1 50 -1
89 17 65 -1
90 46 76 -1
91 85 29 -1
92 39 48 -1
93 46 64 -1
94 7 27 -1
95 18 48 -1
96 9 42 -1
97 10 50 -1
98 26 44 -1
99 6 72 -1
100 44 51 -1
101 13 35 -1
102 32 67 -1
103 49 59 -1
104 100 33 -1
105 58 74 -1
106 9 51 -1
107 106 57 -1
108 107 58 -1
109 108 79 -1
110 109 94 0
111 16 47 -1
112 111 51 -1
113 112 61 -1
114 113 103 1
115 26 40 -1
116 115 68 -1
117 116 77 -1
118 117 82 -1
119 118 91 -1
120 119 94 2
121 12 43 -1
122 121 55 -1
123 122 67 -1
124 123 70 -1
125 124 91 3
126 5 36 -1
127 126 45 -1
128 127 50 -1
129 128 78 -1
130 129 87 4
131 1 19 -1
132 131 41 -1
133 132 52 -1
134 133 103 5
135 0 1 -1
136 135 34 -1
137 136 68 -1
138 137 95 -1
139 138 105 6
140 30 41 -1
141 140 47 -1
142 141 75 -1
143 142 84 -1
144 143 102 7
145 26 54 -1
146 145 55 -1
147 146 79 8
148 7 54 -1
149 148 60 -1
150 149 93 9
151 20 26 -1
152 151 38 -1
153 152 51 -1
154 153 92 -1
155 154 97 10
156 14 18 -1
157 156 33 -1
158 157 70 -1
159 158 78 -1
160 159 89 11
161 36 61 -1
162 161 74 -1
163 162 97 12
164 5 13 -1
165 164 88 -1
166 165 89 -1
167 166 98 13
168 2 12 -1
169 168 35 -1
170 169 86 -1
171 170 105 14
172 47 53 -1
173 172 55 -1
174 173 83 15
175 25 31 -1
176 175 87 -1
177 176 96 -1
178 177 99 16
179 8 11 -1
180 179 29 -1
181 180 49 -1
182 181 93 17
183 3 30 -1
184 183 69 -1
185 184 81 -1
186 185 104 18
187 4 20 -1
188 187 25 -1
189 188 70 -1
190 189 72 -1
191 190 86 19
192 53 59 -1
193 192 64 -1
194 193 101 20
195 47 62 -1
196 195 90 -1
197 196 95 21
198 6 22 -1
199 198 55 -1
200 199 58 -1
201 200 71 -1
202 201 98 22
203 23 28 -1
204 203 30 -1
205 204 35 -1
206 205 36 -1
207 206 37 -1
208 207 92 -1
209 208 96 23
210 80 101 -1
211 210 102 24
212 36 59 -1
213 212 71 -1
214 213 76 -1
215 214 81 -1
216 215 82 25
217 15 56 -1
218 217 84 -1
219 218 104 26
220 25 28 -1
221 220 52 -1
222 221 68 -1
223 222 73 27
224 39 77 -1
225 224 83 -1
226 225 90 28
227 7 19 -1
228 227 28 -1
229 228 34 -1
230 229 43 -1
231 230 53 -1
232 231 88 29
233 3 5 -1
234 233 40 -1
235 234 71 -1
236 235 80 30
237 43 57 -1
238 237 65 -1
239 238 99 31
