34 229
34 9 18 -1
35 17 22 -1
36 1 33 -1
37 23 32 -1
38 25 29 -1
39 15 26 -1
40 7 20 -1
41 12 16 -1
42 14 34 -1
43 8 30 -1
44 0 19 -1
45 10 31 -1
46 2 3 -1
47 5 39 -1
48 6 28 -1
49 13 24 -1
50 40 42 -1
51 11 35 -1
52 16 27 -1
53 9 21 -1
54 44 45 -1
55 29 46 -1
56 36 41 -1
57 24 37 -1
58 17 38 -1
59 48 52 -1
60 6 43 -1
61 30 32 -1
62 3 47 -1
63 4 14 -1
64 10 53 -1
65 15 28 -1
66 23 38 -1
67 33 57 -1
68 31 43 -1
69 41 43 -1
70 35 63 -1
71 13 50 -1
72 21 49 -1
73 71 51 -1
74 12 37 -1
75 11 58 -1
76 27 36 -1
77 0 40 -1
78 20 21 -1
79 2 19 -1
80 22 50 -1
81 28 70 -1
82 49 75 -1
83 13 54 -1
84 36 44 -1
85 49 56 -1
86 1 59 -1
87 29 42 -1
88 6 42 -1
89 41 47 -1
90 44 46 -1
91 85 61 -1
92 3 18 -1
93 4 19 -1
94 86 61 -1
95 13 37 -1
96 12 32 -1
97 8 35 -1
98 1 65 -1
99 45 79 -1
100 55 60 -1
101 96 73 -1
102 64 74 -1
103 100 39 -1
104 25 62 -1
105 66 80 -1
106 4 58 -1
107 56 78 -1
108 25 26 -1
109 81 23 -1
110 88 54 -1
111 5 22 -1
112 21 51 -1
113 45 51 -1
114 36 59 -1
115 93 8 -1
116 28 77 -1
117 5 15 -1
118 117 40 -1
119 118 48 -1
120 119 55 -1
121 120 67 -1
122 121 70 0
123 2 15 -1
124 123 25 -1
125 124 80 -1
126 125 91 1
127 89 105 -1
128 127 115 2
129 2 8 -1
130 129 31 -1
131 130 98 -1
132 131 101 3
133 15 21 -1
134 133 84 -1
135 134 101 4
136 10 13 -1
137 136 19 -1
138 137 47 -1
139 138 87 -1
140 139 94 5
141 18 30 -1
142 141 35 -1
143 142 46 -1
144 143 83 -1
145 144 107 6
146 10 33 -1
147 146 48 -1
148 147 69 -1
149 148 105 7
150 9 24 -1
151 150 28 -1
152 151 46 -1
153 152 89 -1
154 153 113 8
155 7 102 -1
156 155 103 9
157 17 53 -1
158 157 55 -1
159 158 65 -1
160 159 68 -1
161 160 84 10
162 62 67 -1
163 162 112 -1
164 163 115 11
165 0 4 -1
166 165 17 -1
167 166 64 -1
168 167 69 -1
169 168 95 -1
170 169 108 12
171 5 14 -1
172 171 66 -1
173 172 99 -1
174 173 107 13
175 6 52 -1
176 175 53 -1
177 176 62 -1
178 177 82 14
179 1 55 -1
180 179 83 -1
181 180 109 15
182 22 37 -1
183 182 56 -1
184 183 104 -1
185 184 116 16
186 52 65 -1
187 186 67 -1
188 187 79 -1
189 188 87 -1
190 189 111 17
191 12 25 -1
192 191 68 -1
193 192 76 -1
194 193 92 -1
195 194 109 18
196 6 11 -1
197 196 34 -1
198 197 38 -1
199 198 44 -1
200 199 76 -1
201 200 95 -1
202 201 111 19
203 37 47 -1
204 203 68 -1
205 204 78 -1
206 205 114 20
207 5 50 -1
208 207 60 -1
209 208 72 -1
210 209 106 21
211 1 20 -1
212 211 66 -1
213 212 69 -1
214 213 92 -1
215 214 113 22
216 14 38 -1
217 216 72 -1
218 217 90 -1
219 218 97 -1
220 219 98 23
221 2 27 -1
222 221 30 -1
223 222 34 -1
224 223 54 -1
225 224 57 -1
226 225 112 24
227 3 11 -1
228 227 45 -1
229 228 72 -1
230 229 94 -1
231 230 108 25
232 11 16 -1
233 232 64 -1
234 233 77 -1
235 234 103 26
236 39 76 -1
237 236 97 -1
238 237 110 27
239 73 74 -1
240 239 99 28
241 8 10 -1
242 241 15 -1
243 242 57 -1
244 243 75 -1
245 244 114 29
246 33 41 -1
247 246 104 -1
248 247 110 30
249 17 29 -1
250 249 34 -1
251 250 91 -1
252 251 116 31
253 3 9 -1
254 253 19 -1
255 254 26 -1
256 255 33 -1
257 256 60 -1
258 257 63 -1
259 258 82 32
260 48 90 -1
261 260 102 -1
262 261 106 33
