36 248
36 3 16 -1
37 2 10 -1
38 22 28 -1
39 27 31 -1
40 12 23 -1
41 5 18 -1
42 11 15 -1
43 17 35 -1
44 6 7 -1
45 9 37 -1
46 8 20 -1
47 33 39 -1
48 30 34 -1
49 21 32 -1
50 19 29 -1
51 14 31 -1
52 13 44 -1
53 1 23 -1
54 24 40 -1
55 36 38 -1
56 4 26 -1
57 0 41 -1
58 36 51 -1
59 29 55 -1
60 15 46 -1
61 3 42 -1
62 32 47 -1
63 7 43 -1
64 0 13 -1
65 50 54 -1
66 30 45 -1
67 4 49 -1
68 2 48 -1
69 21 34 -1
70 19 38 -1
71 6 57 -1
72 22 69 -1
73 16 43 -1
74 18 53 -1
75 25 26 -1
76 33 53 -1
77 9 46 -1
78 8 68 -1
79 42 52 -1
80 12 48 -1
81 10 64 -1
82 17 52 -1
83 56 63 -1
84 28 32 -1
85 11 14 -1
86 70 76 -1
87 25 40 -1
88 37 80 -1
89 40 41 -1
90 1 39 -1
91 58 67 -1
92 60 66 -1
93 33 85 -1
94 45 49 -1
95 0 65 -1
96 19 34 -1
97 39 41 -1
98 17 38 -1
99 36 60 -1
100 50 61 -1
101 11 67 -1
102 4 84 -1
103 89 3 -1
104 15 20 -1
105 6 62 -1
106 44 73 -1
107 22 57 -1
108 24 71 -1
109 12 83 -1
110 5 22 -1
111 1 78 -1
112 2 25 -1
113 26 45 -1
114 7 35 -1
115 42 75 -1
116 9 81 -1
117 45 47 -1
118 40 56 -1
119 4 21 -1
120 100 27 -1
121 51 59 -1
122 17 20 -1
123 65 72 -1
124 20 33 -1
125 124 80 -1
126 125 91 -1
127 126 108 0
128 36 41 -1
129 128 43 -1
130 129 93 -1
131 130 123 1
132 2 20 -1
133 132 76 -1
134 133 79 -1
135 134 121 2
136 1 58 -1
137 136 75 -1
138 137 88 -1
139 138 108 3
140 21 43 -1
141 140 51 -1
142 141 61 -1
143 142 81 -1
144 143 86 4
145 61 82 -1
146 145 112 -1
147 146 123 5
148 25 28 -1
149 148 97 -1
150 149 99 -1
151 150 109 6
152 17 24 -1
153 152 64 -1
154 153 110 -1
155 154 111 -1
156 155 120 7
157 3 20 -1
158 157 62 -1
159 158 88 -1
160 159 107 -1
161 160 114 8
162 29 66 -1
163 162 90 -1
164 163 104 -1
165 164 106 9
166 18 95 -1
167 166 99 -1
168 167 102 10
169 1 8 -1
170 169 12 -1
171 170 52 -1
172 171 59 -1
173 172 101 11
174 8 42 -1
175 174 109 -1
176 175 117 12
177 12 42 -1
178 177 66 -1
179 178 98 -1
180 179 105 13
181 2 57 -1
182 181 86 -1
183 182 106 14
184 50 94 -1
185 184 107 -1
186 185 118 15
187 7 55 -1
188 187 87 -1
189 188 92 16
190 0 44 -1
191 190 59 -1
192 191 90 -1
193 192 115 17
194 28 29 -1
195 194 43 -1
196 195 74 -1
197 196 105 -1
198 197 113 18
199 29 30 -1
200 199 46 -1
201 200 82 -1
202 201 102 -1
203 202 103 19
204 7 51 -1
205 204 84 -1
206 205 95 -1
207 206 111 20
208 31 68 -1
209 208 77 -1
210 209 79 -1
211 210 118 21
212 18 30 -1
213 212 38 -1
214 213 54 -1
215 214 93 -1
216 215 112 -1
217 216 114 -1
218 217 119 22
219 23 32 -1
220 219 58 -1
221 220 77 -1
222 221 83 -1
223 222 110 23
224 23 34 -1
225 224 37 -1
226 225 38 -1
227 226 41 -1
228 227 46 -1
229 228 120 24
230 5 11 -1
231 230 13 -1
232 231 47 -1
233 232 54 -1
234 233 56 -1
235 234 70 -1
236 235 122 25
237 31 63 -1
238 237 94 -1
239 238 103 -1
240 239 104 26
241 47 53 -1
242 241 72 -1
243 242 115 -1
244 243 116 27
245 34 35 -1
246 245 71 -1
247 246 77 -1
248 247 121 28
249 62 73 -1
250 249 78 -1
251 250 85 -1
252 251 87 29
253 8 17 -1
254 253 37 -1
255 254 74 -1
256 255 91 -1
257 256 96 30
258 55 69 -1
259 258 97 -1
260 259 113 -1
261 260 122 31
262 26 27 -1
263 262 36 -1
264 263 48 -1
265 264 49 -1
266 265 74 -1
267 266 79 32
268 16 50 -1
269 268 82 -1
270 269 92 -1
271 270 119 33
272 3 13 -1
273 272 23 -1
274 273 28 -1
275 274 96 -1
276 275 101 -1
277 276 117 34
278 16 25 -1
279 278 39 -1
280 279 49 -1
281 280 54 -1
282 281 98 -1
283 282 116 35
