38 270
38 3 22 -1
39 17 32 -1
40 26 37 -1
41 15 20 -1
42 18 25 -1
43 16 23 -1
44 1 34 -1
45 4 28 -1
46 0 19 -1
47 2 31 -1
48 29 36 -1
49 9 11 -1
50 10 21 -1
51 6 38 -1
52 13 14 -1
53 5 7 -1
54 27 40 -1
55 35 42 -1
56 12 24 -1
57 39 45 -1
58 17 41 -1
59 27 43 -1
60 9 46 -1
61 28 47 -1
62 44 48 -1
63 12 16 -1
64 31 36 -1
65 33 53 -1
66 25 64 -1
67 6 35 -1
68 37 47 -1
69 10 22 -1
70 8 30 -1
71 20 50 -1
72 30 55 -1
73 49 56 -1
74 1 23 -1
75 9 39 -1
76 41 51 -1
77 19 38 -1
78 11 61 -1
79 34 54 -1
80 17 46 -1
81 24 26 -1
82 29 57 -1
83 74 52 -1
84 13 45 -1
85 5 52 -1
86 14 43 -1
87 13 49 -1
88 44 59 -1
89 15 35 -1
90 7 80 -1
91 2 28 -1
92 32 63 -1
93 5 81 -1
94 16 58 -1
95 60 84 -1
96 0 21 -1
97 54 56 -1
98 89 48 -1
99 40 58 -1
100 36 41 -1
101 12 38 -1
102 40 65 -1
103 6 62 -1
104 53 66 -1
105 27 55 -1
106 2 65 -1
107 21 68 -1
108 75 86 -1
109 30 40 -1
110 18 59 -1
111 51 72 -1
112 66 73 -1
113 87 33 -1
114 25 54 -1
115 42 71 -1
116 15 57 -1
117 18 70 -1
118 14 82 -1
119 39 62 -1
120 24 76 -1
121 13 50 -1
122 102 49 -1
123 110 58 -1
124 23 44 -1
125 4 67 -1
126 93 77 -1
127 95 7 -1
128 11 29 -1
129 23 106 -1
130 129 118 -1
131 130 120 0
132 7 18 -1
133 132 26 -1
134 133 33 -1
135 134 34 -1
136 135 47 -1
137 136 51 -1
138 137 63 -1
139 138 116 1
140 21 37 -1
141 140 92 -1
142 141 103 -1
143 142 127 2
144 3 78 -1
145 144 90 -1
146 145 98 -1
147 146 114 3
148 16 34 -1
149 148 45 -1
150 149 72 -1
151 150 100 -1
152 151 126 4
153 26 59 -1
154 153 90 -1
155 154 91 -1
156 155 111 5
157 25 88 -1
158 157 121 -1
159 158 126 -1
160 159 128 6
161 68 70 -1
162 161 83 -1
163 162 101 -1
164 163 115 7
165 38 71 -1
166 165 79 -1
167 166 82 -1
168 167 85 8
169 8 46 -1
170 169 97 -1
171 170 98 -1
172 171 121 9
173 1 8 -1
174 173 10 -1
175 174 15 -1
176 175 39 -1
177 176 42 -1
178 177 49 -1
179 178 59 -1
180 179 81 10
181 41 50 -1
182 181 63 -1
183 182 67 -1
184 183 122 11
185 1 4 -1
186 185 25 -1
187 186 70 -1
188 187 75 -1
189 188 100 -1
190 189 107 12
191 20 51 -1
192 191 83 -1
193 192 112 13
194 3 7 -1
195 194 62 -1
196 195 108 -1
197 196 109 14
198 5 31 -1
199 198 60 -1
200 199 69 -1
201 200 109 -1
202 201 116 15
203 6 12 -1
204 203 22 -1
205 204 96 -1
206 205 108 -1
207 206 114 16
208 5 6 -1
209 208 46 -1
210 209 105 -1
211 210 113 -1
212 211 124 17
213 20 24 -1
214 213 32 -1
215 214 69 -1
216 215 79 -1
217 216 127 18
218 9 35 -1
219 218 77 -1
220 219 107 -1
221 220 123 19
222 28 42 -1
223 222 65 -1
224 223 69 -1
225 224 80 -1
226 225 97 20
227 10 51 -1
228 227 78 -1
229 228 94 -1
230 229 105 21
231 0 28 -1
232 231 31 -1
233 232 113 -1
234 233 117 -1
235 234 120 22
236 0 45 -1
237 236 53 -1
238 237 64 -1
239 238 73 -1
240 239 115 23
241 2 15 -1
242 241 69 -1
243 242 72 -1
244 243 85 -1
245 244 92 -1
246 245 128 24
247 50 56 -1
248 247 103 -1
249 248 123 25
250 0 4 -1
251 250 15 -1
252 251 52 -1
253 252 79 -1
254 253 111 26
255 35 43 -1
256 255 60 -1
257 256 106 -1
258 257 119 27
259 14 44 -1
260 259 61 -1
261 260 117 -1
262 261 122 28
263 0 3 -1
264 263 37 -1
265 264 44 -1
266 265 50 -1
267 266 57 -1
268 267 104 29
269 22 26 -1
270 269 39 -1
271 270 83 -1
272 271 104 -1
273 272 125 30
274 3 48 -1
275 274 60 -1
276 275 61 -1
277 276 85 -1
278 277 94 31
279 11 30 -1
280 279 63 -1
281 280 68 -1
282 281 71 -1
283 282 119 32
284 23 34 -1
285 284 67 -1
286 285 84 -1
287 286 96 -1
288 287 112 33
289 55 91 -1
290 289 99 -1
291 290 101 -1
292 291 124 34
293 7 11 -1
294 293 19 -1
295 294 48 -1
296 295 86 -1
297 296 99 -1
298 297 125 35
299 29 33 -1
300 299 37 -1
301 300 43 -1
302 301 52 -1
303 302 76 -1
304 303 78 36
305 19 73 -1
306 305 88 -1
307 306 118 37
