40 293
40 9 21 -1
41 0 11 -1
42 17 18 -1
43 19 38 -1
44 20 35 -1
45 12 37 -1
46 10 14 -1
47 26 40 -1
48 6 32 -1
49 4 7 -1
50 16 29 -1
51 15 25 -1
52 2 24 -1
53 3 36 -1
54 22 23 -1
55 28 31 -1
56 39 44 -1
57 5 47 -1
58 16 43 -1
59 1 42 -1
60 8 27 -1
61 39 41 -1
62 15 33 -1
63 34 55 -1
64 13 46 -1
65 14 45 -1
66 30 32 -1
67 6 33 -1
68 42 49 -1
69 35 53 -1
70 8 51 -1
71 5 48 -1
72 9 38 -1
73 26 54 -1
74 11 50 -1
75 20 29 -1
76 3 28 -1
77 31 60 -1
78 52 74 -1
79 9 12 -1
80 10 66 -1
81 18 52 -1
82 7 44 -1
83 27 41 -1
84 0 45 -1
85 43 71 -1
86 13 17 -1
87 2 58 -1
88 78 49 -1
89 3 7 -1
90 20 36 -1
91 22 59 -1
92 21 38 -1
93 19 32 -1
94 29 70 -1
95 37 50 -1
96 48 56 -1
97 17 25 -1
98 34 67 -1
99 16 62 -1
100 48 63 -1
101 86 90 -1
102 34 69 -1
103 0 68 -1
104 57 63 -1
105 18 34 -1
106 49 61 -1
107 64 75 -1
108 4 85 -1
109 37 42 -1
110 24 67 -1
111 82 87 -1
112 109 52 -1
113 30 31 -1
114 4 81 -1
115 23 56 -1
116 19 39 -1
117 23 53 -1
118 27 76 -1
119 24 46 -1
120 25 80 -1
121 3 59 -1
122 22 57 -1
123 28 61 -1
124 28 41 -1
125 65 73 -1
126 51 89 -1
127 1 47 -1
128 36 77 -1
129 83 95 -1
130 39 45 -1
131 21 96 -1
132 23 88 -1
133 98 94 -1
134 12 29 -1
135 114 1 -1
136 6 60 -1
137 10 51 -1
138 12 24 -1
139 138 27 -1
140 139 91 -1
141 140 126 -1
142 141 131 0
143 52 58 -1
144 143 79 -1
145 144 101 -1
146 145 136 -1
147 146 137 1
148 45 61 -1
149 148 68 -1
150 149 73 -1
151 150 75 -1
152 151 119 2
153 36 46 -1
154 153 62 -1
155 154 87 -1
156 155 100 -1
157 156 130 3
158 5 53 -1
159 158 64 -1
160 159 73 -1
161 160 82 -1
162 161 92 -1
163 162 110 4
164 15 22 -1
165 164 43 -1
166 165 47 -1
167 166 53 -1
168 167 63 -1
169 168 112 5
170 28 33 -1
171 170 46 -1
172 171 88 -1
173 172 131 6
174 11 15 -1
175 174 17 -1
176 175 24 -1
177 176 65 -1
178 177 93 -1
179 178 115 -1
180 179 128 7
181 34 56 -1
182 181 66 -1
183 182 76 -1
184 183 99 -1
185 184 125 8
186 7 11 -1
187 186 43 -1
188 187 79 -1
189 188 91 -1
190 189 102 -1
191 190 119 9
192 15 40 -1
193 192 41 -1
194 193 80 -1
195 194 111 10
196 30 50 -1
197 196 65 -1
198 197 122 -1
199 198 126 11
200 8 21 -1
201 200 101 -1
202 201 124 -1
203 202 125 12
204 20 41 -1
205 204 93 -1
206 205 122 -1
207 206 135 13
208 8 10 -1
209 208 50 -1
210 209 86 -1
211 210 108 -1
212 211 130 14
213 5 20 -1
214 213 49 -1
215 214 54 -1
216 215 62 -1
217 216 79 -1
218 217 116 -1
219 218 118 15
220 13 14 -1
221 220 15 -1
222 221 57 -1
223 222 81 -1
224 223 134 -1
225 224 136 16
226 24 51 -1
227 226 64 -1
228 227 95 -1
229 228 116 -1
230 229 127 17
231 8 48 -1
232 231 55 -1
233 232 97 -1
234 233 132 18
235 11 64 -1
236 235 121 -1
237 236 133 19
238 14 58 -1
239 238 59 -1
240 239 71 -1
241 240 117 -1
242 241 124 20
243 8 32 -1
244 243 53 -1
245 244 68 -1
246 245 72 -1
247 246 84 -1
248 247 99 21
249 6 104 -1
250 249 132 22
251 13 33 -1
252 251 56 -1
253 252 89 -1
254 253 93 -1
255 254 104 23
256 18 47 -1
257 256 50 -1
258 257 69 -1
259 258 110 -1
260 259 123 24
261 72 90 -1
262 261 91 -1
263 262 113 -1
264 263 129 25
265 22 36 -1
266 265 92 -1
267 266 106 -1
268 267 133 26
269 5 38 -1
270 269 46 -1
271 270 105 -1
272 271 115 -1
273 272 129 27
274 19 29 -1
275 274 37 -1
276 275 102 -1
277 276 106 -1
278 277 120 28
279 38 40 -1
280 279 77 -1
281 280 96 -1
282 281 103 29
283 7 33 -1
284 283 54 -1
285 284 66 -1
286 285 127 -1
287 286 128 -1
288 287 134 30
289 0 54 -1
290 289 55 -1
291 290 72 -1
292 291 94 -1
293 292 135 31
294 30 40 -1
295 294 85 -1
296 295 107 -1
297 296 117 32
298 25 26 -1
299 298 65 -1
300 299 105 -1
301 300 108 -1
302 301 118 33
303 2 54 -1
304 303 83 -1
305 304 92 -1
306 305 100 -1
307 306 137 34
308 7 20 -1
309 308 40 -1
310 309 58 -1
311 310 112 -1
312 311 123 35
313 26 44 -1
314 313 72 -1
315 314 74 -1
316 315 120 -1
317 316 121 36
318 4 23 -1
319 318 39 -1
320 319 57 -1
321 320 69 -1
322 321 70 -1
323 322 84 37
324 54 84 -1
325 324 97 -1
326 325 111 -1
327 326 113 38
328 19 21 -1
329 328 55 -1
330 329 62 -1
331 330 103 -1
332 331 107 39
