42 312
42 31 36 -1
43 8 35 -1
44 10 22 -1
45 14 25 -1
46 17 28 -1
47 19 38 -1
48 26 29 -1
49 30 33 -1
50 13 27 -1
51 21 24 -1
52 4 43 -1
53 3 20 -1
54 39 41 -1
55 11 42 -1
56 5 9 -1
57 15 44 -1
58 2 45 -1
59 18 49 -1
60 0 1 -1
61 30 32 -1
62 34 50 -1
63 4 11 -1
64 16 40 -1
65 2 55 -1
66 10 28 -1
67 51 56 -1
68 23 37 -1
69 6 46 -1
70 20 31 -1
71 12 53 -1
72 5 21 -1
73 16 48 -1
74 12 24 -1
75 7 23 -1
76 28 42 -1
77 34 41 -1
78 6 54 -1
79 0 18 -1
80 20 21 -1
81 22 72 -1
82 37 48 -1
83 15 70 -1
84 25 26 -1
85 43 47 -1
86 7 52 -1
87 13 68 -1
88 23 66 -1
89 83 41 -1
90 44 62 -1
91 29 52 -1
92 11 32 -1
93 0 35 -1
94 5 58 -1
95 18 45 -1
96 57 60 -1
97 40 77 -1
98 8 75 -1
99 1 3 -1
100 31 33 -1
101 39 69 -1
102 14 42 -1
103 47 63 -1
104 46 61 -1
105 55 78 -1
106 1 67 -1
107 57 80 -1
108 9 35 -1
109 7 12 -1
110 51 54 -1
111 104 102 -1
112 22 30 -1
113 74 99 -1
114 34 73 -1
115 76 94 -1
116 15 43 -1
117 29 54 -1
118 12 76 -1
119 14 27 -1
120 4 61 -1
121 15 52 -1
122 22 89 -1
123 35 47 -1
124 65 93 -1
125 16 37 -1
126 49 71 -1
127 9 19 -1
128 3 64 -1
129 17 57 -1
130 0 25 -1
131 33 81 -1
132 24 38 -1
133 4 29 -1
134 8 50 -1
135 48 53 -1
136 112 36 -1
137 10 17 -1
138 133 68 -1
139 13 47 -1
140 9 27 -1
141 32 100 -1
142 19 66 -1
143 107 65 -1
144 26 62 -1
145 10 41 -1
146 137 126 -1
147 12 61 -1
148 147 69 -1
149 148 140 -1
150 149 143 0
151 34 44 -1
152 151 58 -1
153 152 60 -1
154 153 74 -1
155 154 91 -1
156 155 141 1
157 33 36 -1
158 157 62 -1
159 158 71 -1
160 159 91 -1
161 160 130 -1
162 161 142 2
163 59 69 -1
164 163 84 -1
165 164 86 -1
166 165 122 3
167 33 40 -1
168 167 44 -1
169 168 51 -1
170 169 98 -1
171 170 105 -1
172 171 119 4
173 24 30 -1
174 173 53 -1
175 174 85 -1
176 175 102 -1
177 176 144 -1
178 177 145 5
179 60 98 -1
180 179 111 -1
181 180 117 -1
182 181 132 6
183 71 82 -1
184 183 100 -1
185 184 101 -1
186 185 106 7
187 7 25 -1
188 187 49 -1
189 188 67 -1
190 189 96 -1
191 190 103 8
192 59 65 -1
193 192 101 -1
194 193 128 -1
195 194 139 9
196 6 18 -1
197 196 36 -1
198 197 56 -1
199 198 103 -1
200 199 109 -1
201 200 114 10
202 50 67 -1
203 202 73 -1
204 203 121 -1
205 204 130 11
206 21 26 -1
207 206 33 -1
208 207 34 -1
209 208 55 -1
210 209 87 -1
211 210 96 12
212 37 118 -1
213 212 123 -1
214 213 128 -1
215 214 131 13
216 13 52 -1
217 216 64 -1
218 217 111 -1
219 218 145 14
220 0 38 -1
221 220 86 -1
222 221 143 15
223 28 44 -1
224 223 80 -1
225 224 95 -1
226 225 109 -1
227 226 120 -1
228 227 127 16
229 13 22 -1
230 229 31 -1
231 230 78 -1
232 231 95 -1
233 232 121 -1
234 233 125 17
235 88 97 -1
236 235 103 -1
237 236 140 -1
238 237 141 18
239 94 123 -1
240 239 129 -1
241 240 144 19
242 45 49 -1
243 242 92 -1
244 243 106 -1
245 244 122 20
246 27 35 -1
247 246 51 -1
248 247 58 -1
249 248 99 -1
250 249 136 -1
251 250 138 21
252 58 87 -1
253 252 116 -1
254 253 146 22
255 59 67 -1
256 255 87 -1
257 256 93 -1
258 257 118 23
259 64 88 -1
260 259 110 -1
261 260 120 -1
262 261 135 24
263 46 51 -1
264 263 75 -1
265 264 114 -1
266 265 124 25
267 30 74 -1
268 267 82 -1
269 268 96 -1
270 269 127 -1
271 270 134 26
272 33 46 -1
273 272 63 -1
274 273 84 -1
275 274 90 -1
276 275 110 27
277 2 11 -1
278 277 46 -1
279 278 56 -1
280 279 59 -1
281 280 82 -1
282 281 85 28
283 2 32 -1
284 283 36 -1
285 284 37 -1
286 285 53 -1
287 286 86 -1
288 287 119 -1
289 288 129 29
290 6 8 -1
291 290 26 -1
292 291 77 -1
293 292 113 -1
294 293 115 30
295 20 34 -1
296 295 64 -1
297 296 79 -1
298 297 115 -1
299 298 116 31
300 38 39 -1
301 300 48 -1
302 301 70 -1
303 302 95 -1
304 303 131 -1
305 304 134 32
306 1 14 -1
307 306 18 -1
308 307 105 -1
309 308 138 -1
310 309 142 33
311 5 19 -1
312 311 59 -1
313 312 90 -1
314 313 92 -1
315 314 113 34
316 45 59 -1
317 316 60 -1
318 317 97 -1
319 318 108 -1
320 319 135 35
321 25 32 -1
322 321 38 -1
323 322 90 -1
324 323 101 -1
325 324 108 -1
326 325 125 36
327 39 84 -1
328 327 124 -1
329 328 146 37
330 63 73 -1
331 330 79 -1
332 331 88 -1
333 332 89 -1
334 333 132 38
335 17 45 -1
336 335 50 -1
337 336 61 -1
338 337 72 -1
339 338 78 -1
340 339 91 39
341 5 17 -1
342 341 20 -1
343 342 25 -1
344 343 97 -1
345 344 98 -1
346 345 136 -1
347 346 139 40
348 36 40 -1
349 348 79 -1
350 349 81 -1
351 350 85 -1
352 351 92 -1
353 352 117 41
