44 339
44 4 38 -1
45 27 33 -1
46 21 42 -1
47 14 31 -1
48 3 11 -1
49 23 32 -1
50 13 30 -1
51 10 24 -1
52 15 25 -1
53 9 35 -1
54 18 40 -1
55 7 39 -1
56 1 2 -1
57 17 28 -1
58 20 29 -1
59 5 12 -1
60 16 37 -1
61 6 15 -1
62 34 41 -1
63 19 47 -1
64 26 51 -1
65 3 44 -1
66 0 22 -1
67 38 52 -1
68 14 36 -1
69 8 54 -1
70 18 43 -1
71 37 45 -1
72 29 32 -1
73 12 48 -1
74 9 56 -1
75 39 50 -1
76 26 35 -1
77 8 53 -1
78 46 55 -1
79 5 43 -1
80 23 38 -1
81 4 21 -1
82 12 49 -1
83 27 55 -1
84 27 44 -1
85 61 62 -1
86 43 45 -1
87 22 31 -1
88 42 48 -1
89 5 57 -1
90 2 26 -1
91 6 11 -1
92 37 54 -1
93 4 75 -1
94 17 64 -1
95 36 60 -1
96 36 46 -1
97 1 63 -1
98 31 72 -1
99 34 58 -1
100 50 59 -1
101 28 30 -1
102 65 79 -1
103 41 47 -1
104 7 57 -1
105 10 23 -1
106 35 36 -1
107 13 21 -1
108 8 24 -1
109 0 6 -1
110 52 68 -1
111 45 105 -1
112 109 14 -1
113 82 92 -1
114 14 22 -1
115 19 90 -1
116 49 69 -1
117 16 100 -1
118 21 36 -1
119 74 98 -1
120 24 32 -1
121 7 99 -1
122 17 56 -1
123 30 62 -1
124 33 70 -1
125 60 76 -1
126 19 58 -1
127 51 66 -1
128 106 25 -1
129 49 64 -1
130 20 96 -1
131 50 78 -1
132 69 73 -1
133 16 63 -1
134 31 67 -1
135 107 0 -1
136 33 40 -1
137 61 77 -1
138 3 46 -1
139 29 73 -1
140 20 53 -1
141 35 49 -1
142 58 101 -1
143 16 43 -1
144 32 57 -1
145 40 76 -1
146 4 97 -1
147 68 80 -1
148 19 33 -1
149 34 81 -1
150 28 91 -1
151 32 53 -1
152 44 59 -1
153 11 94 -1
154 52 66 -1
155 141 29 -1
156 2 91 -1
157 156 92 -1
158 157 103 -1
159 158 120 -1
160 159 131 0
161 6 20 -1
162 161 65 -1
163 162 100 -1
164 163 104 -1
165 164 116 1
166 1 15 -1
167 166 37 -1
168 167 66 -1
169 168 83 -1
170 169 88 -1
171 170 89 -1
172 171 123 2
173 96 119 -1
174 173 152 -1
175 174 154 3
176 17 47 -1
177 176 67 -1
178 177 69 -1
179 178 86 -1
180 179 90 -1
181 180 99 4
182 10 11 -1
183 182 20 -1
184 183 25 -1
185 184 41 -1
186 185 84 -1
187 186 113 -1
188 187 115 5
189 23 54 -1
190 189 74 -1
191 190 102 -1
192 191 121 -1
193 192 148 6
194 15 39 -1
195 194 49 -1
196 195 103 -1
197 196 122 -1
198 197 124 -1
199 198 152 7
200 11 24 -1
201 200 42 -1
202 201 56 -1
203 202 121 -1
204 203 125 -1
205 204 147 8
206 63 78 -1
207 206 84 -1
208 207 85 -1
209 208 145 9
210 3 51 -1
211 210 56 -1
212 211 116 -1
213 212 133 -1
214 213 149 10
215 7 21 -1
216 215 79 -1
217 216 85 -1
218 217 140 -1
219 218 147 11
220 1 61 -1
221 220 117 -1
222 221 118 -1
223 222 153 12
224 93 112 -1
225 224 132 -1
226 225 143 13
227 19 20 -1
228 227 39 -1
229 228 48 -1
230 229 127 -1
231 230 128 -1
232 231 144 14
233 6 27 -1
234 233 74 -1
235 234 113 -1
236 235 134 15
237 23 42 -1
238 237 89 -1
239 238 93 -1
240 239 103 -1
241 240 128 16
242 8 13 -1
243 242 35 -1
244 243 45 -1
245 244 62 -1
246 245 87 -1
247 246 122 -1
248 247 126 17
249 7 26 -1
250 249 30 -1
251 250 44 -1
252 251 72 -1
253 252 86 -1
254 253 108 -1
255 254 112 18
256 4 40 -1
257 256 41 -1
258 257 129 -1
259 258 138 -1
260 259 142 19
261 0 31 -1
262 261 53 -1
263 262 71 -1
264 263 129 -1
265 264 149 20
266 48 59 -1
267 266 81 -1
268 267 111 -1
269 268 114 -1
270 269 115 21
271 13 81 -1
272 271 104 -1
273 272 139 -1
274 273 148 -1
275 274 154 22
276 50 62 -1
277 276 86 -1
278 277 139 -1
279 278 146 23
280 18 41 -1
281 280 59 -1
282 281 60 -1
283 282 64 -1
284 283 77 -1
285 284 134 24
286 19 70 -1
287 286 77 -1
288 287 80 -1
289 288 88 -1
290 289 117 25
291 0 18 -1
292 291 83 -1
293 292 110 -1
294 293 150 -1
295 294 155 26
296 28 31 -1
297 296 61 -1
298 297 65 -1
299 298 75 -1
300 299 127 -1
301 300 136 27
302 13 78 -1
303 302 94 -1
304 303 110 -1
305 304 140 28
306 12 22 -1
307 306 65 -1
308 307 123 -1
309 308 143 -1
310 309 144 -1
311 310 145 29
312 5 25 -1
313 312 70 -1
314 313 83 -1
315 314 87 -1
316 315 95 -1
317 316 142 30
318 22 37 -1
319 318 55 -1
320 319 97 -1
321 320 102 -1
322 321 151 31
323 0 46 -1
324 323 48 -1
325 324 58 -1
326 325 105 -1
327 326 124 -1
328 327 133 32
329 46 70 -1
330 329 104 -1
331 330 125 -1
332 331 146 33
333 1 40 -1
334 333 55 -1
335 334 71 -1
336 335 80 -1
337 336 87 -1
338 337 137 34
339 13 67 -1
340 339 71 -1
341 340 88 -1
342 341 114 -1
343 342 155 35
344 9 45 -1
345 344 67 -1
346 345 130 -1
347 346 132 36
348 39 82 -1
349 348 85 -1
350 349 95 -1
351 350 108 -1
352 351 135 37
353 24 34 -1
354 353 102 -1
355 354 130 -1
356 355 137 38
357 6 43 -1
358 357 66 -1
359 358 68 -1
360 359 71 -1
361 360 101 -1
362 361 120 -1
363 362 138 39
364 51 84 -1
365 364 118 -1
366 365 126 -1
367 366 150 -1
368 367 151 40
369 25 28 -1
370 369 44 -1
371 370 60 -1
372 371 111 -1
373 372 131 41
374 34 93 -1
375 374 95 -1
376 375 98 -1
377 376 153 42
378 38 41 -1
379 378 89 -1
380 379 119 -1
381 380 135 -1
382 381 136 43
