46 358
46 4 11 -1
47 7 41 -1
48 20 24 -1
49 0 22 -1
50 10 21 -1
51 16 39 -1
52 42 46 -1
53 32 45 -1
54 5 28 -1
55 30 35 -1
56 6 17 -1
57 3 44 -1
58 12 36 -1
59 2 47 -1
60 33 39 -1
61 1 13 -1
62 27 40 -1
63 31 48 -1
64 19 34 -1
65 8 26 -1
66 25 43 -1
67 23 29 -1
68 37 50 -1
69 9 30 -1
70 20 44 -1
71 15 31 -1
72 45 58 -1
73 5 12 -1
74 14 15 -1
75 7 18 -1
76 17 34 -1
77 6 52 -1
78 19 46 -1
79 24 40 -1
80 51 55 -1
81 28 49 -1
82 32 38 -1
83 10 49 -1
84 4 54 -1
85 9 63 -1
86 2 65 -1
87 23 35 -1
88 34 59 -1
89 62 69 -1
90 0 33 -1
91 25 57 -1
92 61 82 -1
93 43 76 -1
94 8 47 -1
95 1 11 -1
96 56 66 -1
97 4 40 -1
98 8 53 -1
99 21 61 -1
100 14 81 -1
101 15 57 -1
102 38 52 -1
103 5 41 -1
104 24 50 -1
105 33 64 -1
106 3 86 -1
107 42 51 -1
108 44 67 -1
109 26 60 -1
110 97 29 -1
111 16 29 -1
112 14 31 -1
113 22 74 -1
114 0 64 -1
115 10 27 -1
116 12 49 -1
117 25 70 -1
118 23 56 -1
119 7 85 -1
120 13 28 -1
121 26 72 -1
122 41 84 -1
123 65 83 -1
124 36 99 -1
125 58 106 -1
126 43 77 -1
127 12 88 -1
128 19 100 -1
129 70 71 -1
130 17 102 -1
131 24 35 -1
132 94 104 -1
133 42 114 -1
134 127 45 -1
135 73 85 -1
136 32 52 -1
137 30 53 -1
138 6 22 -1
139 66 108 -1
140 7 13 -1
141 45 79 -1
142 68 87 -1
143 71 105 -1
144 9 60 -1
145 3 19 -1
146 125 75 -1
147 53 62 -1
148 36 60 -1
149 56 72 -1
150 17 21 -1
151 59 107 -1
152 38 80 -1
153 136 23 -1
154 42 48 -1
155 37 54 -1
156 18 98 -1
157 59 60 -1
158 157 84 -1
159 158 113 -1
160 159 118 -1
161 160 154 0
162 1 7 -1
163 162 9 -1
164 163 44 -1
165 164 45 -1
166 165 55 -1
167 166 111 -1
168 167 123 -1
169 168 154 1
170 20 51 -1
171 170 53 -1
172 171 71 -1
173 172 75 -1
174 173 83 -1
175 174 130 2
176 38 39 -1
177 176 59 -1
178 177 68 -1
179 178 79 -1
180 179 96 -1
181 180 98 3
182 10 36 -1
183 182 63 -1
184 183 78 -1
185 184 80 -1
186 185 90 -1
187 186 101 4
188 27 117 -1
189 188 142 -1
190 189 144 -1
191 190 149 5
192 25 33 -1
193 192 116 -1
194 193 119 -1
195 194 150 -1
196 195 153 6
197 33 70 -1
198 197 92 -1
199 198 111 -1
200 199 115 -1
201 200 122 -1
202 201 138 7
203 53 95 -1
204 203 103 -1
205 204 113 -1
206 205 117 -1
207 206 152 8
208 30 45 -1
209 208 68 -1
210 209 120 -1
211 210 129 -1
212 211 151 9
213 28 41 -1
214 213 69 -1
215 214 74 -1
216 215 77 -1
217 216 82 -1
218 217 109 -1
219 218 145 10
220 6 27 -1
221 220 61 -1
222 221 123 -1
223 222 134 11
224 0 11 -1
225 224 15 -1
226 225 68 -1
227 226 92 -1
228 227 139 12
229 27 32 -1
230 229 42 -1
231 230 108 -1
232 231 109 -1
233 232 135 13
234 5 15 -1
235 234 22 -1
236 235 48 -1
237 236 50 -1
238 237 78 -1
239 238 149 14
240 10 14 -1
241 240 35 -1
242 241 39 -1
243 242 110 -1
244 243 121 -1
245 244 133 15
246 1 33 -1
247 246 59 -1
248 247 81 -1
249 248 126 -1
250 249 131 16
251 34 91 -1
252 251 100 -1
253 252 124 -1
254 253 141 17
255 96 121 -1
256 255 128 -1
257 256 140 18
258 0 40 -1
259 258 46 -1
260 259 50 -1
261 260 54 -1
262 261 58 -1
263 262 119 19
264 22 73 -1
265 264 79 -1
266 265 126 -1
267 266 137 -1
268 267 145 20
269 4 21 -1
270 269 35 -1
271 270 96 -1
272 271 101 -1
273 272 103 -1
274 273 144 21
275 15 55 -1
276 275 75 -1
277 276 95 -1
278 277 105 -1
279 278 135 22
280 16 22 -1
281 280 28 -1
282 281 47 -1
283 282 63 -1
284 283 93 -1
285 284 142 23
286 10 25 -1
287 286 84 -1
288 287 109 -1
289 288 114 -1
290 289 137 -1
291 290 140 24
292 4 57 -1
293 292 62 -1
294 293 83 -1
295 294 93 -1
296 295 152 25
297 20 77 -1
298 297 90 -1
299 298 99 -1
300 299 111 -1
301 300 147 26
302 78 106 -1
303 302 141 -1
304 303 148 -1
305 304 155 27
306 0 43 -1
307 306 89 -1
308 307 103 -1
309 308 104 -1
310 309 130 28
311 13 21 -1
312 311 31 -1
313 312 41 -1
314 313 107 -1
315 314 139 -1
316 315 147 29
317 17 18 -1
318 317 41 -1
319 318 51 -1
320 319 64 -1
321 320 68 -1
322 321 89 -1
323 322 95 30
324 54 112 -1
325 324 131 -1
326 325 146 -1
327 326 150 31
328 46 57 -1
329 328 87 -1
330 329 90 -1
331 330 120 -1
332 331 132 32
333 14 69 -1
334 333 93 -1
335 334 94 -1
336 335 115 -1
337 336 153 33
338 43 54 -1
339 338 61 -1
340 339 118 -1
341 340 129 -1
342 341 133 34
343 28 80 -1
344 343 110 -1
345 344 146 35
346 0 4 -1
347 346 16 -1
348 347 19 -1
349 348 36 -1
350 349 48 -1
351 350 67 -1
352 351 91 -1
353 352 156 36
354 55 65 -1
355 354 67 -1
356 355 78 -1
357 356 92 -1
358 357 116 37
359 11 56 -1
360 359 63 -1
361 360 73 -1
362 361 86 -1
363 362 87 -1
364 363 91 38
365 0 3 -1
366 365 9 -1
367 366 13 -1
368 367 102 -1
369 368 112 -1
370 369 134 39
371 8 11 -1
372 371 43 -1
373 372 58 -1
374 373 128 -1
375 374 151 40
376 35 66 -1
377 376 122 -1
378 377 143 -1
379 378 156 41
380 11 62 -1
381 380 112 -1
382 381 132 -1
383 382 138 -1
384 383 148 42
385 3 8 -1
386 385 21 -1
387 386 67 -1
388 387 88 -1
389 388 89 -1
390 389 113 43
391 1 27 -1
392 391 30 -1
393 392 39 -1
394 393 47 -1
395 394 49 -1
396 395 76 -1
397 396 101 -1
398 397 155 44
399 17 37 -1
400 399 55 -1
401 400 110 -1
402 401 124 -1
403 402 143 45
