48 379
48 36 47 -1
49 14 31 -1
50 37 43 -1
51 32 39 -1
52 16 33 -1
53 27 38 -1
54 17 46 -1
55 4 40 -1
56 25 30 -1
57 2 6 -1
58 22 42 -1
59 8 41 -1
60 0 21 -1
61 19 23 -1
62 20 26 -1
63 1 24 -1
64 9 29 -1
65 12 40 -1
66 10 28 -1
67 35 45 -1
68 34 48 -1
69 13 18 -1
70 36 52 -1
71 7 43 -1
72 23 44 -1
73 16 49 -1
74 15 25 -1
75 5 57 -1
76 17 36 -1
77 3 12 -1
78 14 21 -1
79 20 41 -1
80 70 75 -1
81 39 42 -1
82 9 22 -1
83 7 11 -1
84 37 53 -1
85 19 35 -1
86 50 62 -1
87 0 30 -1
88 29 51 -1
89 50 60 -1
90 6 54 -1
91 28 34 -1
92 8 20 -1
93 10 38 -1
94 32 44 -1
95 26 61 -1
96 31 65 -1
97 5 63 -1
98 2 35 -1
99 15 59 -1
100 16 56 -1
101 28 47 -1
102 27 46 -1
103 3 17 -1
104 23 73 -1
105 25 59 -1
106 34 47 -1
107 18 38 -1
108 42 55 -1
109 1 53 -1
110 12 43 -1
111 33 66 -1
112 63 91 -1
113 45 69 -1
114 5 48 -1
115 11 49 -1
116 35 93 -1
117 31 79 -1
118 21 50 -1
119 64 68 -1
120 13 109 -1
121 51 74 -1
122 58 105 -1
123 17 61 -1
124 54 55 -1
125 39 55 -1
126 41 44 -1
127 24 40 -1
128 24 86 -1
129 4 14 -1
130 0 58 -1
131 116 103 -1
132 71 92 -1
133 54 72 -1
134 11 76 -1
135 13 84 -1
136 14 108 -1
137 67 68 -1
138 1 81 -1
139 51 90 -1
140 22 32 -1
141 71 80 -1
142 16 85 -1
143 7 84 -1
144 65 89 -1
145 2 18 -1
146 18 77 -1
147 11 111 -1
148 3 78 -1
149 4 113 -1
150 69 114 -1
151 19 27 -1
152 47 52 -1
153 83 98 -1
154 107 110 -1
155 60 88 -1
156 10 115 -1
157 46 93 -1
158 0 56 -1
159 14 33 -1
160 125 86 -1
161 41 61 -1
162 159 57 -1
163 32 37 -1
164 163 27 -1
165 152 24 -1
166 65 67 -1
167 19 94 -1
168 6 58 -1
169 2 94 -1
170 17 56 -1
171 120 8 -1
172 21 43 -1
173 172 58 -1
174 173 80 -1
175 174 127 -1
176 175 131 0
177 9 95 -1
178 177 126 -1
179 178 141 -1
180 179 158 1
181 45 52 -1
182 181 57 -1
183 182 108 -1
184 183 143 -1
185 184 155 2
186 47 66 -1
187 186 100 -1
188 187 117 -1
189 188 124 -1
190 189 153 3
191 12 28 -1
192 191 42 -1
193 192 87 -1
194 193 92 -1
195 194 102 -1
196 195 142 -1
197 196 150 4
198 48 64 -1
199 198 66 -1
200 199 71 -1
201 200 90 -1
202 201 146 -1
203 202 167 5
204 5 49 -1
205 204 66 -1
206 205 68 -1
207 206 74 -1
208 207 123 -1
209 208 143 6
210 6 10 -1
211 210 36 -1
212 211 104 -1
213 212 109 -1
214 213 160 7
215 7 32 -1
216 215 76 -1
217 216 77 -1
218 217 95 -1
219 218 168 -1
220 219 171 8
221 45 72 -1
222 221 80 -1
223 222 82 -1
224 223 96 -1
225 224 164 9
226 2 10 -1
227 226 51 -1
228 227 78 -1
229 228 95 -1
230 229 100 -1
231 230 102 -1
232 231 113 10
233 12 29 -1
234 233 41 -1
235 234 58 -1
236 235 106 -1
237 236 157 -1
238 237 162 -1
239 238 167 11
240 5 11 -1
241 240 43 -1
242 241 53 -1
243 242 59 -1
244 243 106 -1
245 244 133 -1
246 245 145 12
247 18 25 -1
248 247 73 -1
249 248 128 -1
250 249 130 -1
251 250 151 13
252 46 62 -1
253 252 96 -1
254 253 140 -1
255 254 161 -1
256 255 165 14
257 3 18 -1
258 257 44 -1
259 258 60 -1
260 259 63 -1
261 260 68 -1
262 261 102 -1
263 262 117 15
264 6 64 -1
265 264 74 -1
266 265 106 -1
267 266 135 -1
268 267 166 16
269 22 67 -1
270 269 83 -1
271 270 127 -1
272 271 148 -1
273 272 150 17
274 14 52 -1
275 274 60 -1
276 275 81 -1
277 276 83 -1
278 277 112 -1
279 278 126 18
280 30 53 -1
281 280 64 -1
282 281 97 -1
283 282 123 -1
284 283 149 19
285 20 45 -1
286 285 70 -1
287 286 74 -1
288 287 91 -1
289 288 148 -1
290 289 169 20
291 29 48 -1
292 291 105 -1
293 292 110 -1
294 293 115 -1
295 294 124 21
296 25 54 -1
297 296 97 -1
298 297 136 -1
299 298 145 -1
300 299 164 22
301 26 45 -1
302 301 107 -1
303 302 119 -1
304 303 140 -1
305 304 147 23
306 20 30 -1
307 306 38 -1
308 307 40 -1
309 308 44 -1
310 309 88 -1
311 310 141 24
312 5 39 -1
313 312 82 -1
314 313 99 -1
315 314 111 -1
316 315 144 25
317 62 64 -1
318 317 69 -1
319 318 87 -1
320 319 131 -1
321 320 138 26
322 22 55 -1
323 322 100 -1
324 323 119 -1
325 324 171 27
326 76 99 -1
327 326 138 -1
328 327 154 -1
329 328 162 28
330 79 87 -1
331 330 88 -1
332 331 97 -1
333 332 147 -1
334 333 151 29
335 28 30 -1
336 335 37 -1
337 336 49 -1
338 337 55 -1
339 338 67 -1
340 339 75 -1
341 340 81 -1
342 341 103 30
343 48 56 -1
344 343 128 -1
345 344 157 -1
346 345 166 31
347 77 82 -1
348 347 139 -1
349 348 156 -1
350 349 158 32
351 62 71 -1
352 351 85 -1
353 352 122 -1
354 353 155 33
355 51 72 -1
356 355 87 -1
357 356 129 -1
358 357 154 -1
359 358 165 34
360 78 101 -1
361 360 122 -1
362 361 160 35
363 8 30 -1
364 363 50 -1
365 364 61 -1
366 365 73 -1
367 366 146 -1
368 367 153 36
369 23 27 -1
370 369 39 -1
371 370 92 -1
372 371 118 -1
373 372 137 -1
374 373 168 37
375 9 85 -1
376 375 99 -1
377 376 134 -1
378 377 136 -1
379 378 169 38
380 7 13 -1
381 380 42 -1
382 381 70 -1
383 382 112 -1
384 383 144 39
385 1 13 -1
386 385 89 -1
387 386 114 -1
388 387 156 -1
389 388 161 40
390 9 79 -1
391 390 89 -1
392 391 96 -1
393 392 101 -1
394 393 133 41
395 15 22 -1
396 395 38 -1
397 396 49 -1
398 397 112 -1
399 398 132 -1
400 399 170 42
401 16 31 -1
402 401 44 -1
403 402 46 -1
404 403 121 -1
405 404 130 -1
406 405 137 43
407 82 90 -1
408 407 101 -1
409 408 129 -1
410 409 135 -1
411 410 142 44
412 72 118 -1
413 412 121 -1
414 413 134 -1
415 414 149 45
416 4 9 -1
417 416 26 -1
418 417 59 -1
419 418 66 -1
420 419 98 -1
421 420 104 -1
422 421 170 46
423 40 64 -1
424 423 104 -1
425 424 132 -1
426 425 139 47
