40 18 33 -1
41 10 25 -1
42 2 17 -1
43 9 34 -1
44 1 26 -1
45 7 24 -1
46 15 32 -1
47 16 31 -1
48 0 23 -1
49 14 39 -1
50 19 27 -1
51 27 35 -1
52 11 19 -1
53 3 11 -1
54 3 35 -1
55 8 47 -1
56 4 31 -1
57 8 48 -1
58 21 23 -1
59 16 24 -1
60 36 58 -1
61 53 60 -1
62 29 56 -1
63 18 28 -1
64 38 40 -1
65 13 15 -1
66 5 46 -1
67 32 37 -1
68 12 50 -1
69 10 20 -1
70 30 41 -1
71 40 44 -1
72 42 43 -1
73 43 44 -1
74 29 39 -1
75 52 62 -1
76 45 67 -1
77 72 76 33
78 22 34 -1
79 2 12 -1
80 6 71 -1
81 53 80 26
82 37 79 -1
83 6 14 -1
84 26 36 -1
85 18 84 -1
86 58 83 -1
87 38 65 -1
88 22 30 -1
89 25 64 -1
90 17 70 -1
91 17 68 -1
92 1 49 -1
93 7 72 -1
94 54 64 -1
95 41 94 34
96 41 66 -1
97 51 69 -1
98 63 87 -1
99 0 46 -1
100 21 31 -1
101 94 98 -1
102 13 40 -1
103 7 66 -1
104 57 102 -1
105 41 104 17
106 0 42 -1
107 96 106 25
108 22 50 -1
109 72 108 10
110 59 73 -1
111 74 110 1
112 82 88 -1
113 49 112 30
114 24 75 -1
115 85 114 12
116 99 101 -1
117 100 116 37
118 62 78 -1
119 83 118 38
120 38 84 -1
121 86 120 6
122 51 70 -1
123 42 122 2
124 52 73 -1
125 14 124 18
126 69 90 -1
127 99 126 8
128 30 98 -1
129 6 128 14
130 92 93 -1
131 91 130 27
132 55 85 -1
133 80 132 32
134 55 71 -1
135 21 134 9
136 77 82 -1
137 78 136 16
138 57 89 -1
139 63 138 0
140 26 100 -1
141 89 140 -1
142 61 141 3
143 49 86 -1
144 11 55 -1
145 143 144 23
146 15 97 -1
147 93 146 -1
148 78 147 19
149 9 32 -1
150 23 101 -1
151 102 150 -1
152 90 151 11
153 30 103 -1
154 35 153 -1
155 48 154 39
156 59 66 -1
157 91 156 -1
158 67 157 13
159 114 149 -1
160 76 159 -1
161 55 160 21
162 1 74 -1
163 57 61 -1
164 162 163 29
165 10 61 -1
166 16 165 -1
167 63 166 20
168 4 92 -1
169 9 168 -1
170 59 169 24
171 31 57 -1
172 3 87 -1
173 171 172 31
174 18 34 -1
175 80 174 -1
176 74 175 -1
177 75 176 35
178 23 96 -1
179 97 178 -1
180 24 65 -1
181 179 180 5
182 15 108 -1
183 19 76 -1
184 39 183 -1
185 182 184 7
186 14 67 -1
187 47 183 -1
188 74 187 -1
189 186 188 15
190 68 169 -1
191 186 190 -1
192 73 191 4
193 38 149 -1
194 96 123 -1
195 148 194 -1
196 193 195 22
197 33 101 -1
198 8 69 -1
199 197 198 -1
200 2 199 28
201 25 149 -1
202 147 201 -1
203 107 202 -1
204 79 203 36
