40 23 30 -1
41 15 22 -1
42 31 38 -1
43 7 14 -1
44 6 39 -1
45 5 42 -1
46 37 40 -1
47 29 41 -1
48 21 43 -1
49 13 44 -1
50 1 8 -1
51 0 33 -1
52 9 16 -1
53 17 24 -1
54 25 32 -1
55 7 45 -1
56 31 47 -1
57 5 36 -1
58 3 10 -1
59 23 48 -1
60 12 21 -1
61 19 26 -1
62 39 46 -1
63 28 37 -1
64 2 35 -1
65 15 49 -1
66 4 13 -1
67 20 29 -1
68 11 18 -1
69 27 34 -1
70 8 24 -1
71 0 16 -1
72 59 62 -1
73 10 26 -1
74 55 60 -1
75 56 65 -1
76 62 65 -1
77 2 18 -1
78 19 56 -1
79 3 75 -1
80 35 55 -1
81 20 36 -1
82 12 28 -1
83 59 70 -1
84 32 83 16
85 63 72 -1
86 31 85 15
87 5 46 -1
88 7 76 -1
89 66 88 39
90 24 71 -1
91 65 90 24
92 15 74 -1
93 59 92 31
94 72 83 -1
95 0 94 0
96 32 56 -1
97 71 96 8
98 23 75 -1
99 67 98 23
100 40 78 -1
101 74 100 -1
102 29 101 22
103 35 53 -1
104 58 78 -1
105 103 104 11
106 25 51 -1
107 9 41 -1
108 106 107 17
109 43 57 -1
110 79 109 -1
111 13 110 38
112 29 48 -1
113 37 112 -1
114 66 113 -1
115 68 114 21
116 33 40 -1
117 17 116 -1
118 50 117 9
119 33 44 -1
120 9 53 -1
121 119 120 33
122 49 58 -1
123 109 122 -1
124 112 123 29
125 50 79 -1
126 69 78 -1
127 125 126 27
128 67 87 -1
129 13 128 -1
130 69 129 5
131 51 77 -1
132 15 26 -1
133 131 132 26
134 6 87 -1
135 85 134 -1
136 80 135 6
137 34 52 -1
138 77 137 -1
139 31 138 10
140 11 80 -1
141 61 140 -1
142 51 141 35
143 39 73 -1
144 64 143 -1
145 103 144 2
146 23 73 -1
147 50 146 -1
148 34 147 18
149 55 57 -1
150 56 149 -1
151 39 150 7
152 16 55 -1
153 32 152 -1
154 8 153 32
155 43 54 -1
156 1 155 -1
157 17 156 25
158 42 52 -1
159 1 25 -1
160 158 159 1
161 10 54 -1
162 34 161 -1
163 7 162 -1
164 18 163 34
165 68 69 -1
166 59 165 -1
167 35 138 -1
168 166 167 19
169 58 162 -1
170 166 169 -1
171 72 170 3
172 88 128 -1
173 40 172 -1
174 55 173 -1
175 27 174 14
176 25 115 -1
177 21 129 -1
178 109 177 -1
179 176 178 12
180 63 64 -1
181 177 180 -1
182 45 181 -1
183 128 182 37
184 9 114 -1
185 87 184 -1
186 181 185 28
187 36 41 -1
188 17 58 -1
189 82 187 -1
190 188 189 20
191 26 87 -1
192 31 55 -1
193 101 192 -1
194 191 193 13
195 11 72 -1
196 41 195 -1
197 66 196 -1
198 21 197 30
199 1 44 -1
200 12 69 -1
201 81 199 -1
202 200 201 36
203 4 82 -1
204 42 61 -1
205 203 204 -1
206 33 205 4
