40 7 39 -1
41 23 31 -1
42 15 30 -1
43 22 40 -1
44 14 43 -1
45 0 8 -1
46 16 24 -1
47 25 33 -1
48 1 9 -1
49 17 32 -1
50 6 41 -1
51 38 50 -1
52 7 15 -1
53 2 34 -1
54 10 18 -1
55 19 27 -1
56 3 11 -1
57 12 20 -1
58 28 36 -1
59 29 37 -1
60 13 21 -1
61 0 23 -1
62 5 42 -1
63 22 60 -1
64 26 35 -1
65 8 52 -1
66 51 65 31
67 24 41 -1
68 44 67 15
69 9 45 -1
70 34 48 -1
71 17 47 -1
72 49 53 -1
73 10 25 -1
74 31 32 -1
75 23 59 -1
76 21 57 -1
77 1 16 -1
78 44 62 -1
79 42 63 -1
80 51 79 14
81 44 52 -1
82 12 55 -1
83 35 57 -1
84 8 26 -1
85 24 72 -1
86 4 36 -1
87 83 86 -1
88 28 86 -1
89 3 54 -1
90 18 27 -1
91 13 38 -1
92 56 64 -1
93 2 11 -1
94 49 65 -1
95 46 94 16
96 43 74 -1
97 42 96 7
98 46 70 -1
99 47 98 1
100 19 24 -1
101 70 85 -1
102 33 101 33
103 44 75 -1
104 51 103 38
105 6 37 -1
106 78 105 30
107 0 5 -1
108 31 39 -1
109 32 45 -1
110 69 71 -1
111 18 110 17
112 33 67 -1
113 109 112 0
114 27 87 -1
115 107 114 36
116 71 84 -1
117 77 116 9
118 46 69 -1
119 40 118 24
120 72 73 -1
121 64 120 2
122 0 53 -1
123 47 89 -1
124 122 123 34
125 77 108 -1
126 109 125 32
127 48 120 -1
128 122 127 25
129 26 32 -1
130 16 22 -1
131 50 81 -1
132 130 131 23
133 29 79 -1
134 91 133 -1
135 131 134 6
136 8 133 -1
137 78 86 -1
138 136 137 29
139 16 76 -1
140 56 139 -1
141 58 140 20
142 41 90 -1
143 36 142 -1
144 92 143 3
145 41 91 -1
146 108 145 -1
147 78 146 22
148 93 128 -1
149 111 148 -1
150 129 149 26
151 37 82 -1
152 88 151 -1
153 32 152 4
154 38 61 -1
155 40 42 -1
156 154 155 39
157 56 82 -1
158 53 157 -1
159 40 158 27
160 24 76 -1
161 78 160 -1
162 103 161 13
163 26 54 -1
164 98 100 -1
165 163 164 18
166 85 129 -1
167 90 166 -1
168 9 167 10
169 20 100 -1
170 29 169 -1
171 11 170 -1
172 88 171 12
173 25 32 -1
174 15 61 -1
175 173 174 -1
176 46 175 8
177 92 164 -1
178 9 125 -1
179 177 178 -1
180 4 179 35
181 28 167 -1
182 148 181 -1
183 176 177 -1
184 182 183 11
185 60 108 -1
186 58 185 -1
187 107 186 -1
188 105 187 37
189 10 93 -1
190 52 189 -1
191 82 190 -1
192 83 191 19
193 3 13 -1
194 87 193 -1
195 8 194 -1
196 58 195 28
197 59 63 -1
198 4 12 -1
199 16 198 -1
200 52 197 -1
201 199 200 21
202 74 91 -1
203 20 202 -1
204 75 203 -1
205 28 204 -1
206 5 205 5
