40 7 38 -1
41 14 23 -1
42 30 39 -1
43 22 31 -1
44 6 15 -1
45 8 25 -1
46 16 33 -1
47 9 32 -1
48 0 17 -1
49 1 24 -1
50 0 26 -1
51 8 34 -1
52 18 32 -1
53 10 24 -1
54 2 16 -1
55 27 53 -1
56 11 51 -1
57 35 52 -1
58 3 50 -1
59 19 54 -1
60 5 22 -1
61 36 60 -1
62 13 30 -1
63 4 62 -1
64 21 38 -1
65 12 64 -1
66 6 29 -1
67 14 37 -1
68 28 67 -1
69 20 66 -1
70 43 47 -1
71 50 70 8
72 42 48 -1
73 51 72 0
74 44 46 -1
75 53 74 24
76 41 49 -1
77 52 76 16
78 40 45 -1
79 54 78 32
80 39 44 -1
81 23 42 -1
82 15 43 -1
83 31 40 -1
84 7 41 -1
85 31 57 -1
86 48 58 -1
87 46 59 -1
88 23 55 -1
89 7 56 -1
90 15 16 -1
91 0 39 -1
92 33 88 -1
93 49 92 9
94 52 55 -1
95 4 94 34
96 15 25 -1
97 87 96 17
98 12 57 -1
99 50 98 26
100 39 86 -1
101 9 100 33
102 60 84 -1
103 70 102 31
104 67 76 -1
105 80 104 39
106 62 82 -1
107 72 106 23
108 28 56 -1
109 54 108 10
110 17 45 -1
111 89 110 25
112 66 74 -1
113 83 112 7
114 20 51 -1
115 58 114 18
116 78 81 -1
117 64 116 15
118 36 53 -1
119 59 118 2
120 2 8 -1
121 1 47 -1
122 85 121 1
123 47 65 -1
124 3 66 -1
125 123 124 29
126 65 90 -1
127 30 126 -1
128 84 127 22
129 45 68 -1
130 60 129 -1
131 19 130 13
132 32 81 -1
133 83 91 -1
134 14 61 -1
135 133 134 38
136 35 64 -1
137 63 136 -1
138 49 137 37
139 27 62 -1
140 46 139 -1
141 61 140 5
142 48 67 -1
143 11 142 -1
144 69 143 21
145 10 36 -1
146 45 145 -1
147 110 143 -1
148 131 142 -1
149 90 146 -1
150 148 149 20
151 68 132 -1
152 6 31 -1
153 151 152 6
154 18 88 -1
155 146 154 -1
156 63 155 12
157 132 147 -1
158 115 157 -1
159 26 41 -1
160 158 159 3
161 68 89 -1
162 47 114 -1
163 120 161 -1
164 162 163 28
165 87 151 -1
166 5 78 -1
167 157 165 -1
168 166 167 35
169 63 80 -1
170 7 22 -1
171 169 170 -1
172 8 171 30
173 24 38 -1
174 23 173 -1
175 82 174 -1
176 69 175 14
177 16 173 -1
178 121 137 -1
179 77 178 -1
180 139 179 -1
181 177 180 19
182 12 24 -1
183 29 43 -1
184 35 183 -1
185 86 184 -1
186 182 185 11
187 12 124 -1
188 91 187 -1
189 8 114 -1
190 188 189 -1
191 49 190 36
192 18 26 -1
193 85 192 -1
194 4 193 -1
195 46 65 -1
196 194 195 4
197 93 120 -1
198 23 119 -1
199 13 75 -1
200 197 199 -1
201 198 200 27
