40 9 16 -1
41 17 24 -1
42 0 33 -1
43 1 8 -1
44 25 32 -1
45 7 22 -1
46 14 39 -1
47 15 30 -1
48 6 31 -1
49 23 38 -1
50 5 23 -1
51 15 37 -1
52 7 29 -1
53 13 31 -1
54 21 39 -1
55 20 50 -1
56 19 26 -1
57 9 34 -1
58 27 57 -1
59 2 17 -1
60 35 59 -1
61 10 25 -1
62 3 61 -1
63 18 33 -1
64 11 63 -1
65 28 53 -1
66 4 52 -1
67 12 51 -1
68 36 54 -1
69 40 48 -1
70 41 46 -1
71 42 47 -1
72 44 45 -1
73 8 49 -1
74 1 56 -1
75 4 74 -1
76 32 48 -1
77 16 47 -1
78 24 49 -1
79 0 46 -1
80 48 65 -1
81 15 43 -1
82 46 68 -1
83 47 67 -1
84 8 23 -1
85 45 66 -1
86 16 31 -1
87 24 39 -1
88 7 32 -1
89 14 76 -1
90 85 89 38
91 23 69 -1
92 54 91 23
93 36 62 -1
94 63 93 34
95 39 51 -1
96 72 95 7
97 6 82 -1
98 78 97 6
99 22 79 -1
100 83 99 30
101 44 71 -1
102 63 101 8
103 26 73 -1
104 42 103 0
105 12 74 -1
106 57 105 18
107 40 70 -1
108 59 107 24
109 49 53 -1
110 81 109 31
111 19 64 -1
112 75 111 26
113 77 80 -1
114 38 113 14
115 20 58 -1
116 59 115 10
117 7 71 -1
118 50 117 39
119 43 57 -1
120 69 119 32
121 61 72 -1
122 41 121 16
123 31 70 -1
124 52 123 15
125 60 61 -1
126 28 125 2
127 1 87 -1
128 16 127 -1
129 58 128 1
130 19 51 -1
131 66 130 -1
132 40 131 21
133 0 25 -1
134 84 133 -1
135 64 134 17
136 43 52 -1
137 11 136 -1
138 68 137 29
139 3 54 -1
140 65 139 -1
141 42 140 37
142 8 13 -1
143 11 76 -1
144 37 143 -1
145 75 144 35
146 33 86 -1
147 8 74 -1
148 146 147 9
149 24 60 -1
150 9 88 -1
151 149 150 33
152 27 50 -1
153 41 67 -1
154 152 153 13
155 45 55 -1
156 20 59 -1
157 30 155 -1
158 73 157 22
159 35 155 -1
160 72 159 -1
161 53 160 5
162 152 155 -1
163 60 142 -1
164 162 163 19
165 68 139 -1
166 78 165 -1
167 29 166 -1
168 64 167 3
169 5 130 -1
170 58 169 -1
171 79 170 -1
172 67 171 27
173 3 77 -1
174 59 173 -1
175 126 174 -1
176 21 175 11
177 0 17 -1
178 15 32 -1
179 62 177 -1
180 178 179 25
181 18 142 -1
182 97 181 -1
183 140 182 -1
184 92 183 20
185 125 156 -1
186 81 133 -1
187 80 186 -1
188 185 187 28
189 36 86 -1
190 11 41 -1
191 85 190 -1
192 189 191 -1
193 26 192 12
194 4 83 -1
195 44 194 -1
196 19 87 -1
197 34 195 -1
198 196 197 4
199 42 156 -1
200 78 199 -1
201 51 200 -1
202 88 154 -1
203 201 202 36
