40 9 39 -1
41 28 38 -1
42 19 40 -1
43 41 42 9
44 0 10 -1
45 20 40 -1
46 44 45 10
47 29 39 -1
48 30 47 -1
49 44 48 0
50 8 18 -1
51 19 47 -1
52 50 51 29
53 7 17 -1
54 18 53 -1
55 41 54 28
56 27 37 -1
57 38 56 -1
58 50 57 8
59 28 47 -1
60 43 59 -1
61 8 60 19
62 9 18 -1
63 59 62 39
64 7 50 -1
65 55 64 -1
66 27 65 38
67 37 64 -1
68 28 67 18
69 9 19 -1
70 10 69 -1
71 45 70 -1
72 49 71 30
73 30 40 -1
74 71 73 20
75 1 31 -1
76 2 12 -1
77 22 75 -1
78 76 77 12
79 21 32 -1
80 31 76 -1
81 79 80 2
82 2 11 -1
83 79 82 -1
84 22 83 32
85 21 75 -1
86 47 71 -1
87 85 86 31
88 84 85 -1
89 80 88 22
90 11 48 -1
91 20 75 -1
92 90 91 1
93 6 36 -1
94 15 25 -1
95 93 94 -1
96 26 95 36
97 4 34 -1
98 5 97 -1
99 94 98 15
100 25 35 -1
101 16 93 -1
102 100 101 6
103 14 24 -1
104 5 100 -1
105 103 104 35
106 13 23 -1
107 97 106 -1
108 24 107 34
109 3 33 -1
110 4 109 -1
111 103 110 14
112 23 33 -1
113 107 111 -1
114 112 113 24
115 14 112 -1
116 97 115 4
117 14 94 -1
118 35 117 -1
119 4 118 25
120 34 105 -1
121 117 120 5
122 76 106 -1
123 69 122 -1
124 33 123 23
125 27 53 -1
126 93 125 -1
127 40 126 17
128 6 16 -1
129 35 128 -1
130 104 129 -1
131 96 130 26
132 5 129 -1
133 26 132 16
134 56 128 -1
135 17 134 -1
136 69 135 27
137 87 92 -1
138 0 137 -1
139 1 138 -1
140 70 139 11
141 31 73 -1
142 138 141 21
143 26 53 -1
144 47 143 -1
145 37 144 -1
146 36 145 7
147 6 40 -1
148 136 147 -1
149 144 148 37
150 3 12 -1
151 32 122 -1
152 150 151 -1
153 40 152 13
154 22 112 -1
155 152 154 -1
156 2 155 -1
157 47 156 3
158 150 154 -1
159 19 158 -1
160 29 159 33
