40 0 10 -1
41 21 31 -1
42 40 41 -1
43 20 42 0
44 29 39 -1
45 19 44 -1
46 40 45 29
47 10 20 -1
48 9 47 -1
49 44 48 39
50 8 38 -1
51 18 44 -1
52 50 51 8
53 39 45 -1
54 28 53 -1
55 50 54 38
56 0 30 -1
57 53 56 -1
58 9 57 19
59 40 57 -1
60 49 59 9
61 1 11 -1
62 56 61 -1
63 20 62 20
64 17 27 -1
65 50 64 -1
66 7 65 17
67 8 18 -1
68 64 67 -1
69 37 68 27
70 12 22 -1
71 1 70 -1
72 41 71 31
73 2 32 -1
74 21 73 -1
75 61 74 11
76 21 63 -1
77 11 76 -1
78 42 77 10
79 1 47 -1
80 76 79 30
81 2 41 -1
82 22 81 -1
83 75 82 1
84 71 83 -1
85 74 84 21
86 9 67 -1
87 28 86 -1
88 39 87 18
89 50 87 -1
90 19 89 28
91 5 15 -1
92 24 34 -1
93 14 91 -1
94 92 93 24
95 3 33 -1
96 13 95 -1
97 92 96 3
98 26 36 -1
99 35 91 -1
100 98 99 5
101 15 25 -1
102 4 101 -1
103 92 102 34
104 14 24 -1
105 23 95 -1
106 104 105 33
107 6 16 -1
108 35 107 -1
109 101 108 25
110 36 101 -1
111 16 100 -1
112 110 111 35
113 5 6 -1
114 110 113 15
115 35 104 -1
116 4 5 -1
117 115 116 14
118 15 103 -1
119 115 118 4
120 47 98 -1
121 6 64 -1
122 120 121 36
123 56 95 -1
124 2 123 -1
125 70 124 12
126 33 96 -1
127 4 126 -1
128 105 127 -1
129 14 128 23
130 95 128 -1
131 34 130 13
132 70 126 -1
133 32 40 -1
134 132 133 22
135 7 17 -1
136 28 135 -1
137 8 69 -1
138 136 137 37
139 38 136 -1
140 37 139 7
141 40 135 -1
142 16 141 -1
143 98 142 26
144 23 47 -1
145 13 22 -1
146 144 145 -1
147 73 146 32
148 124 134 -1
149 146 148 2
150 26 37 -1
151 56 150 -1
152 7 151 -1
153 107 152 16
154 122 152 -1
155 142 154 6
