40 0 30 -1
41 8 18 -1
42 28 40 -1
43 41 42 18
44 20 30 -1
45 38 44 -1
46 41 45 8
47 0 10 -1
48 18 47 -1
49 42 48 -1
50 46 49 38
51 38 40 -1
52 49 51 28
53 23 33 -1
54 5 15 -1
55 13 54 -1
56 53 55 23
57 3 15 -1
58 25 53 -1
59 57 58 33
60 23 55 -1
61 35 60 -1
62 57 61 13
63 59 61 -1
64 5 63 3
65 1 11 -1
66 31 44 -1
67 53 65 -1
68 66 67 1
69 21 66 -1
70 9 19 -1
71 39 69 -1
72 70 71 9
73 27 37 -1
74 17 73 -1
75 70 74 27
76 19 29 -1
77 7 73 -1
78 76 77 37
79 47 65 -1
80 76 79 -1
81 39 80 29
82 35 54 -1
83 73 82 -1
84 44 83 5
85 1 31 -1
86 40 85 -1
87 29 70 -1
88 86 87 19
89 72 80 -1
90 86 89 39
91 7 37 -1
92 39 91 -1
93 74 92 -1
94 9 93 17
95 73 93 -1
96 29 95 7
97 40 54 -1
98 25 97 -1
99 91 98 15
100 4 14 -1
101 26 36 -1
102 100 101 -1
103 34 102 4
104 24 36 -1
105 6 104 -1
106 100 105 14
107 14 103 -1
108 16 107 -1
109 104 108 34
110 26 108 -1
111 106 110 24
112 41 79 -1
113 16 112 -1
114 101 113 26
115 12 79 -1
116 22 32 -1
117 100 116 -1
118 115 117 22
119 2 10 -1
120 44 119 -1
121 115 120 20
122 32 120 -1
123 85 122 10
124 69 116 -1
125 10 124 -1
126 40 125 0
127 20 123 -1
128 124 127 -1
129 121 128 30
130 3 21 -1
131 13 79 -1
132 85 130 -1
133 131 132 21
134 23 40 -1
135 67 134 -1
136 130 135 11
137 11 69 -1
138 131 137 -1
139 134 138 31
140 14 65 -1
141 24 32 -1
142 140 141 -1
143 128 142 32
144 34 140 -1
145 118 144 -1
146 127 145 12
147 69 142 -1
148 12 147 -1
149 2 144 -1
150 148 149 2
151 6 31 -1
152 49 101 -1
153 137 151 -1
154 152 153 36
155 52 69 -1
156 36 155 -1
157 48 156 -1
158 6 157 -1
159 16 158 6
160 113 154 -1
161 157 160 16
162 7 47 -1
163 5 162 -1
164 17 163 -1
165 25 82 -1
166 164 165 25
167 84 164 -1
168 99 167 35
