40 18 28 -1
41 5 35 -1
42 40 41 -1
43 38 42 18
44 5 8 -1
45 25 42 -1
46 44 45 8
47 28 38 -1
48 15 47 -1
49 44 48 28
50 35 49 -1
51 45 50 38
52 27 37 -1
53 4 34 -1
54 52 53 -1
55 17 54 17
56 0 30 -1
57 52 56 -1
58 10 57 0
59 17 27 -1
60 20 59 -1
61 56 60 30
62 7 34 -1
63 24 59 -1
64 62 63 7
65 14 54 -1
66 62 65 27
67 4 64 -1
68 65 67 37
69 19 29 -1
70 6 36 -1
71 69 70 -1
72 39 71 19
73 23 33 -1
74 70 73 -1
75 16 74 6
76 26 36 -1
77 9 76 -1
78 69 77 9
79 3 13 -1
80 16 76 -1
81 79 80 26
82 23 76 -1
83 3 82 -1
84 75 83 16
85 6 83 -1
86 79 85 36
87 29 39 -1
88 16 87 -1
89 9 88 -1
90 6 89 29
91 76 90 -1
92 71 91 39
93 7 37 -1
94 0 93 -1
95 10 94 -1
96 20 95 10
97 57 96 -1
98 59 97 20
99 2 32 -1
100 22 69 -1
101 40 100 -1
102 99 101 32
103 12 101 -1
104 45 103 35
105 47 102 -1
106 87 103 -1
107 105 106 2
108 21 31 -1
109 47 52 -1
110 65 109 -1
111 108 110 4
112 1 11 -1
113 31 109 -1
114 112 113 1
115 1 40 -1
116 59 115 -1
117 108 116 31
118 8 38 -1
119 112 118 -1
120 93 119 -1
121 21 120 11
122 116 121 -1
123 113 122 21
124 37 118 -1
125 122 124 -1
126 67 125 34
127 55 64 -1
128 120 127 -1
129 40 128 -1
130 110 129 24
131 114 115 -1
132 54 130 -1
133 131 132 14
134 15 22 -1
135 41 134 -1
136 87 135 -1
137 32 136 5
138 10 71 -1
139 60 74 -1
140 3 139 -1
141 138 140 33
142 9 39 -1
143 2 142 -1
144 118 143 -1
145 101 144 -1
146 107 145 22
147 12 22 -1
148 144 147 12
149 104 143 -1
150 136 149 -1
151 35 150 25
152 30 79 -1
153 94 142 -1
154 23 153 -1
155 152 154 13
156 20 87 -1
157 52 156 -1
158 152 157 -1
159 33 158 3
160 141 157 -1
161 79 153 -1
162 160 161 23
163 5 18 -1
164 32 51 -1
165 163 164 -1
166 144 165 15
