48 23 25 -1
49 39 41 -1
50 18 31 -1
51 2 15 -1
52 7 9 -1
53 34 47 -1
54 16 42 -1
55 38 40 -1
56 10 32 -1
57 0 26 -1
58 22 24 -1
59 6 8 -1
60 19 49 -1
61 35 52 -1
62 1 9 -1
63 3 48 -1
64 33 41 -1
65 17 25 -1
66 10 36 -1
67 4 26 -1
68 20 42 -1
69 39 46 -1
70 23 30 -1
71 7 14 -1
72 50 55 -1
73 11 64 -1
74 51 58 -1
75 43 65 -1
76 31 73 -1
77 53 59 -1
78 27 62 -1
79 47 78 -1
80 15 75 -1
81 28 51 -1
82 44 50 -1
83 12 53 -1
84 6 22 -1
85 38 84 -1
86 28 63 -1
87 12 61 -1
88 44 60 -1
89 34 67 -1
90 29 52 -1
91 24 54 -1
92 42 77 -1
93 18 66 -1
94 8 57 -1
95 13 49 -1
96 26 72 -1
97 2 68 -1
98 40 56 -1
99 10 74 -1
100 45 48 -1
101 14 16 -1
102 36 101 -1
103 4 30 -1
104 32 103 -1
105 21 94 -1
106 43 56 -1
107 20 61 -1
108 5 98 -1
109 11 57 -1
110 0 20 -1
111 46 110 -1
112 37 91 -1
113 13 35 -1
114 3 29 -1
115 17 97 -1
116 19 45 -1
117 33 50 -1
118 37 44 -1
119 31 38 -1
120 4 54 -1
121 2 28 -1
122 43 105 -1
123 96 122 0
124 1 53 -1
125 5 12 -1
126 6 47 -1
127 71 118 -1
128 46 70 -1
129 7 69 -1
130 27 99 -1
131 108 130 16
132 55 87 -1
133 65 132 33
134 89 91 -1
135 90 134 18
136 93 95 -1
137 94 136 34
138 97 98 -1
139 100 138 2
140 17 104 -1
141 79 140 41
142 59 86 -1
143 64 142 17
144 21 33 -1
145 11 112 -1
146 92 145 32
147 76 102 -1
148 1 147 9
149 81 106 -1
150 107 149 36
151 80 111 -1
152 33 151 25
153 62 88 -1
154 58 153 1
155 47 100 -1
156 81 119 -1
157 155 156 47
158 15 126 -1
159 82 95 -1
160 158 159 31
161 82 109 -1
162 36 63 -1
163 161 162 20
164 69 114 -1
165 16 164 -1
166 94 165 40
167 46 73 -1
168 3 167 -1
169 96 168 3
170 60 120 -1
171 27 83 -1
172 170 171 4
173 32 116 -1
174 71 91 -1
175 173 174 24
176 35 99 -1
177 30 75 -1
178 176 177 19
179 76 88 -1
180 89 179 -1
181 8 180 12
182 86 93 -1
183 40 182 -1
184 80 183 28
185 24 87 -1
186 79 97 -1
187 185 186 44
188 37 115 -1
189 14 78 -1
190 19 189 -1
191 92 190 35
192 0 70 -1
193 98 113 -1
194 192 193 8
195 108 121 -1
196 0 32 -1
197 195 196 -1
198 117 197 42
199 51 188 -1
200 128 199 -1
201 129 200 7
202 85 151 -1
203 63 75 -1
204 13 203 -1
205 202 204 22
206 46 124 -1
207 60 126 -1
208 109 207 -1
209 206 208 43
210 23 129 -1
211 70 79 -1
212 93 210 -1
213 5 117 -1
214 212 213 39
215 61 104 -1
216 45 85 -1
217 47 216 -1
218 215 217 38
219 66 77 -1
220 114 118 -1
221 219 220 -1
222 144 221 37
223 89 206 -1
224 14 210 -1
225 21 224 -1
226 223 225 23
227 29 84 -1
228 60 102 -1
229 119 227 -1
230 228 229 6
231 9 58 -1
232 210 231 -1
233 211 232 -1
234 127 233 46
235 63 149 -1
236 117 235 -1
237 156 236 -1
238 30 237 11
239 107 115 -1
240 27 101 -1
241 22 240 -1
242 239 241 27
243 115 195 -1
244 21 72 -1
245 243 244 -1
246 193 245 5
247 15 31 -1
248 90 247 -1
249 83 248 -1
250 22 249 15
251 16 128 -1
252 143 251 -1
253 147 252 -1
254 144 162 -1
255 253 254 14
256 2 34 -1
257 107 199 -1
258 256 257 -1
259 32 258 -1
260 185 259 10
261 80 125 -1
262 55 261 -1
263 48 262 -1
264 71 128 -1
265 263 264 30
266 82 206 -1
267 105 251 -1
268 31 192 -1
269 266 268 -1
270 267 269 26
271 120 216 -1
272 229 271 -1
273 73 127 -1
274 117 273 -1
275 272 274 29
276 1 74 -1
277 37 116 -1
278 67 276 -1
279 125 278 -1
280 277 279 21
281 121 164 -1
282 122 162 -1
283 8 281 -1
284 13 23 -1
285 282 284 -1
286 283 285 45
287 56 124 -1
288 45 125 -1
289 20 288 -1
290 211 289 -1
291 13 290 -1
292 287 291 13
