48 31 46 -1
49 6 39 -1
50 23 38 -1
51 14 47 -1
52 15 30 -1
53 7 22 -1
54 17 41 -1
55 1 25 -1
56 9 33 -1
57 8 32 -1
58 16 40 -1
59 0 24 -1
60 47 49 -1
61 29 51 -1
62 21 60 -1
63 31 50 -1
64 13 48 -1
65 5 63 -1
66 15 53 -1
67 45 52 -1
68 37 66 -1
69 7 51 -1
70 23 52 -1
71 7 46 -1
72 14 23 -1
73 30 39 -1
74 39 48 -1
75 4 19 -1
76 12 27 -1
77 11 44 -1
78 20 35 -1
79 3 36 -1
80 28 43 -1
81 2 26 -1
82 10 34 -1
83 18 42 -1
84 37 61 -1
85 22 74 -1
86 72 77 -1
87 5 67 -1
88 56 73 -1
89 38 69 -1
90 21 64 -1
91 55 71 -1
92 56 57 -1
93 47 78 -1
94 6 70 -1
95 1 40 -1
96 19 43 -1
97 16 25 -1
98 11 58 -1
99 35 98 -1
100 4 28 -1
101 32 41 -1
102 9 27 -1
103 8 17 -1
104 3 101 -1
105 102 104 -1
106 0 105 -1
107 20 44 -1
108 18 33 -1
109 24 83 -1
110 26 63 -1
111 18 79 -1
112 55 59 -1
113 26 34 -1
114 54 58 -1
115 21 45 -1
116 59 66 -1
117 2 10 -1
118 34 42 -1
119 57 60 -1
120 5 29 -1
121 13 37 -1
122 56 71 -1
123 65 122 39
124 32 69 -1
125 109 124 24
126 55 62 -1
127 72 126 23
128 47 54 -1
129 106 128 41
130 54 73 -1
131 68 130 7
132 48 122 -1
133 22 132 -1
134 61 133 15
135 6 64 -1
136 52 135 -1
137 130 136 31
138 44 84 -1
139 59 85 -1
140 138 139 46
141 8 74 -1
142 81 141 -1
143 16 142 40
144 92 105 -1
145 24 144 -1
146 23 145 17
147 4 119 -1
148 67 147 -1
149 68 148 38
150 103 107 -1
151 1 113 -1
152 150 151 26
153 28 90 -1
154 57 94 -1
155 153 154 14
156 36 43 -1
157 40 66 -1
158 32 81 -1
159 157 158 16
160 7 99 -1
161 97 160 -1
162 103 161 33
163 50 67 -1
164 55 163 -1
165 47 164 47
166 8 63 -1
167 59 109 -1
168 166 167 0
169 24 60 -1
170 16 169 -1
171 82 170 32
172 75 86 -1
173 92 110 -1
174 172 173 12
175 95 100 -1
176 10 175 -1
177 108 176 42
178 97 118 -1
179 100 178 -1
180 9 179 18
181 25 107 -1
182 101 181 -1
183 117 182 2
184 153 156 -1
185 74 184 -1
186 91 185 45
187 12 87 -1
188 89 187 -1
189 58 188 30
190 95 99 -1
191 31 101 -1
192 190 191 9
193 20 116 -1
194 65 193 -1
195 64 194 22
196 70 82 -1
197 0 40 -1
198 196 197 8
199 3 98 -1
200 108 110 -1
201 115 199 -1
202 200 201 3
203 70 87 -1
204 20 88 -1
205 76 204 -1
206 203 205 13
207 35 42 -1
208 92 119 -1
209 205 207 -1
210 208 209 -1
211 112 210 44
212 32 111 -1
213 26 212 -1
214 106 213 -1
215 76 214 34
216 80 89 -1
217 2 92 -1
218 216 217 -1
219 93 218 36
220 9 24 -1
221 39 220 -1
222 96 221 -1
223 95 222 1
224 52 88 -1
225 59 224 -1
226 97 225 -1
227 222 226 25
228 44 224 -1
229 79 228 -1
230 29 62 -1
231 229 230 37
232 69 86 -1
233 4 232 -1
234 54 84 -1
235 233 234 29
236 94 112 -1
237 111 236 -1
238 15 77 -1
239 237 238 20
240 61 62 -1
241 58 63 -1
242 36 240 -1
243 241 242 6
244 0 54 -1
245 81 244 -1
246 215 245 -1
247 56 109 -1
248 246 247 10
249 69 115 -1
250 2 207 -1
251 58 102 -1
252 250 251 -1
253 249 252 27
254 76 85 -1
255 34 254 -1
256 114 255 -1
257 31 75 -1
258 256 257 4
259 14 68 -1
260 188 259 -1
261 257 260 -1
262 165 261 -1
263 203 262 21
264 78 128 -1
265 23 28 -1
266 13 65 -1
267 265 266 -1
268 264 267 5
269 71 80 -1
270 10 66 -1
271 269 270 -1
272 79 271 -1
273 114 272 28
274 43 117 -1
275 120 274 -1
276 17 78 -1
277 193 276 -1
278 275 277 19
279 1 121 -1
280 119 279 -1
281 27 118 -1
282 280 281 -1
283 19 282 35
284 22 120 -1
285 11 113 -1
286 19 41 -1
287 284 286 -1
288 139 285 -1
289 287 288 43
290 70 184 -1
291 59 237 -1
292 10 155 -1
293 279 290 -1
294 291 292 -1
295 293 294 11
