48 15 30 -1
49 7 22 -1
50 23 38 -1
51 14 47 -1
52 6 39 -1
53 31 46 -1
54 24 42 -1
55 16 34 -1
56 8 26 -1
57 0 18 -1
58 2 32 -1
59 10 40 -1
60 48 50 -1
61 52 53 -1
62 49 51 -1
63 21 61 -1
64 5 60 -1
65 37 62 -1
66 11 41 -1
67 9 27 -1
68 25 43 -1
69 3 33 -1
70 29 44 -1
71 1 19 -1
72 17 35 -1
73 12 45 -1
74 13 28 -1
75 0 5 -1
76 32 37 -1
77 16 21 -1
78 4 19 -1
79 1 24 -1
80 3 36 -1
81 8 33 -1
82 20 35 -1
83 17 40 -1
84 64 73 -1
85 12 47 -1
86 63 74 -1
87 15 28 -1
88 23 41 -1
89 7 25 -1
90 65 70 -1
91 31 44 -1
92 9 39 -1
93 48 65 -1
94 7 51 -1
95 53 64 -1
96 23 48 -1
97 51 63 -1
98 39 53 -1
99 39 83 -1
100 23 79 -1
101 7 81 -1
102 76 91 -1
103 28 57 -1
104 77 87 -1
105 75 85 -1
106 20 59 -1
107 36 56 -1
108 12 58 -1
109 4 54 -1
110 74 82 -1
111 44 55 -1
112 73 78 -1
113 70 80 -1
114 61 90 -1
115 24 114 46
116 62 84 -1
117 40 116 30
118 84 89 -1
119 105 118 47
120 88 104 -1
121 86 120 31
122 90 92 -1
123 102 122 15
124 14 93 -1
125 99 124 7
126 60 86 -1
127 8 126 14
128 30 95 -1
129 101 128 39
130 46 97 -1
131 100 130 23
132 26 55 -1
133 67 132 -1
134 109 133 18
135 56 98 -1
136 16 29 -1
137 57 107 -1
138 66 137 -1
139 10 138 34
140 2 69 -1
141 59 103 -1
142 140 141 42
143 25 88 -1
144 56 143 -1
145 69 144 17
146 66 91 -1
147 8 38 -1
148 18 68 -1
149 0 33 -1
150 147 148 -1
151 56 71 -1
152 18 111 -1
153 151 152 26
154 17 149 -1
155 148 154 -1
156 15 155 25
157 42 58 -1
158 68 157 -1
159 106 158 2
160 54 94 -1
161 32 45 -1
162 77 145 -1
163 146 162 -1
164 150 163 3
165 0 16 -1
166 1 135 -1
167 165 166 40
168 16 32 -1
169 17 168 -1
170 160 169 24
171 54 108 -1
172 34 72 -1
173 171 172 10
174 71 92 -1
175 41 54 -1
176 174 175 1
177 6 11 -1
178 67 85 -1
179 1 108 -1
180 178 179 -1
181 17 180 41
182 4 161 -1
183 52 182 -1
184 93 183 38
185 59 89 -1
186 9 185 -1
187 72 186 33
188 68 75 -1
189 40 67 -1
190 36 86 -1
191 188 190 -1
192 31 191 45
193 113 177 -1
194 100 103 -1
195 193 194 20
196 59 149 -1
197 32 196 -1
198 96 197 8
199 50 97 -1
200 36 136 -1
201 199 200 6
202 115 132 -1
203 135 202 -1
204 122 203 -1
205 47 204 32
206 111 146 -1
207 1 206 -1
208 33 207 9
209 117 118 -1
210 15 160 -1
211 157 210 -1
212 209 211 16
213 4 77 -1
214 66 90 -1
215 47 214 -1
216 213 215 29
217 31 88 -1
218 40 217 -1
219 147 218 -1
220 57 219 0
221 38 43 -1
222 110 221 -1
223 108 222 -1
224 101 223 36
225 13 20 -1
226 0 95 -1
227 225 226 -1
228 49 227 22
229 22 111 -1
230 27 229 -1
231 99 112 -1
232 230 231 4
233 45 110 -1
234 95 96 -1
235 83 233 -1
236 234 235 5
237 29 112 -1
238 93 94 -1
239 79 237 -1
240 238 239 21
241 15 84 -1
242 20 76 -1
243 67 242 -1
244 241 243 13
245 97 113 -1
246 81 98 -1
247 245 246 -1
248 13 247 37
249 200 214 -1
250 6 249 -1
251 78 202 -1
252 250 251 -1
253 80 252 43
254 2 22 -1
255 188 189 -1
256 87 255 -1
257 187 256 -1
258 254 257 19
259 94 157 -1
260 78 182 -1
261 189 259 -1
262 82 261 -1
263 260 262 27
264 41 106 -1
265 46 104 -1
266 80 264 -1
267 43 266 -1
268 265 267 28
269 76 177 -1
270 42 174 -1
271 34 269 -1
272 270 271 -1
273 178 272 35
274 10 150 -1
275 80 274 -1
276 35 275 -1
277 13 276 -1
278 60 277 11
279 78 102 -1
280 14 279 -1
281 11 107 -1
282 9 281 -1
283 280 282 12
284 30 105 -1
285 82 109 -1
286 25 27 -1
287 284 285 -1
288 286 287 44
