48 7 14 -1
49 6 47 -1
50 15 22 -1
51 23 30 -1
52 31 38 -1
53 39 46 -1
54 0 26 -1
55 16 42 -1
56 10 32 -1
57 8 34 -1
58 2 24 -1
59 18 40 -1
60 25 40 -1
61 8 41 -1
62 1 16 -1
63 9 24 -1
64 0 33 -1
65 17 32 -1
66 7 15 -1
67 47 66 -1
68 7 36 -1
69 31 39 -1
70 23 69 -1
71 12 31 -1
72 5 46 -1
73 51 52 -1
74 30 45 -1
75 48 49 -1
76 22 29 -1
77 6 21 -1
78 45 59 -1
79 11 18 -1
80 59 64 -1
81 29 58 -1
82 2 43 -1
83 58 65 -1
84 21 55 -1
85 35 42 -1
86 55 63 -1
87 5 54 -1
88 19 26 -1
89 54 61 -1
90 13 57 -1
91 27 34 -1
92 57 62 -1
93 37 56 -1
94 3 10 -1
95 56 60 -1
96 33 71 -1
97 9 68 -1
98 20 28 -1
99 4 25 -1
100 4 44 -1
101 1 28 -1
102 50 94 -1
103 67 76 -1
104 53 77 -1
105 50 74 -1
106 81 87 -1
107 53 75 -1
108 50 73 -1
109 49 85 -1
110 6 98 -1
111 53 91 -1
112 70 72 -1
113 71 100 -1
114 68 98 -1
115 51 79 -1
116 30 100 -1
117 48 82 -1
118 78 84 -1
119 20 41 -1
120 52 88 -1
121 90 93 -1
122 17 44 -1
123 19 27 -1
124 35 117 -1
125 3 11 -1
126 83 90 -1
127 85 126 10
128 89 93 -1
129 79 128 34
130 56 103 -1
131 69 130 15
132 95 97 -1
133 65 132 33
134 16 83 -1
135 117 134 24
136 40 89 -1
137 120 136 0
138 92 111 -1
139 0 138 40
140 80 81 -1
141 94 140 42
142 86 109 -1
143 8 142 32
144 32 115 -1
145 80 144 8
146 40 124 -1
147 61 92 -1
148 96 147 9
149 86 91 -1
150 87 149 18
151 84 95 -1
152 82 151 2
153 95 102 -1
154 24 153 16
155 78 92 -1
156 88 155 26
157 57 66 -1
158 112 157 39
159 67 105 -1
160 108 159 -1
161 54 160 47
162 60 122 -1
163 15 162 -1
164 80 163 25
165 47 63 -1
166 83 101 -1
167 165 166 41
168 39 119 -1
169 86 168 -1
170 62 169 1
171 104 107 -1
172 70 171 -1
173 58 172 23
174 23 89 -1
175 99 174 -1
176 64 175 17
177 4 75 -1
178 33 38 -1
179 105 178 -1
180 177 179 38
181 106 120 -1
182 37 96 -1
183 179 181 -1
184 182 183 21
185 52 76 -1
186 17 185 -1
187 68 186 -1
188 107 187 6
189 66 88 -1
190 93 113 -1
191 97 189 -1
192 190 191 12
193 22 37 -1
194 116 193 -1
195 107 194 -1
196 99 195 46
197 87 99 -1
198 71 110 -1
199 109 197 -1
200 198 199 44
201 28 73 -1
202 14 104 -1
203 9 201 -1
204 202 203 14
205 39 51 -1
206 67 205 -1
207 37 206 -1
208 59 207 7
209 13 202 -1
210 117 209 -1
211 68 210 -1
212 106 211 45
213 49 70 -1
214 13 55 -1
215 213 214 -1
216 15 215 31
217 82 96 -1
218 90 217 -1
219 114 218 -1
220 69 219 36
221 81 101 -1
222 115 116 -1
223 221 222 -1
224 68 223 20
225 48 108 -1
226 41 72 -1
227 225 226 -1
228 71 227 30
229 9 168 -1
230 123 146 -1
231 53 230 -1
232 229 231 27
233 46 108 -1
234 101 110 -1
235 13 233 -1
236 234 235 22
237 121 172 -1
238 102 237 -1
239 44 238 -1
240 213 239 -1
241 103 240 37
242 48 79 -1
243 118 193 -1
244 242 243 -1
245 29 244 -1
246 4 245 29
247 8 94 -1
248 144 146 -1
249 2 247 -1
250 132 248 -1
251 249 250 11
252 13 85 -1
253 28 252 -1
254 52 253 -1
255 118 254 -1
256 72 255 5
257 41 114 -1
258 44 67 -1
259 257 258 -1
260 84 94 -1
261 259 260 28
262 20 91 -1
263 70 262 -1
264 17 113 -1
265 78 264 -1
266 263 265 4
267 5 206 -1
268 121 267 -1
269 263 268 -1
270 160 269 13
271 73 123 -1
272 1 144 -1
273 96 271 -1
274 109 272 -1
275 273 274 -1
276 18 275 35
277 41 111 -1
278 99 125 -1
279 19 24 -1
280 30 277 -1
281 278 280 -1
282 279 281 43
283 16 125 -1
284 22 33 -1
285 120 283 -1
286 122 285 -1
287 43 286 -1
288 284 287 3
289 102 139 -1
290 43 143 -1
291 28 53 -1
292 17 165 -1
293 289 292 -1
294 291 293 -1
295 290 294 19
