48 7 14 -1
49 15 22 -1
50 23 30 -1
51 6 47 -1
52 39 46 -1
53 31 38 -1
54 47 48 -1
55 31 52 -1
56 15 50 -1
57 7 49 -1
58 39 51 -1
59 23 53 -1
60 21 58 -1
61 29 54 -1
62 13 55 -1
63 37 57 -1
64 5 59 -1
65 45 56 -1
66 33 40 -1
67 0 41 -1
68 1 8 -1
69 25 32 -1
70 9 16 -1
71 17 24 -1
72 26 34 -1
73 2 42 -1
74 10 18 -1
75 17 44 -1
76 12 33 -1
77 3 43 -1
78 20 41 -1
79 27 67 -1
80 11 19 -1
81 1 28 -1
82 9 36 -1
83 35 68 -1
84 4 25 -1
85 8 16 -1
86 24 32 -1
87 0 40 -1
88 26 32 -1
89 10 16 -1
90 69 74 -1
91 4 88 -1
92 42 78 -1
93 70 73 -1
94 36 89 -1
95 11 37 -1
96 34 87 -1
97 12 79 -1
98 21 35 -1
99 23 61 -1
100 47 64 -1
101 39 65 -1
102 13 27 -1
103 7 60 -1
104 58 62 -1
105 36 103 -1
106 43 81 -1
107 29 105 -1
108 40 54 -1
109 22 107 -1
110 44 63 -1
111 3 9 -1
112 71 111 -1
113 31 63 -1
114 8 56 -1
115 96 114 8
116 4 45 -1
117 113 116 -1
118 19 25 -1
119 86 89 -1
120 58 119 32
121 87 88 -1
122 57 121 16
123 108 109 -1
124 59 123 6
125 109 110 -1
126 111 125 37
127 18 108 -1
128 86 127 24
129 104 106 -1
130 107 129 45
131 75 95 -1
132 116 131 -1
133 99 132 29
134 23 60 -1
135 25 48 -1
136 134 135 23
137 59 85 -1
138 0 42 -1
139 137 138 0
140 41 75 -1
141 2 90 -1
142 140 141 2
143 15 39 -1
144 104 143 -1
145 17 144 31
146 56 77 -1
147 90 95 -1
148 146 147 11
149 1 53 -1
150 47 149 -1
151 65 150 47
152 71 93 -1
153 94 152 -1
154 33 153 10
155 1 66 -1
156 90 91 -1
157 155 156 42
158 17 68 -1
159 33 71 -1
160 92 158 -1
161 72 160 26
162 2 24 -1
163 55 162 -1
164 85 163 40
165 7 52 -1
166 9 64 -1
167 165 166 39
168 58 117 -1
169 59 114 -1
170 168 169 38
171 23 79 -1
172 158 171 -1
173 159 172 17
174 12 118 -1
175 5 117 -1
176 174 175 21
177 50 63 -1
178 39 177 -1
179 41 178 7
180 57 82 -1
181 25 93 -1
182 34 181 -1
183 81 182 18
184 33 61 -1
185 31 184 -1
186 49 185 15
187 69 112 -1
188 47 187 -1
189 0 188 41
190 100 104 -1
191 20 57 -1
192 24 190 -1
193 191 192 22
194 56 99 -1
195 0 55 -1
196 110 194 -1
197 195 196 46
198 55 79 -1
199 80 198 -1
200 5 199 -1
201 72 200 43
202 9 76 -1
203 18 72 -1
204 67 203 -1
205 202 204 34
206 13 100 -1
207 78 206 -1
208 98 207 -1
209 28 208 5
210 20 102 -1
211 5 76 -1
212 101 210 -1
213 211 212 13
214 93 98 -1
215 54 214 -1
216 27 43 -1
217 215 216 27
218 15 118 -1
219 66 218 -1
220 16 219 -1
221 67 220 25
222 7 11 -1
223 69 155 -1
224 158 222 -1
225 223 224 33
226 32 83 -1
227 41 226 -1
228 70 227 -1
229 31 228 9
230 49 75 -1
231 28 77 -1
232 230 231 -1
233 94 232 28
234 44 91 -1
235 76 80 -1
236 53 234 -1
237 235 236 12
238 35 92 -1
239 97 238 -1
240 51 81 -1
241 239 240 44
242 155 159 -1
243 43 70 -1
244 242 243 -1
245 39 244 1
246 20 97 -1
247 19 96 -1
248 4 52 -1
249 247 248 -1
250 246 249 4
251 12 48 -1
252 100 101 -1
253 251 252 -1
254 16 55 -1
255 253 254 30
256 131 180 -1
257 112 177 -1
258 18 256 -1
259 257 258 -1
260 84 259 20
261 28 56 -1
262 54 103 -1
263 32 262 -1
264 62 261 -1
265 263 264 14
266 83 247 -1
267 102 138 -1
268 58 266 -1
269 40 268 -1
270 267 269 35
271 29 77 -1
272 238 271 -1
273 180 272 -1
274 153 273 -1
275 78 274 19
276 82 83 -1
277 2 48 -1
278 276 277 -1
279 20 278 -1
280 106 279 36
281 26 80 -1
282 3 66 -1
283 45 281 -1
284 18 283 -1
285 282 284 -1
286 59 285 3
