56 0 40 -1
57 16 32 -1
58 8 24 -1
59 22 31 -1
60 46 55 -1
61 7 54 -1
62 14 23 -1
63 38 47 -1
64 6 15 -1
65 30 39 -1
66 25 48 -1
67 7 23 -1
68 31 47 -1
69 39 55 -1
70 26 48 -1
71 0 33 -1
72 10 56 -1
73 40 41 -1
74 9 32 -1
75 42 57 -1
76 16 17 -1
77 2 49 -1
78 1 24 -1
79 34 58 -1
80 15 69 -1
81 50 76 -1
82 13 22 -1
83 45 54 -1
84 37 46 -1
85 5 14 -1
86 30 62 -1
87 54 63 -1
88 22 64 -1
89 8 65 -1
90 6 60 -1
91 38 59 -1
92 14 61 -1
93 18 73 -1
94 5 52 -1
95 28 37 -1
96 44 53 -1
97 12 21 -1
98 20 29 -1
99 6 53 -1
100 29 38 -1
101 36 45 -1
102 4 13 -1
103 39 51 -1
104 3 50 -1
105 18 27 -1
106 3 12 -1
107 27 36 -1
108 2 11 -1
109 19 43 -1
110 25 35 -1
111 8 74 -1
112 19 41 -1
113 49 75 -1
114 11 17 -1
115 51 114 -1
116 21 68 -1
117 31 43 -1
118 65 71 -1
119 67 82 -1
120 53 84 -1
121 80 85 -1
122 59 79 -1
123 70 113 -1
124 61 72 -1
125 46 65 -1
126 45 100 -1
127 23 110 -1
128 44 95 -1
129 20 102 -1
130 12 94 -1
131 29 106 -1
132 52 101 -1
133 9 48 -1
134 26 71 -1
135 56 62 -1
136 93 133 -1
137 64 111 -1
138 28 97 -1
139 73 78 -1
140 4 43 -1
141 96 140 -1
142 10 36 -1
143 13 99 -1
144 79 108 -1
145 15 98 -1
146 30 37 -1
147 116 146 -1
148 109 133 -1
149 34 72 -1
150 107 115 -1
151 5 11 -1
152 32 98 -1
153 35 44 -1
154 4 78 -1
155 51 112 -1
156 130 131 -1
157 33 113 -1
158 24 137 -1
159 136 158 32
160 116 118 -1
161 80 160 23
162 42 123 -1
163 135 162 24
164 1 113 -1
165 92 125 -1
166 152 165 22
167 119 131 -1
168 120 167 37
169 48 86 -1
170 90 169 -1
171 101 170 6
172 23 83 -1
173 78 172 -1
174 80 173 55
175 88 95 -1
176 40 87 -1
177 175 176 14
178 24 91 -1
179 97 178 -1
180 90 179 30
181 91 96 -1
182 92 181 -1
183 0 182 54
184 75 133 -1
185 0 184 -1
186 89 185 8
187 46 94 -1
188 89 187 -1
189 88 188 46
190 1 122 -1
191 48 56 -1
192 190 191 16
193 68 99 -1
194 67 193 -1
195 74 194 47
196 86 102 -1
197 87 196 -1
198 16 197 38
199 31 121 -1
200 17 199 -1
201 40 200 39
202 107 120 -1
203 116 202 -1
204 85 203 13
205 66 119 -1
206 47 205 -1
207 39 206 31
208 63 81 -1
209 56 58 -1
210 208 209 0
211 24 33 -1
212 57 124 -1
213 211 212 40
214 21 126 -1
215 4 121 -1
216 214 215 -1
217 103 216 45
218 108 138 -1
219 88 132 -1
220 218 219 -1
221 7 220 36
222 34 87 -1
223 138 141 -1
224 222 223 -1
225 39 224 4
226 127 134 -1
227 104 142 -1
228 226 227 -1
229 75 228 18
230 7 52 -1
231 143 147 -1
232 230 231 -1
233 117 232 53
234 23 130 -1
235 91 105 -1
236 234 235 -1
237 128 236 20
238 2 57 -1
239 58 238 -1
240 60 239 -1
241 66 240 48
242 8 100 -1
243 67 242 -1
244 41 69 -1
245 243 244 15
246 72 117 -1
247 118 246 -1
248 164 247 -1
249 76 248 9
250 126 147 -1
251 151 250 -1
252 87 251 -1
253 145 252 29
254 59 134 -1
255 37 140 -1
256 150 254 -1
257 255 256 19
258 141 142 -1
259 86 109 -1
260 145 259 -1
261 258 260 28
262 104 129 -1
263 92 262 -1
264 128 263 -1
265 55 264 44
266 111 127 -1
267 77 266 -1
268 41 267 -1
269 122 268 17
270 33 44 -1
271 50 270 -1
272 117 271 -1
273 144 272 -1
274 93 273 10
275 39 123 -1
276 2 155 -1
277 275 276 -1
278 10 277 -1
279 52 278 2
280 28 250 -1
281 39 231 -1
282 23 281 -1
283 280 282 -1
284 19 283 21
285 76 136 -1
286 1 285 -1
287 208 286 -1
288 25 287 -1
289 103 288 1
290 120 194 -1
291 16 64 -1
292 49 291 -1
293 23 292 -1
294 290 293 7
295 55 139 -1
296 114 295 -1
297 26 35 -1
298 124 296 -1
299 79 298 -1
300 25 299 41
301 31 297 -1
302 132 301 -1
303 125 129 -1
304 302 303 12
305 5 29 -1
306 69 305 -1
307 82 153 -1
308 306 307 -1
309 83 308 5
310 7 81 -1
311 149 310 -1
312 70 311 -1
313 148 312 -1
314 20 313 34
315 148 156 -1
316 85 127 -1
317 315 316 -1
318 18 28 -1
319 317 318 27
320 15 27 -1
321 81 134 -1
322 139 320 -1
323 321 322 -1
324 135 323 25
325 47 104 -1
326 105 154 -1
327 49 149 -1
328 325 327 -1
329 326 328 50
330 60 321 -1
331 133 330 -1
332 16 77 -1
333 325 331 -1
334 332 333 49
335 19 137 -1
336 157 335 -1
337 18 336 -1
338 7 337 -1
339 25 338 33
340 66 144 -1
341 320 340 -1
342 42 318 -1
343 341 342 -1
344 115 343 26
345 12 42 -1
346 239 285 -1
347 345 346 -1
348 296 347 -1
349 297 348 42
350 36 94 -1
351 51 345 -1
352 47 350 -1
353 98 352 -1
354 90 351 -1
355 353 354 52
356 44 110 -1
357 45 155 -1
358 106 357 -1
359 89 358 -1
360 34 356 -1
361 359 360 11
362 13 61 -1
363 74 109 -1
364 77 363 -1
365 106 362 -1
366 107 364 -1
367 365 366 43
368 50 280 -1
369 154 155 -1
370 60 251 -1
371 35 370 -1
372 368 371 -1
373 369 372 51
374 20 153 -1
375 21 40 -1
376 150 374 -1
377 64 142 -1
378 1 377 -1
379 376 378 -1
380 375 379 35
381 152 156 -1
382 63 381 -1
383 27 43 -1
384 53 382 -1
385 383 384 -1
386 157 385 -1
387 151 386 3
