56 0 9 -1
57 17 24 -1
58 40 49 -1
59 1 8 -1
60 25 32 -1
61 41 48 -1
62 33 57 -1
63 16 31 -1
64 6 47 -1
65 29 55 -1
66 13 39 -1
67 7 22 -1
68 15 30 -1
69 23 38 -1
70 5 46 -1
71 20 36 -1
72 12 52 -1
73 28 44 -1
74 27 62 -1
75 11 59 -1
76 10 26 -1
77 43 58 -1
78 3 33 -1
79 24 40 -1
80 2 42 -1
81 49 56 -1
82 4 34 -1
83 7 16 -1
84 8 83 -1
85 19 81 -1
86 41 60 -1
87 35 86 -1
88 9 50 -1
89 37 67 -1
90 13 53 -1
91 14 44 -1
92 54 66 -1
93 45 69 -1
94 32 63 -1
95 16 48 -1
96 14 54 -1
97 21 37 -1
98 31 53 -1
99 56 57 -1
100 47 95 -1
101 23 39 -1
102 79 86 -1
103 18 61 -1
104 1 101 -1
105 21 51 -1
106 45 52 -1
107 17 75 -1
108 29 89 -1
109 70 98 -1
110 5 6 -1
111 27 109 -1
112 72 78 -1
113 20 92 -1
114 19 93 -1
115 0 96 -1
116 4 73 -1
117 40 65 -1
118 15 94 -1
119 32 55 -1
120 0 118 -1
121 68 115 -1
122 39 120 -1
123 8 110 -1
124 11 68 -1
125 4 71 -1
126 46 59 -1
127 15 126 -1
128 36 64 -1
129 55 62 -1
130 14 48 -1
131 82 90 -1
132 2 28 -1
133 12 42 -1
134 5 35 -1
135 51 107 -1
136 19 87 -1
137 26 81 -1
138 26 106 -1
139 33 52 -1
140 84 102 -1
141 63 138 -1
142 42 95 -1
143 34 62 -1
144 27 77 -1
145 50 76 -1
146 2 18 -1
147 21 100 -1
148 34 146 -1
149 20 119 -1
150 58 66 -1
151 48 85 -1
152 3 15 -1
153 10 24 -1
154 22 79 -1
155 36 45 -1
156 13 43 -1
157 82 145 -1
158 6 51 -1
159 8 88 -1
160 118 129 -1
161 128 160 23
162 108 112 -1
163 73 162 20
164 114 121 -1
165 16 164 38
166 122 126 -1
167 149 166 -1
168 17 167 39
169 97 133 -1
170 38 109 -1
171 169 170 13
172 90 108 -1
173 18 172 -1
174 91 173 37
175 37 143 -1
176 103 175 -1
177 140 176 16
178 72 111 -1
179 71 178 -1
180 1 179 52
181 45 127 -1
182 143 144 -1
183 181 182 9
184 23 61 -1
185 30 131 -1
186 29 185 -1
187 93 186 21
188 46 122 -1
189 134 188 -1
190 121 189 22
191 9 116 -1
192 113 191 -1
193 134 192 44
194 54 90 -1
195 64 194 -1
196 97 132 -1
197 195 196 53
198 58 100 -1
199 118 139 -1
200 198 199 -1
201 67 200 7
202 7 55 -1
203 91 101 -1
204 102 203 -1
205 202 204 15
206 47 73 -1
207 30 103 -1
208 74 75 -1
209 65 207 -1
210 208 209 25
211 49 114 -1
212 116 211 -1
213 12 212 -1
214 53 213 4
215 131 150 -1
216 151 152 -1
217 144 215 -1
218 216 217 43
219 38 136 -1
220 83 137 -1
221 37 219 -1
222 220 221 17
223 66 86 -1
224 130 223 -1
225 2 224 -1
226 135 225 41
227 38 43 -1
228 64 92 -1
229 227 228 -1
230 154 229 14
231 69 84 -1
232 8 60 -1
233 76 117 -1
234 99 232 -1
235 233 234 24
236 25 147 -1
237 17 32 -1
238 59 146 -1
239 234 238 -1
240 236 239 32
241 59 95 -1
242 153 241 -1
243 88 242 -1
244 150 243 40
245 70 123 -1
246 48 89 -1
247 245 246 -1
248 124 247 46
249 141 142 -1
250 0 102 -1
251 199 250 -1
252 249 251 8
253 124 125 -1
254 106 253 -1
255 37 41 -1
256 254 255 12
257 100 231 -1
258 31 81 -1
259 12 258 -1
260 257 259 47
261 78 154 -1
262 151 236 -1
263 153 262 -1
264 261 263 33
265 5 22 -1
266 68 97 -1
267 138 266 -1
268 265 267 29
269 45 50 -1
270 70 113 -1
271 29 270 -1
272 269 271 5
273 87 206 -1
274 148 273 -1
275 46 274 -1
276 88 275 10
277 3 67 -1
278 38 117 -1
279 115 278 -1
280 277 279 54
281 40 123 -1
282 111 154 -1
283 69 282 -1
284 281 283 30
285 25 91 -1
286 105 125 -1
287 285 286 -1
288 65 287 28
289 31 78 -1
290 50 77 -1
291 110 289 -1
292 99 290 -1
293 291 292 49
294 22 184 -1
295 48 294 -1
296 107 295 -1
297 20 157 -1
298 296 297 34
299 14 137 -1
300 42 299 -1
301 112 146 -1
302 15 300 -1
303 301 302 42
304 72 156 -1
305 28 304 -1
306 17 128 -1
307 21 306 -1
308 305 307 36
309 46 64 -1
310 130 309 -1
311 119 310 -1
312 30 311 -1
313 105 312 6
314 58 70 -1
315 120 314 -1
316 41 315 -1
317 80 127 -1
318 316 317 48
319 104 105 -1
320 132 319 -1
321 231 320 -1
322 227 321 -1
323 208 322 19
324 115 206 -1
325 203 234 -1
326 83 324 -1
327 237 326 -1
328 325 327 31
329 71 104 -1
330 42 69 -1
331 74 330 -1
332 145 331 -1
333 329 332 18
334 140 141 -1
335 61 135 -1
336 334 335 -1
337 57 136 -1
338 336 337 51
339 65 155 -1
340 10 110 -1
341 14 340 -1
342 21 339 -1
343 341 342 45
344 81 237 -1
345 53 159 -1
346 344 345 -1
347 143 346 -1
348 184 347 0
349 29 128 -1
350 136 152 -1
351 153 158 -1
352 350 351 -1
353 349 352 11
354 194 319 -1
355 21 354 -1
356 142 355 -1
357 9 35 -1
358 223 356 -1
359 357 358 1
360 28 133 -1
361 85 148 -1
362 120 361 -1
363 68 360 -1
364 362 363 -1
365 60 364 26
366 117 125 -1
367 29 68 -1
368 0 367 -1
369 366 368 -1
370 61 329 -1
371 369 370 55
372 32 350 -1
373 159 372 -1
374 149 156 -1
375 118 374 -1
376 41 373 -1
377 375 376 27
378 80 129 -1
379 153 378 -1
380 77 138 -1
381 155 380 -1
382 54 381 -1
383 379 382 2
384 78 119 -1
385 44 182 -1
386 176 184 -1
387 384 386 -1
388 11 385 -1
389 387 388 3
390 27 133 -1
391 0 134 -1
392 390 391 -1
393 184 392 -1
394 47 335 -1
395 393 394 35
396 1 14 -1
397 157 396 -1
398 7 397 -1
399 158 285 -1
400 103 398 -1
401 26 400 -1
402 399 401 50
