56 15 39 -1
57 31 55 -1
58 23 47 -1
59 6 46 -1
60 22 38 -1
61 14 30 -1
62 21 45 -1
63 5 37 -1
64 29 53 -1
65 4 28 -1
66 12 44 -1
67 20 52 -1
68 24 32 -1
69 40 48 -1
70 8 16 -1
71 0 24 -1
72 15 54 -1
73 68 71 -1
74 16 40 -1
75 13 55 -1
76 43 74 -1
77 57 74 -1
78 7 58 -1
79 23 37 -1
80 36 79 -1
81 47 56 -1
82 22 25 -1
83 9 41 -1
84 38 52 -1
85 39 84 -1
86 59 60 -1
87 17 41 -1
88 1 54 -1
89 46 49 -1
90 9 33 -1
91 7 46 -1
92 6 51 -1
93 2 26 -1
94 14 73 -1
95 18 42 -1
96 7 10 -1
97 4 58 -1
98 30 44 -1
99 54 61 -1
100 57 98 -1
101 67 91 -1
102 31 34 -1
103 13 64 -1
104 29 30 -1
105 72 99 -1
106 21 103 -1
107 38 62 -1
108 20 65 -1
109 26 50 -1
110 36 59 -1
111 18 50 -1
112 3 35 -1
113 8 66 -1
114 11 35 -1
115 3 27 -1
116 86 100 -1
117 77 79 -1
118 15 78 -1
119 63 72 -1
120 85 102 -1
121 4 89 -1
122 12 88 -1
123 6 20 -1
124 31 53 -1
125 54 60 -1
126 75 108 -1
127 17 49 -1
128 28 69 -1
129 56 118 -1
130 106 107 -1
131 14 107 -1
132 27 69 -1
133 42 54 -1
134 48 55 -1
135 19 70 -1
136 0 70 -1
137 48 136 -1
138 2 34 -1
139 48 95 -1
140 1 33 -1
141 5 92 -1
142 45 102 -1
143 10 24 -1
144 29 32 -1
145 21 96 -1
146 6 19 -1
147 30 146 -1
148 109 136 -1
149 11 76 -1
150 22 149 -1
151 36 74 -1
152 19 76 -1
153 67 150 -1
154 71 108 -1
155 27 51 -1
156 80 97 -1
157 12 101 -1
158 99 101 -1
159 120 158 22
160 51 118 -1
161 117 160 7
162 94 128 -1
163 127 162 24
164 98 137 -1
165 90 164 8
166 70 121 -1
167 25 68 -1
168 166 167 48
169 75 132 -1
170 77 129 -1
171 169 170 31
172 85 96 -1
173 86 105 -1
174 172 173 46
175 23 66 -1
176 116 175 -1
177 26 176 30
178 28 86 -1
179 8 114 -1
180 133 178 -1
181 81 180 14
182 11 118 -1
183 124 182 -1
184 73 183 47
185 68 83 -1
186 123 185 -1
187 69 186 32
188 34 150 -1
189 145 188 -1
190 148 189 34
191 82 137 -1
192 151 191 -1
193 1 192 16
194 91 116 -1
195 99 194 -1
196 2 195 54
197 70 84 -1
198 71 87 -1
199 197 198 0
200 18 125 -1
201 97 105 -1
202 200 201 38
203 119 126 -1
204 50 203 -1
205 113 204 44
206 33 130 -1
207 79 206 -1
208 147 207 21
209 68 122 -1
210 33 74 -1
211 209 210 40
212 56 135 -1
213 117 212 -1
214 63 213 39
215 144 170 -1
216 8 215 -1
217 31 76 -1
218 216 217 15
219 87 209 -1
220 75 219 -1
221 167 220 -1
222 138 221 41
223 11 62 -1
224 82 223 -1
225 119 224 -1
226 104 225 29
227 98 142 -1
228 10 140 -1
229 227 228 -1
230 127 229 9
231 21 57 -1
232 35 81 -1
233 71 231 -1
234 232 233 23
235 24 112 -1
236 80 93 -1
237 49 236 -1
238 82 83 -1
239 237 238 17
240 1 22 -1
241 45 235 -1
242 134 232 -1
243 78 242 -1
244 241 243 55
245 93 139 -1
246 94 245 -1
247 75 112 -1
248 246 247 42
249 85 240 -1
250 95 238 -1
251 53 249 -1
252 250 251 1
253 29 141 -1
254 75 131 -1
255 253 254 -1
256 9 255 45
257 50 110 -1
258 55 99 -1
259 58 257 -1
260 258 259 6
261 111 178 -1
262 140 261 -1
263 104 262 -1
264 87 263 -1
265 173 264 25
266 62 65 -1
267 120 134 -1
268 66 124 -1
269 267 268 -1
270 266 269 4
271 47 110 -1
272 13 97 -1
273 2 111 -1
274 142 179 -1
275 68 273 -1
276 46 274 -1
277 275 276 10
278 125 153 -1
279 55 115 -1
280 44 278 -1
281 33 279 -1
282 280 281 3
283 151 155 -1
284 153 154 -1
285 283 284 -1
286 17 85 -1
287 285 286 19
288 106 143 -1
289 105 126 -1
290 36 288 -1
291 100 290 -1
292 289 291 28
293 25 123 -1
294 42 90 -1
295 49 293 -1
296 145 294 -1
297 295 296 33
298 139 160 -1
299 135 298 -1
300 104 299 -1
301 78 300 -1
302 138 301 26
303 175 179 -1
304 40 123 -1
305 155 304 -1
306 240 305 -1
307 303 306 35
308 5 35 -1
309 39 308 -1
310 89 125 -1
311 130 309 -1
312 310 311 5
313 5 109 -1
314 121 313 -1
315 17 90 -1
316 314 315 -1
317 47 316 49
318 47 138 -1
319 141 318 -1
320 132 273 -1
321 143 319 -1
322 320 321 50
323 257 261 -1
324 63 175 -1
325 144 323 -1
326 85 324 -1
327 325 326 20
328 113 167 -1
329 51 147 -1
330 235 271 -1
331 328 330 -1
332 329 331 11
333 271 272 -1
334 2 157 -1
335 16 334 -1
336 266 333 -1
337 335 336 36
338 40 236 -1
339 67 138 -1
340 227 338 -1
341 272 339 -1
342 340 341 12
343 42 64 -1
344 157 343 -1
345 0 156 -1
346 344 345 -1
347 63 346 52
348 72 152 -1
349 144 343 -1
350 10 93 -1
351 349 350 -1
352 56 351 -1
353 348 352 2
354 41 124 -1
355 131 354 -1
356 46 355 -1
357 27 63 -1
358 356 357 13
359 38 148 -1
360 8 79 -1
361 359 360 -1
362 42 115 -1
363 361 362 -1
364 143 363 18
365 49 348 -1
366 94 151 -1
367 4 366 -1
368 115 365 -1
369 367 368 -1
370 12 369 43
371 47 104 -1
372 6 88 -1
373 106 372 -1
374 63 373 -1
375 43 371 -1
376 374 375 53
377 41 101 -1
378 135 137 -1
379 92 114 -1
380 154 378 -1
381 377 379 -1
382 380 381 51
383 17 37 -1
384 131 383 -1
385 22 130 -1
386 91 384 -1
387 3 386 -1
388 385 387 37
389 9 128 -1
390 19 112 -1
391 217 389 -1
392 67 390 -1
393 61 391 -1
394 392 393 27
