56 14 54 -1
57 22 38 -1
58 6 46 -1
59 7 47 -1
60 23 39 -1
61 15 55 -1
62 0 32 -1
63 8 40 -1
64 24 48 -1
65 5 21 -1
66 29 45 -1
67 37 53 -1
68 9 49 -1
69 1 17 -1
70 25 41 -1
71 14 30 -1
72 15 31 -1
73 38 54 -1
74 39 55 -1
75 28 44 -1
76 12 52 -1
77 4 20 -1
78 11 27 -1
79 3 43 -1
80 19 35 -1
81 10 26 -1
82 2 42 -1
83 18 34 -1
84 16 40 -1
85 30 47 -1
86 6 22 -1
87 7 23 -1
88 13 59 -1
89 57 61 -1
90 58 74 -1
91 57 60 -1
92 33 68 -1
93 64 84 -1
94 63 93 -1
95 32 93 -1
96 0 16 -1
97 48 62 -1
98 13 66 -1
99 51 86 -1
100 86 87 -1
101 36 76 -1
102 29 101 -1
103 50 81 -1
104 10 92 -1
105 96 103 -1
106 31 46 -1
107 52 80 -1
108 31 61 -1
109 25 97 -1
110 9 41 -1
111 23 88 -1
112 67 71 -1
113 37 72 -1
114 98 99 -1
115 56 85 -1
116 36 115 -1
117 58 59 -1
118 69 104 -1
119 5 91 -1
120 34 110 -1
121 49 96 -1
122 1 42 -1
123 65 112 -1
124 56 79 -1
125 71 121 -1
126 24 74 -1
127 21 113 -1
128 18 70 -1
129 2 26 -1
130 83 105 -1
131 51 129 -1
132 27 130 -1
133 63 78 -1
134 93 132 -1
135 85 106 -1
136 8 32 -1
137 30 46 -1
138 60 137 -1
139 73 74 -1
140 29 31 -1
141 111 140 -1
142 123 135 -1
143 77 82 -1
144 12 44 -1
145 75 90 -1
146 75 77 -1
147 56 61 -1
148 50 146 -1
149 79 107 -1
150 51 149 -1
151 33 84 -1
152 35 97 -1
153 136 137 -1
154 17 95 -1
155 125 154 24
156 3 18 -1
157 8 81 -1
158 82 152 -1
159 157 158 -1
160 73 78 -1
161 4 57 -1
162 51 151 -1
163 28 43 -1
164 117 118 -1
165 103 164 49
166 88 123 -1
167 124 166 53
168 120 135 -1
169 118 168 9
170 156 159 -1
171 61 170 42
172 59 134 -1
173 131 172 50
174 86 95 -1
175 110 174 32
176 54 89 -1
177 145 176 14
178 47 126 -1
179 0 127 -1
180 178 179 23
181 25 118 -1
182 100 122 -1
183 181 182 33
184 120 181 -1
185 58 109 -1
186 49 94 -1
187 185 186 48
188 15 115 -1
189 77 188 -1
190 57 189 38
191 65 114 -1
192 89 191 -1
193 11 192 45
194 91 145 -1
195 30 194 -1
196 144 195 30
197 92 129 -1
198 70 197 -1
199 91 198 17
200 74 98 -1
201 111 136 -1
202 200 201 15
203 14 138 -1
204 76 100 -1
205 203 204 46
206 65 108 -1
207 60 206 -1
208 63 207 39
209 101 153 -1
210 70 150 -1
211 209 210 11
212 1 24 -1
213 97 151 -1
214 9 153 -1
215 213 214 8
216 75 119 -1
217 102 216 -1
218 83 217 20
219 23 58 -1
220 52 116 -1
221 219 220 6
222 104 147 -1
223 184 222 -1
224 2 223 41
225 117 143 -1
226 53 225 -1
227 102 226 52
228 16 48 -1
229 39 141 -1
230 228 229 31
231 67 113 -1
232 62 111 -1
233 231 232 47
234 57 109 -1
235 1 63 -1
236 234 235 16
237 59 84 -1
238 67 237 -1
239 108 238 7
240 151 212 -1
241 56 136 -1
242 240 241 40
243 68 128 -1
244 122 139 -1
245 243 244 1
246 43 133 -1
247 87 132 -1
248 246 247 34
249 5 57 -1
250 66 249 -1
251 127 250 -1
252 160 251 29
253 80 98 -1
254 138 253 -1
255 67 254 -1
256 58 255 21
257 144 253 -1
258 69 133 -1
259 257 258 -1
260 114 259 35
261 3 141 -1
262 142 261 -1
263 5 262 -1
264 19 263 37
265 64 89 -1
266 7 119 -1
267 45 265 -1
268 266 267 55
269 47 159 -1
270 31 78 -1
271 134 270 -1
272 269 271 10
273 53 90 -1
274 21 35 -1
275 273 274 -1
276 191 275 5
277 112 146 -1
278 36 127 -1
279 81 278 -1
280 277 279 28
281 72 161 -1
282 6 147 -1
283 281 282 -1
284 44 283 54
285 17 73 -1
286 94 285 -1
287 0 286 -1
288 41 287 0
289 117 281 -1
290 36 289 -1
291 189 290 -1
292 86 291 22
293 130 184 -1
294 125 293 -1
295 72 294 -1
296 26 295 25
297 44 162 -1
298 79 297 -1
299 20 49 -1
300 160 298 -1
301 299 300 3
302 47 129 -1
303 229 257 -1
304 302 303 -1
305 256 304 -1
306 227 305 12
307 42 131 -1
308 19 94 -1
309 72 308 -1
310 83 307 -1
311 309 310 26
312 11 210 -1
313 185 212 -1
314 163 313 -1
315 312 314 -1
316 62 315 51
317 43 105 -1
318 74 158 -1
319 80 318 -1
320 40 319 -1
321 317 320 2
322 37 148 -1
323 222 322 -1
324 5 92 -1
325 12 324 -1
326 323 325 44
327 24 134 -1
328 60 156 -1
329 327 328 -1
330 95 329 -1
331 42 330 18
332 38 43 -1
333 27 45 -1
334 46 333 -1
335 332 334 -1
336 142 335 13
337 152 163 -1
338 154 161 -1
339 162 337 -1
340 78 338 -1
341 339 340 19
342 27 51 -1
343 71 110 -1
344 20 228 -1
345 210 342 -1
346 343 344 -1
347 345 346 27
348 291 322 -1
349 45 205 -1
350 278 348 -1
351 34 61 -1
352 350 351 -1
353 349 352 4
354 36 68 -1
355 4 19 -1
356 78 355 -1
357 62 356 -1
358 124 354 -1
359 357 358 43
360 28 102 -1
361 2 100 -1
362 18 360 -1
363 98 361 -1
364 20 362 -1
365 363 364 36
