56 23 30 -1
57 6 55 -1
58 31 38 -1
59 47 54 -1
60 15 22 -1
61 7 14 -1
62 39 46 -1
63 32 40 -1
64 16 24 -1
65 0 8 -1
66 29 53 -1
67 12 54 -1
68 5 37 -1
69 22 36 -1
70 14 28 -1
71 21 45 -1
72 38 52 -1
73 0 25 -1
74 6 20 -1
75 16 41 -1
76 9 40 -1
77 4 46 -1
78 24 49 -1
79 34 48 -1
80 30 44 -1
81 8 33 -1
82 1 32 -1
83 48 63 -1
84 39 55 -1
85 7 23 -1
86 15 31 -1
87 13 57 -1
88 12 56 -1
89 36 59 -1
90 3 37 -1
91 17 31 -1
92 58 62 -1
93 21 43 -1
94 29 51 -1
95 28 77 -1
96 7 11 -1
97 19 53 -1
98 5 27 -1
99 15 19 -1
100 13 35 -1
101 11 45 -1
102 3 55 -1
103 64 65 -1
104 15 84 -1
105 23 86 -1
106 85 102 -1
107 18 70 -1
108 28 42 -1
109 10 74 -1
110 20 52 -1
111 42 72 -1
112 0 107 -1
113 26 82 -1
114 60 62 -1
115 59 114 -1
116 18 39 -1
117 53 71 -1
118 61 114 -1
119 57 58 -1
120 2 67 -1
121 14 98 -1
122 51 90 -1
123 50 73 -1
124 63 120 -1
125 30 93 -1
126 68 87 -1
127 25 81 -1
128 5 66 -1
129 12 95 -1
130 55 85 -1
131 71 87 -1
132 21 90 -1
133 29 88 -1
134 68 133 -1
135 48 91 -1
136 79 80 -1
137 20 44 -1
138 16 136 -1
139 70 110 -1
140 35 135 -1
141 49 82 -1
142 8 137 -1
143 21 47 -1
144 26 119 -1
145 33 75 -1
146 27 100 -1
147 1 76 -1
148 83 113 -1
149 44 69 -1
150 2 36 -1
151 32 116 -1
152 24 92 -1
153 51 147 -1
154 40 110 -1
155 78 98 -1
156 22 26 -1
157 65 138 -1
158 9 157 8
159 17 103 -1
160 111 159 0
161 65 69 -1
162 148 161 16
163 83 112 -1
164 49 163 24
165 64 124 -1
166 33 165 40
167 75 83 -1
168 64 109 -1
169 167 168 32
170 75 106 -1
171 105 122 -1
172 170 171 7
173 46 88 -1
174 144 173 -1
175 16 174 30
176 52 149 -1
177 134 176 -1
178 151 177 20
179 59 125 -1
180 1 126 -1
181 179 180 53
182 45 104 -1
183 78 182 -1
184 106 183 55
185 41 121 -1
186 117 185 -1
187 92 186 13
188 6 32 -1
189 108 115 -1
190 188 189 14
191 77 103 -1
192 123 191 -1
193 32 192 48
194 35 73 -1
195 104 143 -1
196 194 195 23
197 100 102 -1
198 38 123 -1
199 45 136 -1
200 10 199 -1
201 141 200 -1
202 140 201 9
203 29 81 -1
204 43 130 -1
205 47 204 -1
206 203 205 15
207 20 54 -1
208 34 61 -1
209 152 207 -1
210 208 209 22
211 2 138 -1
212 139 150 -1
213 130 131 -1
214 212 213 -1
215 16 214 36
216 11 82 -1
217 47 53 -1
218 216 217 -1
219 105 218 47
220 101 134 -1
221 60 220 -1
222 67 221 -1
223 25 222 29
224 76 105 -1
225 5 224 -1
226 19 104 -1
227 225 226 39
228 39 66 -1
229 132 228 -1
230 17 229 -1
231 118 230 37
232 10 118 -1
233 30 52 -1
234 232 233 -1
235 0 234 46
236 79 119 -1
237 150 208 -1
238 149 236 -1
239 237 238 54
240 47 140 -1
241 7 39 -1
242 146 240 -1
243 241 242 31
244 3 140 -1
245 125 139 -1
246 9 245 -1
247 244 246 27
248 79 129 -1
249 72 117 -1
250 84 248 -1
251 249 250 4
252 15 128 -1
253 115 252 -1
254 49 253 -1
255 100 254 5
256 9 61 -1
257 94 131 -1
258 256 257 -1
259 38 258 45
260 53 147 -1
261 25 260 -1
262 43 116 -1
263 111 262 -1
264 261 263 1
265 34 120 -1
266 194 197 -1
267 41 266 -1
268 17 267 -1
269 265 268 41
270 48 113 -1
271 108 197 -1
272 4 112 -1
273 271 272 -1
274 270 273 42
275 40 89 -1
276 50 275 -1
277 57 276 -1
278 14 56 -1
279 277 278 6
280 43 67 -1
281 99 280 -1
282 4 36 -1
283 281 282 -1
284 121 141 -1
285 283 284 43
286 1 99 -1
287 107 286 -1
288 29 287 -1
289 145 288 -1
290 50 289 25
291 17 99 -1
292 94 291 -1
293 142 211 -1
294 292 293 -1
295 42 294 26
296 22 88 -1
297 74 80 -1
298 146 297 -1
299 153 296 -1
300 298 299 35
301 8 77 -1
302 38 56 -1
303 116 301 -1
304 115 302 -1
305 303 304 38
306 42 127 -1
307 96 109 -1
308 21 306 -1
309 49 308 -1
310 307 309 33
311 67 142 -1
312 15 311 -1
313 28 312 -1
314 50 126 -1
315 313 314 44
316 139 185 -1
317 267 314 -1
318 111 168 -1
319 23 316 -1
320 318 319 -1
321 317 320 18
322 9 319 -1
323 78 156 -1
324 14 68 -1
325 212 322 -1
326 323 325 -1
327 324 326 17
328 131 154 -1
329 143 328 -1
330 37 80 -1
331 4 329 -1
332 144 330 -1
333 331 332 12
334 67 80 -1
335 127 334 -1
336 19 46 -1
337 89 335 -1
338 122 337 -1
339 336 338 11
340 18 109 -1
341 155 340 -1
342 47 51 -1
343 79 341 -1
344 154 343 -1
345 342 344 50
346 147 162 -1
347 96 280 -1
348 79 346 -1
349 143 347 -1
350 276 348 -1
351 349 350 34
352 167 232 -1
353 53 239 -1
354 352 353 -1
355 56 174 -1
356 281 354 -1
357 355 356 2
358 81 152 -1
359 151 194 -1
360 150 198 -1
361 101 359 -1
362 358 360 -1
363 361 362 10
364 7 129 -1
365 0 89 -1
366 20 108 -1
367 364 366 -1
368 128 365 -1
369 367 368 52
370 97 131 -1
371 33 102 -1
372 132 371 -1
373 56 58 -1
374 372 373 -1
375 370 374 21
376 75 137 -1
377 72 376 -1
378 54 371 -1
379 27 377 -1
380 101 379 -1
381 378 380 3
382 10 77 -1
383 35 316 -1
384 155 383 -1
385 382 384 -1
386 307 385 -1
387 97 386 51
388 69 192 -1
389 342 388 -1
390 159 389 -1
391 5 127 -1
392 390 391 -1
393 346 392 49
394 93 312 -1
395 304 390 -1
396 131 394 -1
397 222 396 -1
398 395 397 -1
399 315 398 19
400 149 382 -1
401 229 400 -1
402 38 401 -1
403 70 402 -1
404 152 403 -1
405 90 404 -1
406 15 405 28
