40 0 31 -1
41 10 29 -1
42 40 41 0
43 8 39 -1
44 41 43 -1
45 19 44 29
46 11 20 -1
47 9 30 -1
48 46 47 20
49 19 28 -1
50 39 47 -1
51 49 50 9
52 21 30 -1
53 0 19 -1
54 52 53 30
55 29 38 -1
56 9 55 -1
57 53 56 19
58 18 38 -1
59 7 49 -1
60 58 59 28
61 27 43 -1
62 58 61 8
63 1 10 -1
64 20 39 -1
65 63 64 10
66 56 64 -1
67 58 66 39
68 8 28 -1
69 17 55 -1
70 68 69 38
71 27 37 -1
72 16 59 -1
73 71 72 37
74 9 18 -1
75 37 74 -1
76 68 75 18
77 6 27 -1
78 75 77 -1
79 17 78 27
80 17 36 -1
81 7 61 -1
82 80 81 17
83 7 26 -1
84 69 83 -1
85 37 84 7
86 5 14 -1
87 25 35 -1
88 86 87 -1
89 26 88 35
90 4 24 -1
91 33 86 -1
92 90 91 14
93 25 34 -1
94 13 90 -1
95 93 94 34
96 5 15 -1
97 6 96 -1
98 93 97 15
99 4 87 -1
100 16 99 -1
101 15 100 25
102 24 96 -1
103 35 36 -1
104 102 103 5
105 14 23 -1
106 93 99 -1
107 105 106 4
108 3 34 -1
109 86 102 -1
110 108 109 24
111 22 63 -1
112 12 32 -1
113 13 111 -1
114 112 113 22
115 2 33 -1
116 112 115 -1
117 52 116 2
118 21 40 -1
119 53 118 -1
120 111 119 31
121 9 11 -1
122 12 121 -1
123 118 122 21
124 105 115 -1
125 9 124 -1
126 13 125 23
127 1 46 -1
128 64 127 -1
129 2 52 -1
130 128 129 11
131 29 31 -1
132 127 131 -1
133 32 132 1
134 2 22 -1
135 3 12 -1
136 134 135 -1
137 40 136 12
138 23 32 -1
139 134 138 -1
140 46 139 32
141 36 77 -1
142 15 141 -1
143 20 26 -1
144 142 143 36
145 0 83 -1
146 6 145 -1
147 16 146 -1
148 35 147 16
149 1 33 -1
150 41 149 -1
151 108 150 -1
152 113 151 3
153 30 71 -1
154 25 153 -1
155 16 154 -1
156 141 155 6
157 10 16 -1
158 5 26 -1
159 80 158 -1
160 157 159 26
161 19 24 -1
162 23 33 -1
163 135 162 -1
164 161 163 33
165 3 138 -1
166 13 39 -1
167 4 165 -1
168 166 167 13
