48 0 24 -1
49 11 47 -1
50 20 49 -1
51 48 50 47
52 12 36 -1
53 49 52 -1
54 32 53 11
55 23 35 -1
56 52 55 -1
57 8 56 35
58 44 55 -1
59 48 58 23
60 22 34 -1
61 49 60 -1
62 35 61 -1
63 43 62 22
64 7 55 -1
65 62 64 34
66 10 46 -1
67 55 66 -1
68 19 67 -1
69 11 68 46
70 31 67 -1
71 47 70 10
72 5 29 -1
73 16 28 -1
74 37 73 -1
75 72 74 16
76 4 40 -1
77 13 72 -1
78 76 77 40
79 17 41 -1
80 73 79 -1
81 1 80 28
82 25 76 -1
83 79 82 4
84 6 30 -1
85 17 29 -1
86 38 85 -1
87 84 86 17
88 5 41 -1
89 84 88 -1
90 14 89 41
91 18 42 -1
92 26 88 -1
93 91 92 5
94 2 91 -1
95 85 94 29
96 1 25 -1
97 24 36 -1
98 21 96 -1
99 97 98 36
100 0 12 -1
101 45 100 -1
102 96 101 12
103 13 37 -1
104 33 100 -1
105 103 104 0
106 9 103 -1
107 97 106 24
108 9 45 -1
109 60 108 -1
110 23 109 -1
111 10 110 -1
112 18 111 45
113 67 111 -1
114 30 113 9
115 21 33 -1
116 66 115 -1
117 34 47 -1
118 116 117 -1
119 42 118 21
120 6 118 -1
121 61 120 33
122 31 48 -1
123 7 122 -1
124 18 30 -1
125 39 124 -1
126 123 125 18
127 6 42 -1
128 15 123 -1
129 127 128 42
130 43 52 -1
131 19 130 -1
132 3 131 -1
133 124 132 30
134 27 131 -1
135 127 134 6
136 90 93 -1
137 133 135 -1
138 136 137 -1
139 46 138 -1
140 47 139 14
141 87 95 -1
142 22 23 -1
143 137 142 -1
144 141 143 38
145 126 129 -1
146 34 145 -1
147 141 146 -1
148 35 147 2
149 10 11 -1
150 145 149 -1
151 136 150 26
152 14 38 -1
153 37 152 -1
154 25 153 -1
155 106 154 -1
156 10 155 25
157 98 154 -1
158 34 115 -1
159 157 158 1
160 136 141 -1
161 22 157 -1
162 160 161 37
163 46 108 -1
164 155 163 -1
165 160 164 13
166 8 45 -1
167 44 166 -1
168 158 167 -1
169 29 168 8
170 109 168 -1
171 17 170 44
172 20 33 -1
173 163 172 -1
174 32 173 -1
175 41 174 20
176 88 175 -1
177 116 176 32
178 19 122 -1
179 32 166 -1
180 178 179 -1
181 40 180 19
182 44 172 -1
183 7 130 -1
184 28 183 -1
185 182 184 7
186 4 105 -1
187 182 186 -1
188 107 178 -1
189 187 188 31
190 99 102 -1
191 16 179 -1
192 190 191 -1
193 183 192 43
194 4 28 -1
195 3 39 -1
196 194 195 -1
197 12 196 -1
198 23 197 39
199 16 40 -1
200 35 195 -1
201 24 200 -1
202 199 201 3
203 15 27 -1
204 36 194 -1
205 47 204 -1
206 203 205 15
207 0 199 -1
208 11 207 -1
209 203 208 27
