48 24 37 -1
49 11 22 -1
50 48 49 11
51 1 12 -1
52 34 47 -1
53 51 52 47
54 0 13 -1
55 35 46 -1
56 54 55 35
57 25 36 -1
58 10 23 -1
59 57 58 23
60 9 20 -1
61 46 60 -1
62 52 61 9
63 8 55 -1
64 21 63 -1
65 34 64 21
66 33 44 -1
67 58 66 -1
68 22 67 33
69 32 49 -1
70 45 69 -1
71 10 70 45
72 4 15 -1
73 25 38 -1
74 3 73 -1
75 72 74 38
76 0 23 -1
77 24 76 -1
78 73 77 0
79 29 41 -1
80 42 72 -1
81 79 80 4
82 3 16 -1
83 79 82 -1
84 30 83 16
85 26 37 -1
86 15 82 -1
87 85 86 26
88 12 36 -1
89 11 88 -1
90 85 89 12
91 2 13 -1
92 88 91 -1
93 35 92 36
94 27 40 -1
95 91 94 -1
96 39 95 2
97 5 17 -1
98 94 97 -1
99 6 98 40
100 28 39 -1
101 18 97 -1
102 100 101 28
103 1 14 -1
104 27 103 -1
105 100 104 14
106 24 47 -1
107 103 106 -1
108 0 107 24
109 33 46 -1
110 76 109 -1
111 11 110 46
112 9 22 -1
113 106 112 -1
114 35 113 22
115 28 40 -1
116 3 14 -1
117 41 116 -1
118 115 117 3
119 2 15 -1
120 29 115 -1
121 119 120 15
122 14 47 -1
123 119 122 -1
124 57 123 25
125 2 48 -1
126 35 125 -1
127 116 126 37
128 27 38 -1
129 4 16 -1
130 17 128 -1
131 129 130 27
132 26 39 -1
133 5 129 -1
134 132 133 39
135 11 128 -1
136 54 135 -1
137 26 136 13
138 51 132 -1
139 23 38 -1
140 138 139 1
141 23 45 -1
142 11 34 -1
143 12 141 -1
144 142 143 34
145 8 19 -1
146 109 141 -1
147 145 146 8
148 21 47 -1
149 10 35 -1
150 148 149 -1
151 36 150 10
152 32 43 -1
153 112 152 -1
154 148 153 32
155 6 19 -1
156 68 155 -1
157 59 69 -1
158 156 157 19
159 31 47 -1
160 44 150 -1
161 9 159 -1
162 160 161 44
163 42 159 -1
164 56 163 -1
165 20 164 -1
166 64 165 31
167 30 43 -1
168 51 61 -1
169 167 168 -1
170 63 169 43
171 7 33 -1
172 45 171 -1
173 20 142 -1
174 172 173 20
175 18 28 -1
176 120 175 -1
177 12 155 -1
178 176 177 29
179 0 7 -1
180 6 41 -1
181 179 180 -1
182 175 181 41
183 17 106 -1
184 30 163 -1
185 4 184 -1
186 183 185 17
187 159 183 -1
188 101 187 -1
189 57 152 -1
190 188 189 18
191 36 43 -1
192 187 191 -1
193 186 192 -1
194 133 193 5
195 37 44 -1
196 192 195 -1
197 6 196 6
198 67 171 -1
199 50 198 -1
200 18 71 -1
201 199 200 7
202 30 181 -1
203 177 202 -1
204 13 20 -1
205 203 204 30
206 51 179 -1
207 29 145 -1
208 42 207 -1
209 206 208 42
