48 23 47 -1
49 7 19 -1
50 48 49 -1
51 24 50 47
52 11 35 -1
53 36 49 -1
54 52 53 35
55 31 43 -1
56 0 48 -1
57 55 56 23
58 12 52 -1
59 55 58 11
60 25 37 -1
61 17 29 -1
62 6 61 -1
63 60 62 17
64 5 41 -1
65 60 64 -1
66 18 65 5
67 1 13 -1
68 30 67 -1
69 64 68 41
70 42 67 -1
71 61 70 29
72 8 20 -1
73 24 36 -1
74 72 73 -1
75 12 74 -1
76 37 75 24
77 0 25 -1
78 74 77 36
79 35 47 -1
80 4 79 -1
81 40 80 -1
82 17 81 -1
83 73 82 4
84 56 58 -1
85 61 84 -1
86 82 85 40
87 34 46 -1
88 15 87 -1
89 80 88 -1
90 27 89 15
91 33 45 -1
92 2 91 -1
93 38 92 -1
94 88 93 2
95 32 44 -1
96 13 95 -1
97 25 96 -1
98 92 97 13
99 77 97 -1
100 12 99 -1
101 36 100 0
102 67 73 -1
103 101 102 12
104 16 79 -1
105 28 104 -1
106 41 84 -1
107 105 106 28
108 5 105 -1
109 73 108 16
110 3 87 -1
111 39 110 -1
112 104 111 3
113 14 91 -1
114 26 113 -1
115 110 114 14
116 1 37 -1
117 95 113 -1
118 116 117 1
119 9 21 -1
120 72 119 -1
121 26 116 -1
122 120 121 37
123 98 120 -1
124 95 123 -1
125 93 124 25
126 10 22 -1
127 91 119 -1
128 126 127 -1
129 27 93 -1
130 128 129 38
131 39 128 -1
132 114 131 26
133 28 127 -1
134 40 133 -1
135 32 134 -1
136 8 135 -1
137 9 136 8
138 98 124 -1
139 137 138 20
140 81 105 -1
141 33 140 -1
142 136 141 32
143 127 142 -1
144 138 143 44
145 11 23 -1
146 3 133 -1
147 131 145 -1
148 146 147 39
149 90 112 -1
150 140 148 -1
151 149 150 27
152 139 144 -1
153 109 152 -1
154 83 153 -1
155 128 154 -1
156 46 155 33
157 126 154 -1
158 34 157 45
159 10 34 -1
160 64 159 -1
161 61 156 -1
162 160 161 9
163 128 162 21
164 48 159 -1
165 6 18 -1
166 11 164 -1
167 165 166 34
168 52 68 -1
169 70 168 -1
170 166 169 10
171 87 126 -1
172 170 171 -1
173 145 172 22
174 79 171 -1
175 167 174 46
176 2 14 -1
177 6 42 -1
178 24 31 -1
179 177 178 -1
180 176 179 42
181 26 38 -1
182 19 181 -1
183 12 182 -1
184 177 183 6
185 18 30 -1
186 36 43 -1
187 185 186 -1
188 176 187 30
189 181 185 -1
190 7 189 -1
191 0 190 18
192 15 74 -1
193 3 192 -1
194 186 193 -1
195 7 194 -1
196 32 195 43
197 178 193 -1
198 19 44 -1
199 197 198 31
200 33 149 -1
201 143 199 -1
202 200 201 -1
203 59 202 -1
204 54 203 7
205 78 202 -1
206 24 205 -1
207 25 206 19
