48 24 36 -1
49 10 35 -1
50 23 48 -1
51 49 50 23
52 21 46 -1
53 47 52 -1
54 49 53 10
55 11 47 -1
56 48 55 -1
57 22 56 11
58 0 12 -1
59 34 58 -1
60 55 59 47
61 23 46 -1
62 35 58 -1
63 61 62 35
64 10 33 -1
65 11 64 -1
66 61 65 46
67 21 44 -1
68 22 67 -1
69 64 68 33
70 8 33 -1
71 34 52 -1
72 70 71 21
73 0 13 -1
74 1 73 -1
75 62 74 -1
76 36 75 36
77 24 47 -1
78 74 77 24
79 25 36 -1
80 37 79 -1
81 12 80 -1
82 11 81 12
83 0 50 -1
84 80 83 0
85 26 39 -1
86 3 16 -1
87 4 86 -1
88 85 87 39
89 28 41 -1
90 29 89 -1
91 86 90 16
92 6 18 -1
93 5 89 -1
94 92 93 41
95 29 40 -1
96 17 95 -1
97 92 96 29
98 4 15 -1
99 41 98 -1
100 95 99 4
101 27 38 -1
102 16 98 -1
103 101 102 27
104 2 13 -1
105 39 104 -1
106 101 105 2
107 14 79 -1
108 104 107 -1
109 47 108 25
110 56 82 -1
111 76 110 -1
112 109 111 37
113 1 27 -1
114 14 113 -1
115 85 114 14
116 27 87 -1
117 91 116 -1
118 94 97 -1
119 117 118 40
120 2 100 -1
121 117 120 15
122 39 102 -1
123 100 122 -1
124 118 123 28
125 14 123 -1
126 91 125 3
127 80 88 -1
128 107 127 -1
129 122 128 26
130 25 116 -1
131 2 103 -1
132 130 131 38
133 22 45 -1
134 9 10 -1
135 133 134 -1
136 32 135 45
137 45 71 -1
138 54 137 -1
139 135 138 22
140 51 57 -1
141 138 140 34
142 9 20 -1
143 21 142 -1
144 137 143 9
145 32 43 -1
146 143 145 -1
147 47 146 32
148 106 115 -1
149 108 148 -1
150 56 78 -1
151 149 150 13
152 23 149 -1
153 81 152 1
154 30 42 -1
155 16 41 -1
156 154 155 -1
157 5 156 5
158 17 154 -1
159 4 29 -1
160 158 159 17
161 7 18 -1
162 50 145 -1
163 44 161 -1
164 162 163 7
165 19 58 -1
166 161 165 -1
167 41 166 -1
168 30 167 30
169 29 166 -1
170 42 92 -1
171 169 170 42
172 8 31 -1
173 9 67 -1
174 35 173 -1
175 172 174 44
176 19 44 -1
177 23 72 -1
178 176 177 -1
179 137 178 8
180 136 142 -1
181 7 65 -1
182 180 181 -1
183 22 182 20
184 20 172 -1
185 42 47 -1
186 165 184 -1
187 185 186 31
188 31 43 -1
189 30 188 -1
190 48 189 -1
191 6 190 -1
192 158 191 6
193 18 190 -1
194 5 193 18
195 7 184 -1
196 189 195 -1
197 62 196 43
198 183 195 -1
199 50 179 -1
200 198 199 -1
201 6 200 19
