48 35 36 -1
49 10 34 -1
50 48 49 -1
51 23 50 23
52 11 12 -1
53 47 49 -1
54 52 53 47
55 48 52 -1
56 0 13 -1
57 55 56 36
58 24 37 -1
59 55 58 12
60 0 23 -1
61 22 46 -1
62 35 60 -1
63 61 62 35
64 24 47 -1
65 11 64 -1
66 61 65 11
67 60 64 -1
68 1 12 -1
69 67 68 24
70 25 36 -1
71 67 70 0
72 10 33 -1
73 9 72 -1
74 23 46 -1
75 73 74 46
76 22 73 -1
77 53 76 22
78 20 44 -1
79 72 78 -1
80 21 79 33
81 9 45 -1
82 34 78 -1
83 81 82 9
84 80 83 -1
85 76 84 -1
86 11 85 34
87 8 32 -1
88 22 81 -1
89 87 88 45
90 49 61 -1
91 35 90 -1
92 85 91 10
93 84 89 -1
94 90 93 21
95 4 17 -1
96 27 40 -1
97 3 95 -1
98 96 97 40
99 2 26 -1
100 15 96 -1
101 99 100 15
102 16 39 -1
103 99 102 -1
104 3 103 39
105 5 28 -1
106 102 105 -1
107 15 106 28
108 29 42 -1
109 28 108 -1
110 95 109 17
111 18 41 -1
112 105 111 -1
113 4 112 41
114 4 27 -1
115 14 38 -1
116 15 114 -1
117 115 116 27
118 3 28 -1
119 39 115 -1
120 118 119 3
121 16 41 -1
122 27 118 -1
123 121 122 16
124 5 30 -1
125 121 124 -1
126 40 125 5
127 96 119 -1
128 29 117 -1
129 127 128 4
130 2 38 -1
131 1 25 -1
132 130 131 -1
133 15 132 38
134 119 132 -1
135 99 134 14
136 13 37 -1
137 130 136 -1
138 27 137 2
139 104 115 -1
140 102 137 -1
141 139 140 26
142 6 105 -1
143 12 19 -1
144 109 143 -1
145 142 144 42
146 95 129 -1
147 107 146 -1
148 142 147 29
149 12 24 -1
150 56 71 -1
151 149 150 -1
152 2 151 25
153 99 137 -1
154 152 153 -1
155 132 154 1
156 55 67 -1
157 38 151 -1
158 156 157 13
159 155 156 -1
160 26 159 -1
161 14 160 37
162 36 43 -1
163 18 124 -1
164 29 163 -1
165 162 164 18
166 7 30 -1
167 17 166 -1
168 0 111 -1
169 167 168 30
170 6 55 -1
171 162 166 -1
172 20 171 -1
173 170 172 43
174 31 143 -1
175 44 170 -1
176 174 175 -1
177 30 176 19
178 41 42 -1
179 31 178 -1
180 24 179 -1
181 6 17 -1
182 180 181 6
183 8 19 -1
184 180 183 -1
185 111 184 -1
186 67 185 31
187 43 168 -1
188 179 187 -1
189 186 188 -1
190 33 189 -1
191 44 190 8
192 20 189 -1
193 87 192 -1
194 9 193 32
195 31 32 -1
196 7 195 -1
197 67 196 -1
198 188 197 7
199 11 196 -1
200 35 199 -1
201 20 200 -1
202 45 201 20
203 78 87 -1
204 201 203 -1
205 21 204 44
