56 9 16 -1
57 25 32 -1
58 41 48 -1
59 0 49 -1
60 33 40 -1
61 17 24 -1
62 1 8 -1
63 15 39 -1
64 23 55 -1
65 7 31 -1
66 47 54 -1
67 7 39 -1
68 24 40 -1
69 8 48 -1
70 31 55 -1
71 16 32 -1
72 37 67 -1
73 5 65 -1
74 53 64 -1
75 29 70 -1
76 30 46 -1
77 6 22 -1
78 2 42 -1
79 18 34 -1
80 10 26 -1
81 14 44 -1
82 12 38 -1
83 45 73 -1
84 13 43 -1
85 3 19 -1
86 21 51 -1
87 11 27 -1
88 20 36 -1
89 0 68 -1
90 4 30 -1
91 23 47 -1
92 50 60 -1
93 75 83 -1
94 34 61 -1
95 26 56 -1
96 22 52 -1
97 50 79 -1
98 2 58 -1
99 27 46 -1
100 38 45 -1
101 14 54 -1
102 28 35 -1
103 100 101 -1
104 15 47 -1
105 62 63 -1
106 12 19 -1
107 35 85 -1
108 52 88 -1
109 64 67 -1
110 46 109 -1
111 13 93 -1
112 59 82 -1
113 8 74 -1
114 69 71 -1
115 33 41 -1
116 18 69 -1
117 95 106 -1
118 25 115 -1
119 60 104 -1
120 57 72 -1
121 42 73 -1
122 13 105 -1
123 66 76 -1
124 65 91 -1
125 28 56 -1
126 6 36 -1
127 10 17 -1
128 3 22 -1
129 1 17 -1
130 9 57 -1
131 16 35 -1
132 51 98 -1
133 72 76 -1
134 21 91 -1
135 9 24 -1
136 21 63 -1
137 29 72 -1
138 43 92 -1
139 78 80 -1
140 59 128 -1
141 77 84 -1
142 0 8 -1
143 64 90 -1
144 6 58 -1
145 32 60 -1
146 12 108 -1
147 86 87 -1
148 1 42 -1
149 20 27 -1
150 50 149 -1
151 24 107 -1
152 45 119 -1
153 5 131 -1
154 101 153 -1
155 4 53 -1
156 11 41 -1
157 17 36 -1
158 33 140 -1
159 51 151 -1
160 43 147 -1
161 29 157 -1
162 44 112 -1
163 125 162 -1
164 21 37 -1
165 57 110 -1
166 81 165 15
167 59 114 -1
168 121 167 48
169 112 117 -1
170 118 169 17
171 133 154 -1
172 31 171 22
173 112 124 -1
174 14 173 47
175 63 144 -1
176 143 175 55
177 116 120 -1
178 68 177 16
179 55 125 -1
180 110 179 -1
181 123 180 31
182 139 157 -1
183 138 182 -1
184 55 183 2
185 34 58 -1
186 113 185 -1
187 89 186 0
188 75 127 -1
189 71 188 -1
190 89 189 24
191 2 114 -1
192 134 135 -1
193 191 192 32
194 50 122 -1
195 89 194 -1
196 16 195 40
197 54 65 -1
198 96 119 -1
199 197 198 7
200 130 140 -1
201 145 200 -1
202 127 201 33
203 142 152 -1
204 26 203 -1
205 114 204 8
206 20 111 -1
207 110 206 -1
208 92 207 5
209 129 130 -1
210 14 209 -1
211 132 210 41
212 120 121 -1
213 82 136 -1
214 53 212 -1
215 213 214 13
216 39 94 -1
217 150 216 -1
218 80 217 -1
219 148 218 18
220 49 99 -1
221 94 115 -1
222 62 220 -1
223 221 222 9
224 78 97 -1
225 102 224 -1
226 47 130 -1
227 225 226 10
228 129 146 -1
229 28 142 -1
230 228 229 -1
231 141 230 36
232 99 149 -1
233 22 70 -1
234 105 233 -1
235 232 234 39
236 72 160 -1
237 69 102 -1
238 191 236 -1
239 237 238 19
240 25 44 -1
241 61 70 -1
242 126 241 -1
243 38 242 -1
244 104 243 23
245 53 111 -1
246 5 143 -1
247 94 246 -1
248 245 247 21
249 31 93 -1
250 103 249 -1
251 128 250 -1
252 40 251 54
253 158 161 -1
254 135 253 -1
255 163 254 -1
256 52 255 20
257 15 139 -1
258 96 158 -1
259 18 258 -1
260 257 259 42
261 24 141 -1
262 100 261 -1
263 66 262 -1
264 63 263 14
265 11 118 -1
266 116 129 -1
267 30 265 -1
268 266 267 25
269 93 136 -1
270 95 269 -1
271 137 270 -1
272 96 271 29
273 7 10 -1
274 240 273 -1
275 97 274 -1
276 132 275 50
277 150 151 -1
278 8 75 -1
279 277 278 -1
280 84 279 27
281 49 138 -1
282 6 129 -1
283 135 281 -1
284 282 283 49
285 126 269 -1
286 15 59 -1
287 273 286 -1
288 285 287 45
289 49 103 -1
290 49 78 -1
291 31 290 -1
292 117 291 -1
293 79 292 26
294 134 289 -1
295 30 294 -1
296 286 295 -1
297 19 296 38
298 86 101 -1
299 6 74 -1
300 123 299 -1
301 32 300 -1
302 298 301 6
303 106 124 -1
304 0 303 -1
305 121 131 -1
306 304 305 -1
307 147 306 35
308 20 48 -1
309 163 308 -1
310 38 309 -1
311 154 310 -1
312 4 311 44
313 144 156 -1
314 13 313 -1
315 22 314 -1
316 15 315 -1
317 133 316 46
318 80 156 -1
319 97 318 -1
320 23 62 -1
321 4 320 -1
322 319 321 34
323 40 228 -1
324 155 323 -1
325 17 324 -1
326 99 325 -1
327 144 326 52
328 38 55 -1
329 113 328 -1
330 75 77 -1
331 99 329 -1
332 330 331 30
333 41 49 -1
334 54 148 -1
335 130 131 -1
336 334 335 -1
337 333 336 1
338 127 161 -1
339 43 159 -1
340 152 339 -1
341 338 340 -1
342 33 341 11
343 53 104 -1
344 122 343 -1
345 81 344 -1
346 137 345 -1
347 18 346 37
348 83 159 -1
349 11 52 -1
350 89 349 -1
351 26 350 -1
352 348 351 51
353 28 66 -1
354 98 353 -1
355 249 354 -1
356 245 355 -1
357 164 356 53
358 236 240 -1
359 177 358 -1
360 113 164 -1
361 3 359 -1
362 360 361 3
363 28 81 -1
364 4 52 -1
365 289 363 -1
366 106 145 -1
367 364 366 -1
368 365 367 4
369 88 363 -1
370 25 86 -1
371 8 369 -1
372 56 371 -1
373 370 372 -1
374 90 373 28
375 24 110 -1
376 143 156 -1
377 120 376 -1
378 44 375 -1
379 108 377 -1
380 378 379 12
381 63 116 -1
382 79 155 -1
383 84 87 -1
384 381 382 -1
385 85 384 -1
386 383 385 43
