56 6 15 -1
57 30 39 -1
58 38 47 -1
59 22 31 -1
60 46 55 -1
61 7 54 -1
62 14 23 -1
63 8 24 -1
64 32 48 -1
65 0 40 -1
66 10 16 -1
67 16 49 -1
68 5 44 -1
69 13 52 -1
70 4 21 -1
71 12 29 -1
72 36 53 -1
73 20 37 -1
74 28 45 -1
75 18 35 -1
76 26 43 -1
77 34 51 -1
78 3 42 -1
79 11 50 -1
80 2 19 -1
81 31 67 -1
82 32 62 -1
83 17 33 -1
84 9 47 -1
85 23 41 -1
86 9 25 -1
87 1 41 -1
88 39 40 -1
89 17 55 -1
90 59 88 -1
91 7 8 -1
92 60 91 -1
93 54 56 -1
94 30 58 -1
95 29 59 -1
96 15 61 -1
97 45 58 -1
98 57 84 -1
99 13 96 -1
100 21 62 -1
101 48 54 -1
102 53 60 -1
103 0 14 -1
104 1 24 -1
105 27 66 -1
106 8 28 -1
107 4 40 -1
108 16 64 -1
109 50 65 -1
110 34 63 -1
111 49 86 -1
112 22 92 -1
113 38 39 -1
114 0 25 -1
115 26 66 -1
116 32 115 -1
117 15 83 -1
118 94 100 -1
119 50 105 -1
120 44 79 -1
121 18 110 -1
122 87 119 -1
123 56 85 -1
124 57 82 -1
125 46 124 -1
126 6 125 -1
127 55 97 -1
128 8 67 -1
129 107 119 -1
130 19 33 -1
131 80 120 -1
132 37 90 -1
133 35 68 -1
134 17 77 -1
135 2 42 -1
136 58 89 -1
137 76 81 -1
138 56 71 -1
139 43 79 -1
140 48 83 -1
141 10 117 -1
142 122 141 25
143 19 52 -1
144 36 78 -1
145 27 72 -1
146 9 76 -1
147 86 98 -1
148 20 144 -1
149 0 6 -1
150 140 145 -1
151 51 71 -1
152 43 70 -1
153 3 73 -1
154 68 103 -1
155 12 75 -1
156 36 128 -1
157 11 89 -1
158 12 77 -1
159 143 155 -1
160 80 156 -1
161 121 128 -1
162 129 161 50
163 109 136 -1
164 63 163 0
165 121 130 -1
166 131 165 10
167 61 73 -1
168 125 167 -1
169 95 168 22
170 41 116 -1
171 135 143 -1
172 170 171 2
173 148 150 -1
174 139 173 -1
175 136 174 3
176 1 110 -1
177 48 176 -1
178 90 177 16
179 2 108 -1
180 25 92 -1
181 179 180 48
182 65 82 -1
183 137 182 -1
184 43 183 24
185 18 123 -1
186 63 64 -1
187 185 186 32
188 64 72 -1
189 127 188 -1
190 126 189 6
191 42 98 -1
192 108 191 -1
193 0 192 8
194 1 83 -1
195 116 137 -1
196 194 195 9
197 93 94 -1
198 132 197 -1
199 74 198 14
200 42 111 -1
201 91 200 -1
202 130 201 33
203 95 113 -1
204 85 203 -1
205 112 204 15
206 34 157 -1
207 114 206 -1
208 87 207 41
209 50 114 -1
210 144 209 -1
211 115 210 18
212 106 134 -1
213 135 212 -1
214 18 213 -1
215 48 214 26
216 59 154 -1
217 61 102 -1
218 58 216 -1
219 217 218 54
220 99 147 -1
221 101 220 -1
222 22 221 -1
223 23 222 31
224 24 35 -1
225 200 224 -1
226 135 225 -1
227 85 226 17
228 93 127 -1
229 23 104 -1
230 228 229 -1
231 113 230 55
232 86 87 -1
233 88 232 -1
234 18 233 -1
235 51 234 1
236 31 217 -1
237 98 126 -1
238 54 237 -1
239 236 238 47
240 103 118 -1
241 89 117 -1
242 240 241 -1
243 31 242 23
244 6 99 -1
245 4 118 -1
246 16 245 -1
247 244 246 38
248 84 140 -1
249 3 49 -1
250 26 248 -1
251 249 250 49
252 10 146 -1
253 34 109 -1
254 20 252 -1
255 253 254 34
256 132 134 -1
257 129 139 -1
258 116 256 -1
259 257 258 19
260 3 160 -1
261 43 99 -1
262 105 260 -1
263 261 262 43
264 65 96 -1
265 24 66 -1
266 33 264 -1
267 265 266 40
268 39 44 -1
269 19 147 -1
270 95 133 -1
271 97 270 -1
272 81 271 -1
273 69 272 5
274 5 112 -1
275 69 274 -1
276 57 93 -1
277 275 276 46
278 1 171 -1
279 64 159 -1
280 26 279 -1
281 278 280 42
282 54 136 -1
283 218 268 -1
284 264 283 -1
285 282 284 39
286 120 185 -1
287 21 286 -1
288 122 287 -1
289 35 288 -1
290 51 289 35
291 38 60 -1
292 59 291 -1
293 138 292 -1
294 100 293 -1
295 24 294 30
296 45 158 -1
297 40 296 -1
298 74 101 -1
299 35 78 -1
300 269 297 -1
301 299 300 11
302 67 298 -1
303 296 302 -1
304 152 303 -1
305 268 304 4
306 37 58 -1
307 46 81 -1
308 113 306 -1
309 307 308 -1
310 96 309 7
311 38 154 -1
312 40 138 -1
313 102 312 -1
314 13 153 -1
315 89 313 -1
316 314 315 37
317 30 37 -1
318 69 104 -1
319 102 318 -1
320 317 319 -1
321 152 320 53
322 13 149 -1
323 148 322 -1
324 47 323 -1
325 318 324 -1
326 151 325 52
327 95 130 -1
328 74 327 -1
329 72 322 -1
330 328 329 21
331 145 311 -1
332 85 308 -1
333 331 332 -1
334 8 333 -1
335 240 334 13
336 82 188 -1
337 130 336 -1
338 279 337 -1
339 28 331 -1
340 338 339 20
341 25 298 -1
342 100 341 -1
343 73 342 -1
344 11 343 -1
345 5 344 29
346 131 180 -1
347 114 133 -1
348 41 51 -1
349 347 348 -1
350 106 349 -1
351 346 350 51
352 62 265 -1
353 81 159 -1
354 252 352 -1
355 249 353 -1
356 71 355 -1
357 354 356 27
358 32 70 -1
359 61 84 -1
360 5 358 -1
361 97 359 -1
362 360 361 -1
363 151 362 45
364 91 297 -1
365 11 68 -1
366 214 364 -1
367 270 356 -1
368 365 367 -1
369 366 368 -1
370 144 369 36
371 69 156 -1
372 35 41 -1
373 107 307 -1
374 20 76 -1
375 371 374 -1
376 372 373 -1
377 375 376 12
378 20 268 -1
379 4 141 -1
380 24 47 -1
381 150 378 -1
382 269 379 -1
383 380 382 -1
384 381 383 28
385 9 82 -1
386 4 120 -1
387 55 106 -1
388 23 387 -1
389 153 388 -1
390 386 389 -1
391 385 390 44
