56 31 55 -1
57 7 47 -1
58 15 23 -1
59 39 54 -1
60 16 40 -1
61 0 32 -1
62 16 48 -1
63 8 32 -1
64 24 48 -1
65 0 24 -1
66 8 40 -1
67 6 22 -1
68 14 38 -1
69 30 46 -1
70 56 58 -1
71 57 70 -1
72 39 71 -1
73 59 67 -1
74 68 73 -1
75 69 74 -1
76 5 46 -1
77 30 45 -1
78 13 54 -1
79 37 53 -1
80 5 21 -1
81 14 29 -1
82 1 25 -1
83 9 41 -1
84 25 49 -1
85 9 33 -1
86 17 49 -1
87 1 33 -1
88 17 41 -1
89 18 42 -1
90 38 65 -1
91 79 80 -1
92 22 66 -1
93 6 64 -1
94 2 26 -1
95 10 42 -1
96 26 50 -1
97 10 34 -1
98 18 50 -1
99 2 34 -1
100 53 55 -1
101 4 21 -1
102 12 29 -1
103 61 81 -1
104 36 47 -1
105 19 51 -1
106 3 35 -1
107 19 43 -1
108 3 27 -1
109 11 43 -1
110 20 31 -1
111 7 52 -1
112 28 45 -1
113 11 35 -1
114 27 51 -1
115 20 44 -1
116 31 86 -1
117 15 87 -1
118 47 85 -1
119 23 83 -1
120 7 84 -1
121 62 77 -1
122 45 53 -1
123 46 72 -1
124 44 123 -1
125 53 102 -1
126 13 55 -1
127 15 75 -1
128 76 92 -1
129 58 127 -1
130 59 60 -1
131 37 39 -1
132 23 52 -1
133 13 67 -1
134 81 91 -1
135 128 133 -1
136 12 112 -1
137 37 110 -1
138 100 115 -1
139 13 36 -1
140 4 139 -1
141 61 118 -1
142 121 141 8
143 71 125 -1
144 103 143 47
145 60 103 -1
146 116 145 24
147 38 94 -1
148 84 119 -1
149 147 148 17
150 72 126 -1
151 112 150 -1
152 121 151 31
153 18 135 -1
154 134 153 -1
155 3 154 37
156 20 128 -1
157 123 156 -1
158 47 157 39
159 60 117 -1
160 65 159 -1
161 78 160 40
162 15 124 -1
163 29 162 -1
164 63 163 15
165 92 131 -1
166 82 165 -1
167 64 166 16
168 40 114 -1
169 33 44 -1
170 83 89 -1
171 82 170 -1
172 59 171 1
173 6 86 -1
174 96 118 -1
175 173 174 49
176 131 132 -1
177 72 176 -1
178 130 177 7
179 22 85 -1
180 95 179 -1
181 120 180 33
182 66 90 -1
183 100 182 -1
184 88 183 0
185 63 120 -1
186 62 185 -1
187 76 186 48
188 21 93 -1
189 63 119 -1
190 188 189 32
191 64 168 -1
192 30 98 -1
193 88 192 -1
194 117 193 25
195 97 191 -1
196 7 195 -1
197 98 196 50
198 87 116 -1
199 46 198 -1
200 97 199 9
201 75 101 -1
202 19 123 -1
203 201 202 -1
204 56 203 38
205 100 104 -1
206 22 205 -1
207 51 129 -1
208 206 207 6
209 21 39 -1
210 104 209 -1
211 70 90 -1
212 210 211 23
213 30 162 -1
214 129 213 -1
215 3 76 -1
216 214 215 54
217 4 45 -1
218 93 217 -1
219 31 218 -1
220 72 219 55
221 6 7 -1
222 35 137 -1
223 221 222 -1
224 129 223 22
225 75 102 -1
226 27 70 -1
227 225 226 -1
228 59 227 30
229 55 99 -1
230 82 229 -1
231 14 88 -1
232 230 231 41
233 11 126 -1
234 111 233 -1
235 127 234 -1
236 38 235 46
237 89 94 -1
238 15 237 -1
239 61 106 -1
240 48 238 -1
241 239 240 42
242 9 103 -1
243 22 122 -1
244 134 243 -1
245 26 62 -1
246 244 245 -1
247 11 246 -1
248 54 247 29
249 89 105 -1
250 8 249 -1
251 31 62 -1
252 99 251 -1
253 250 252 26
254 32 94 -1
255 60 254 -1
256 95 255 -1
257 107 256 -1
258 55 257 2
259 92 111 -1
260 2 17 -1
261 139 260 -1
262 136 259 -1
263 261 262 36
264 239 242 -1
265 24 107 -1
266 52 110 -1
267 265 266 -1
268 264 267 27
269 97 109 -1
270 23 269 -1
271 0 270 -1
272 66 96 -1
273 271 272 34
274 63 91 -1
275 42 77 -1
276 27 68 -1
277 275 276 -1
278 274 277 13
279 33 108 -1
280 138 279 -1
281 38 280 -1
282 48 109 -1
283 281 282 3
284 14 112 -1
285 43 127 -1
286 284 285 -1
287 31 286 -1
288 47 287 14
289 95 96 -1
290 65 108 -1
291 39 289 -1
292 16 290 -1
293 291 292 18
294 43 78 -1
295 2 91 -1
296 69 294 -1
297 295 296 -1
298 64 297 53
299 24 98 -1
300 113 299 -1
301 63 300 -1
302 47 301 -1
303 99 302 10
304 34 101 -1
305 130 304 -1
306 49 136 -1
307 305 306 -1
308 44 307 4
309 45 242 -1
310 50 284 -1
311 101 310 -1
312 134 311 -1
313 309 312 -1
314 138 313 44
315 13 131 -1
316 244 315 -1
317 10 51 -1
318 74 316 -1
319 317 318 -1
320 61 319 45
321 29 79 -1
322 65 77 -1
323 34 322 -1
324 133 323 -1
325 19 321 -1
326 324 325 21
327 9 140 -1
328 132 137 -1
329 189 328 -1
330 46 329 -1
331 327 330 -1
332 26 331 12
333 12 77 -1
334 25 106 -1
335 40 105 -1
336 104 335 -1
337 334 336 -1
338 333 337 11
339 8 108 -1
340 54 140 -1
341 15 339 -1
342 49 107 -1
343 341 342 -1
344 340 343 43
345 125 217 -1
346 219 266 -1
347 42 346 -1
348 1 345 -1
349 104 347 -1
350 348 349 52
351 90 169 -1
352 132 351 -1
353 5 28 -1
354 102 352 -1
355 353 354 -1
356 18 355 20
357 4 17 -1
358 28 63 -1
359 109 358 -1
360 168 359 -1
361 357 360 -1
362 165 361 19
363 113 259 -1
364 28 41 -1
365 128 363 -1
366 0 105 -1
367 364 366 -1
368 365 367 51
369 93 254 -1
370 68 369 -1
371 153 247 -1
372 301 370 -1
373 295 372 -1
374 371 373 5
375 113 188 -1
376 12 58 -1
377 159 191 -1
378 375 377 -1
379 169 376 -1
380 378 379 35
381 205 308 -1
382 186 328 -1
383 270 382 -1
384 178 333 -1
385 359 383 -1
386 381 384 -1
387 385 386 28
