56 8 32 -1
57 24 48 -1
58 16 40 -1
59 7 31 -1
60 15 39 -1
61 23 55 -1
62 0 32 -1
63 6 47 -1
64 8 40 -1
65 14 46 -1
66 22 54 -1
67 5 38 -1
68 0 24 -1
69 30 53 -1
70 16 48 -1
71 17 49 -1
72 9 33 -1
73 25 41 -1
74 26 50 -1
75 10 42 -1
76 6 29 -1
77 2 34 -1
78 13 46 -1
79 14 37 -1
80 21 54 -1
81 22 45 -1
82 20 36 -1
83 4 44 -1
84 12 28 -1
85 19 43 -1
86 3 27 -1
87 11 35 -1
88 47 59 -1
89 1 73 -1
90 18 50 -1
91 74 75 -1
92 10 51 -1
93 77 90 -1
94 34 91 -1
95 41 57 -1
96 38 61 -1
97 15 96 -1
98 60 63 -1
99 30 47 -1
100 7 99 -1
101 66 88 -1
102 22 37 -1
103 20 55 -1
104 52 84 -1
105 51 87 -1
106 12 105 -1
107 71 72 -1
108 17 55 -1
109 9 89 -1
110 25 107 -1
111 36 97 -1
112 49 109 -1
113 64 95 -1
114 32 58 -1
115 68 114 -1
116 45 57 -1
117 28 100 -1
118 7 104 -1
119 92 93 -1
120 18 42 -1
121 42 56 -1
122 13 81 -1
123 29 46 -1
124 31 65 -1
125 14 109 -1
126 123 124 -1
127 45 80 -1
128 5 22 -1
129 32 102 -1
130 39 129 -1
131 39 61 -1
132 65 101 -1
133 44 67 -1
134 69 76 -1
135 82 118 -1
136 56 59 -1
137 26 41 -1
138 37 78 -1
139 14 53 -1
140 83 84 -1
141 52 58 -1
142 21 27 -1
143 6 23 -1
144 4 61 -1
145 18 76 -1
146 19 143 -1
147 44 106 -1
148 38 53 -1
149 5 46 -1
150 35 103 -1
151 55 85 -1
152 43 147 -1
153 86 150 -1
154 151 153 -1
155 52 154 -1
156 27 40 -1
157 45 117 -1
158 135 157 -1
159 13 54 -1
160 15 159 -1
161 115 126 -1
162 71 161 24
163 77 108 -1
164 125 163 41
165 34 110 -1
166 89 113 -1
167 130 166 16
168 1 115 -1
169 98 116 -1
170 144 169 55
171 108 148 -1
172 0 171 -1
173 113 172 0
174 7 22 -1
175 75 174 -1
176 110 175 33
177 44 131 -1
178 136 177 -1
179 123 178 15
180 33 160 -1
181 168 180 -1
182 56 181 40
183 39 112 -1
184 120 183 -1
185 54 184 1
186 7 57 -1
187 156 186 -1
188 119 187 50
189 77 114 -1
190 94 151 -1
191 189 190 2
192 0 19 -1
193 102 141 -1
194 101 193 -1
195 60 194 7
196 9 155 -1
197 126 196 -1
198 24 197 27
199 125 165 -1
200 10 199 -1
201 124 200 9
202 1 107 -1
203 63 202 -1
204 74 203 49
205 55 133 -1
206 3 132 -1
207 205 206 54
208 99 115 -1
209 72 208 -1
210 116 209 8
211 137 163 -1
212 96 211 -1
213 165 212 17
214 60 128 -1
215 59 214 -1
216 64 215 -1
217 103 216 39
218 1 147 -1
219 16 142 -1
220 146 218 -1
221 219 220 35
222 34 122 -1
223 192 222 -1
224 134 223 -1
225 24 224 21
226 17 27 -1
227 140 152 -1
228 130 227 -1
229 226 228 19
230 136 140 -1
231 138 230 -1
232 135 137 -1
233 231 232 12
234 68 174 -1
235 80 101 -1
236 111 234 -1
237 235 236 23
238 23 70 -1
239 13 117 -1
240 60 239 -1
241 238 240 31
242 68 86 -1
243 16 242 -1
244 94 243 -1
245 39 244 18
246 15 90 -1
247 30 112 -1
248 246 247 -1
249 107 248 25
250 17 122 -1
251 64 135 -1
252 2 250 -1
253 251 252 36
254 62 92 -1
255 67 254 -1
256 127 255 -1
257 76 256 45
258 61 139 -1
259 12 62 -1
260 88 258 -1
261 259 260 47
262 87 121 -1
263 24 93 -1
264 47 263 -1
265 262 264 10
266 43 157 -1
267 38 101 -1
268 266 267 -1
269 98 268 14
270 25 155 -1
271 158 270 -1
272 51 271 -1
273 156 272 11
274 69 142 -1
275 67 79 -1
276 121 274 -1
277 275 276 13
278 9 21 -1
279 113 114 -1
280 278 279 -1
281 143 280 32
282 51 69 -1
283 98 282 -1
284 111 283 -1
285 65 284 6
286 3 139 -1
287 138 145 -1
288 64 287 -1
289 286 288 37
290 131 150 -1
291 99 132 -1
292 37 291 -1
293 290 292 22
294 166 168 -1
295 7 49 -1
296 149 295 -1
297 294 296 48
298 14 97 -1
299 80 100 -1
300 298 299 -1
301 144 300 -1
302 146 301 38
303 132 142 -1
304 139 300 -1
305 12 134 -1
306 303 304 -1
307 305 306 30
308 118 192 -1
309 3 149 -1
310 106 308 -1
311 41 309 -1
312 310 311 51
313 48 152 -1
314 12 148 -1
315 313 314 -1
316 33 315 -1
317 153 316 3
318 79 127 -1
319 11 70 -1
320 26 318 -1
321 128 319 -1
322 320 321 29
323 64 120 -1
324 190 192 -1
325 11 61 -1
326 324 325 -1
327 323 326 34
328 57 244 -1
329 35 246 -1
330 156 189 -1
331 328 330 -1
332 329 331 42
333 136 192 -1
334 91 115 -1
335 333 334 -1
336 27 188 -1
337 335 336 26
338 58 123 -1
339 35 338 -1
340 50 67 -1
341 122 340 -1
342 339 341 5
343 127 140 -1
344 34 109 -1
345 183 344 -1
346 141 345 -1
347 343 346 4
348 2 57 -1
349 138 348 -1
350 43 349 -1
351 69 350 -1
352 80 351 53
353 1 42 -1
354 134 158 -1
355 116 353 -1
356 4 355 -1
357 354 356 52
358 260 305 -1
359 291 358 -1
360 319 359 -1
361 29 241 -1
362 104 360 -1
363 361 362 46
364 104 145 -1
365 68 133 -1
366 36 365 -1
367 364 366 -1
368 33 143 -1
369 367 368 20
370 38 50 -1
371 62 140 -1
372 9 370 -1
373 275 371 -1
374 103 373 -1
375 372 374 44
376 4 154 -1
377 8 160 -1
378 82 377 -1
379 49 376 -1
380 87 379 -1
381 378 380 43
382 282 378 -1
383 254 382 -1
384 239 299 -1
385 83 384 -1
386 294 385 -1
387 383 386 28
