56 15 31 -1
57 39 55 -1
58 7 47 -1
59 6 22 -1
60 14 30 -1
61 38 54 -1
62 23 60 -1
63 0 32 -1
64 16 40 -1
65 16 48 -1
66 8 32 -1
67 0 24 -1
68 46 55 -1
69 30 57 -1
70 8 40 -1
71 24 48 -1
72 23 58 -1
73 15 59 -1
74 53 56 -1
75 47 61 -1
76 7 21 -1
77 1 17 -1
78 33 49 -1
79 9 25 -1
80 29 45 -1
81 10 26 -1
82 5 54 -1
83 2 42 -1
84 34 50 -1
85 4 44 -1
86 20 36 -1
87 19 35 -1
88 11 51 -1
89 3 43 -1
90 12 28 -1
91 65 68 -1
92 68 73 -1
93 13 72 -1
94 19 81 -1
95 18 79 -1
96 42 78 -1
97 52 89 -1
98 28 87 -1
99 41 50 -1
100 10 77 -1
101 43 84 -1
102 20 27 -1
103 48 83 -1
104 29 86 -1
105 31 70 -1
106 11 18 -1
107 13 80 -1
108 4 88 -1
109 84 99 -1
110 21 53 -1
111 37 39 -1
112 18 27 -1
113 45 57 -1
114 37 69 -1
115 7 14 -1
116 86 102 -1
117 72 113 -1
118 22 107 -1
119 38 105 -1
120 6 66 -1
121 74 85 -1
122 47 96 -1
123 1 99 -1
124 17 26 -1
125 103 124 -1
126 56 76 -1
127 62 64 -1
128 6 68 -1
129 51 103 -1
130 71 104 -1
131 40 101 -1
132 0 94 -1
133 41 63 -1
134 24 131 -1
135 11 102 -1
136 44 51 -1
137 35 136 -1
138 12 19 -1
139 21 62 -1
140 92 139 -1
141 110 111 -1
142 22 33 -1
143 119 142 -1
144 43 70 -1
145 116 144 -1
146 46 69 -1
147 12 52 -1
148 25 55 -1
149 109 148 -1
150 3 138 -1
151 49 89 -1
152 9 115 -1
153 54 152 -1
154 34 112 -1
155 28 44 -1
156 5 147 -1
157 2 106 -1
158 36 52 -1
159 111 155 -1
160 4 20 -1
161 45 158 -1
162 3 50 -1
163 13 160 -1
164 9 132 -1
165 131 164 34
166 1 71 -1
167 143 166 16
168 94 130 -1
169 121 168 28
170 129 132 -1
171 38 90 -1
172 140 171 30
173 29 117 -1
174 119 173 15
175 65 170 -1
176 133 175 2
177 97 122 -1
178 61 177 -1
179 135 178 3
180 62 95 -1
181 97 180 -1
182 98 181 27
183 14 152 -1
184 122 125 -1
185 183 184 49
186 71 117 -1
187 72 114 -1
188 33 124 -1
189 63 187 -1
190 126 189 23
191 98 128 -1
192 108 191 -1
193 123 192 51
194 156 170 -1
195 58 168 -1
196 194 195 52
197 40 123 -1
198 57 197 -1
199 95 198 1
200 56 188 -1
201 123 200 -1
202 16 201 25
203 8 129 -1
204 17 203 -1
205 154 204 26
206 33 153 -1
207 64 67 -1
208 206 207 40
209 141 145 -1
210 5 209 -1
211 60 210 13
212 25 91 -1
213 1 120 -1
214 212 213 48
215 69 126 -1
216 5 215 -1
217 127 216 39
218 70 157 -1
219 33 218 -1
220 134 219 10
221 72 122 -1
222 8 95 -1
223 221 222 33
224 47 126 -1
225 141 224 -1
226 91 225 7
227 75 128 -1
228 25 49 -1
229 127 228 -1
230 63 229 24
231 137 149 -1
232 146 150 -1
233 231 232 11
234 32 100 -1
235 31 234 -1
236 122 235 9
237 56 149 -1
238 63 235 -1
239 237 238 41
240 10 134 -1
241 151 240 -1
242 112 241 50
243 92 121 -1
244 14 75 -1
245 243 244 54
246 15 117 -1
247 67 82 -1
248 246 247 55
249 62 158 -1
250 113 249 -1
251 227 250 6
252 9 91 -1
253 133 252 -1
254 69 253 8
255 108 145 -1
256 124 255 -1
257 143 256 19
258 74 93 -1
259 120 258 -1
260 55 259 47
261 56 186 -1
262 118 261 -1
263 55 262 31
264 73 100 -1
265 135 137 -1
266 264 265 35
267 10 66 -1
268 166 267 -1
269 41 268 -1
270 264 269 32
271 23 156 -1
272 154 159 -1
273 63 271 -1
274 272 273 20
275 82 115 -1
276 59 147 -1
277 146 276 -1
278 275 277 46
279 65 75 -1
280 82 137 -1
281 118 279 -1
282 280 281 5
283 93 160 -1
284 61 62 -1
285 73 283 -1
286 284 285 38
287 2 138 -1
288 151 153 -1
289 116 287 -1
290 288 289 43
291 45 188 -1
292 185 237 -1
293 291 292 -1
294 261 293 17
295 32 106 -1
296 35 295 -1
297 77 296 -1
298 125 297 42
299 140 227 -1
300 104 224 -1
301 46 300 -1
302 299 301 22
303 63 73 -1
304 98 107 -1
305 74 304 -1
306 303 305 21
307 135 187 -1
308 82 139 -1
309 307 308 -1
310 186 309 29
311 49 75 -1
312 17 311 -1
313 67 70 -1
314 312 313 0
315 13 67 -1
316 141 146 -1
317 97 316 -1
318 315 317 53
319 31 92 -1
320 114 319 -1
321 155 320 -1
322 61 321 14
323 162 207 -1
324 218 268 -1
325 25 298 -1
326 323 324 -1
327 325 326 18
328 38 80 -1
329 82 108 -1
330 76 328 -1
331 66 330 -1
332 329 331 45
333 64 161 -1
334 23 333 -1
335 76 157 -1
336 90 334 -1
337 335 336 36
338 45 267 -1
339 162 283 -1
340 246 339 -1
341 159 340 -1
342 338 341 44
343 85 110 -1
344 57 90 -1
345 65 344 -1
346 343 345 -1
347 101 346 4
348 127 316 -1
349 113 348 -1
350 118 140 -1
351 232 350 -1
352 349 351 37
353 26 161 -1
354 78 163 -1
355 105 354 -1
356 353 355 -1
357 122 356 -1
358 35 357 12
